O=C(NCC(Oc1ccc2c(cnn2-c2ccc3c(c2)OCCO3)c1)c1ccc2c(c1)CCC2)c1ccccn1
O=C(NCC(Oc1ccc2c(cnn2-c2nccnc2-c2cncnc2)c1)c1ccccc1)c1ccno1
O=C(NCC(Oc1ccc2c(cnn2-c2cccc(N3CCCC4(CCCO4)C3)n2)c1)c1ccc2c(c1)OCCO2)C1CCC1
O=C(NCC(Oc1ccc2c(cnn2-c2ccccn2)c1)c1ccccc1)c1ccccc1
O=C(NCC(Oc1ccc2c(cnn2-c2ncnc3[nH]cnc23)c1)c1ccc2c(c1)OCCCO2)c1ccccc1
O=C(NCC(Oc1ccc2c(cnn2-c2cc(-c3ccco3)n[nH]2)c1)c1ccccc1)C1COCCO1
O=C(NCC(Nc1ccccc1)C(Oc1ccc2c(cnn2-c2cn[nH]c2)c1)c1ccc2c(c1)OCCC2)C1CCCN1
O=C(NCC(Oc1ccc2c(cnn2-c2nccc3ccncc23)c1)c1ccc2c(c1)OCCO2)c1ccn[nH]1
O=C(NCC(Oc1ccc2c(cnn2-c2cc(-n3ccnc3)ccn2)c1)c1ccc2c(c1)OCCO2)c1ccn[nH]1
O=C(NCC(Oc1ccc2c(cnn2-c2ccc3nccn3c2)c1)c1ccc2c(c1)CCO2)c1ccsc1
O=C(NCC(Oc1ccc2c(cnn2-c2cc3ccccc3cn2)c1)c1ccccn1)c1ccccc1
O=C(NCC(Oc1ccc2c(cnn2-c2cc3cccnc3cn2)c1)c1ccc2c(c1)OCCO2)c1ccncc1
O=C(NCC(Oc1ccc2c(cnn2-c2ccc3n[nH]cc3c2)c1)c1ccccc1)c1cccnc1
O=C(Cc1ccnc2ccccc12)NCC(Oc1ccc2c(cnn2-c2cn[nH]c2)c1)c1ccccn1
O=C(NCC(Oc1ccc2c(cnn2-c2ccc3ncnn3c2)c1)c1ccc2c(c1)CCCC2)c1cccs1
O=C(NCC(Oc1ccc2c(cnn2-c2nnc3ccccn23)c1)c1ccc2c(c1)OCCO2)c1cnoc1
c1cncc(-n2nnc3ccc(-n4ncc5cc(OCc6ccc7c(c6)OCCO7)ccc54)cc32)c1
O=C1CCC(C(=O)NCC(Oc2ccc3c(cnn3-c3cccn4ncnc34)c2)c2cccnc2)CC1
c1ccc(-c2cccc(-n3ncc4cc(OCc5ccc6c(c5)OCCO6)ccc43)c2)nc1
O=C(NCC(Oc1ccc2c(cnn2-c2ccc3c(c2)CCNC3)c1)c1ccc2c(c1)CCO2)C12CCCC1CC2
O=C(NCC(Oc1ccc2c(cnn2-c2cnn(C3CCNCC3)c2)c1)c1ccc2c(c1)OCCO2)c1cccs1
c1ccc(CC2CCN(c3ccnc(-n4ncc5cc(OCc6ccc7c(c6)OCCO7)ccc54)n3)C2)nc1
O=C(NCC(Oc1ccc2c(cnn2-c2nn[nH]n2)c1)c1ccc2c(c1)OCCO2)c1cnc2ccncc2c1
O=C(NCC(Oc1ccc2c(cnn2-c2ccncn2)c1)c1ccc2c(c1)OCCO2)c1cnc[nH]1
c1cncc(-c2nc(-c3ccncc3)c3n2CCOCC3)c1
O=C(NCC(Oc1cc2cnn(-c3nnn[nH]3)c2s1)c1ccc2c(c1)CCCO2)c1ccc2ccccc2c1
O=C(NCC(Oc1ccc2c(cnn2-c2cccc3cccnc23)c1)c1ccc2c(c1)OCCN2)c1cn2ccccc2n1
O=C(NCC(Oc1ccc2c(cnn2-c2ccccn2)c1)c1ccccc1)c1cccc2c1NCC2
O=C(NCC(Oc1ccc2c(cnn2-c2cc3ccccc3cn2)c1)c1ccccc1)c1cccs1
c1ccc(-c2cccnc2-n2ncc3cc(OCc4ccc5c(c4)OCCCO5)ccc32)cc1
O=C(NCC(Oc1ccc2c(cnn2-c2nccc3ccccc23)c1)c1ccc2c(c1)OCCO2)c1cn(-c2ccccc2)c(=O)[nH]c1=O
O=C(c1ccc2ccccc2n1)N1CCc2cc(COc3ccc4c(cnn4-c4ccccc4)c3)ccc2C1
O=C(NCC(Oc1ccc2c(cnn2-c2ncco2)c1)c1ccc2c(c1)CCC2)c1cccs1
c1cncc(-n2ncc3cc(OCc4cccs4)ccc32)c1
O=C(NCC(Oc1ccc2c(cnn2-c2ccccc2)c1)c1ccc2c(c1)OCCO2)c1ncc[nH]1
O=C(NCC(Oc1ccc2c(cnn2-c2nccc3cccnc23)c1)c1ccc2c(c1)CCC2)c1cccc2cc[nH]c12
O=C(NCC(Oc1ccc2c(cnn2-c2cc3c(cn2)CN(C2CCCC2)CC3)c1)c1ccc2c(c1)CCO2)c1ccn[nH]1
O=C(Cn1ncc(-c2ccccc2)n1)NCC(Oc1ccc2c(cnn2-c2ncccn2)c1)c1ccc2c(c1)OCCO2
O=C(NCC(Oc1ccc2c(cnn2-c2nccs2)c1)c1ccc2c(c1)OCCO2)c1c[nH]nn1
O=C(NCC(Oc1ccc2c(cnn2-c2nn[nH]n2)c1)c1ccc2c(c1)OCC2)C1CCCCC1
O=C(NCC(Oc1ccc2c(cnn2-c2nn[nH]n2)c1)c1ccc2c(c1)OCCO2)c1cnn2c1CCCC2
O=C(NCC(Oc1ccc2c(cnn2-c2cn[nH]c2)c1)c1ccc2c(c1)OCCO2)c1ccccn1
O=C(NCC(Oc1ccc2c(cnn2-c2cc3c(cn2)CNCC3)c1)c1cncnc1)c1cnco1
O=C(NCC(Oc1ccc2c(cnn2-c2cncnc2)c1)c1ccc2c(c1)OCCO2)c1ccco1
O=C(NCC(Oc1ccc2c(cnn2-c2ccncn2)c1)c1ccc2ccccc2c1)C1COCCN1
O=C(NCC(Oc1ccc2c(cnn2-c2cccc(-n3ncc4ccccc43)c2)c1)c1ccccc1)c1ccc2ccccc2c1
O=C(NCC(Oc1ccc2c(cnn2-c2cc(-c3ccccc3)no2)c1)c1ccc2c(c1)OCCO2)c1cnc[nH]1
O=C(NCC(Oc1ccc2c(cnn2-c2nc(C3CC3)cs2)c1)c1ccccc1)c1ncon1
O=C(NCC(Oc1ccc2c(cnn2-c2nccc(N3CCNCC3)n2)c1)c1ccccc1)c1ccncc1
O=C(CCc1ccccc1-n1nccn1)NCC(Oc1ccc2c(cnn2-c2cnccn2)c1)c1ccc2c(c1)OCCO2
O=C(NCC(Oc1ccc2c(cnn2-c2cncc(C3CC3)c2)c1)c1ccccc1)c1ncn2c1CNCC2
O=C(NCC(Oc1ccc2c(cnn2-c2nnco2)c1)c1ccccc1)c1ccsc1
O=C(NCC(Oc1ccc2c(cnn2-c2nccc3ccnn23)c1)c1cncs1)c1cccnc1
O=S(=O)(NCCNc1cccc2c1nnn2-c1ccc(-c2ccccc2)cc1)c1cnoc1
O=C(NCC(Oc1ccc2c(cnn2-c2ccccc2)c1)c1ccccc1)c1cccnc1
O=C1NCc2cnc(-n3ncc4cc(OC(CNC(=O)c5ccccc5)c5ccc6c(c5)OCCO6)ccc43)cc2N1
O=C(NCC(Oc1ccc2c(cnn2-c2cnc3[nH]ncc3n2)c1)c1ccc2c(c1)OCCO2)c1ccco1
O=C(NC1CCC1)c1nnn(-c2ccccc2-n2cccc2)c1-c1ccccc1
c1ccc2ncccc2c1
O=C(NCC(Oc1ccc2c(cnn2-c2nccc3c2CCNC3)c1)c1ccccn1)c1ccns1
O=C(NCC(Oc1ccc2c(cnn2-c2ccc3nn[nH]c3c2)c1)c1ccc2c(c1)OCCCO2)c1cscn1
O=C(NCC(Oc1ccc2c(cnn2-c2cc3c(cn2)COCC3)c1)c1ccc2c(c1)OCCO2)c1cnc2ccccn12
O=C(Cc1ccccc1)NCC(Oc1ccc2c(cnn2-c2ccnc3ccccc23)c1)c1ccc2c(c1)OCCO2
O=C(NCC(Oc1ccc2c(cnn2-c2cc3c(NC4CCCNC4)cccc3cn2)c1)c1ccc2c(c1)OCCO2)c1ccn[nH]1
O=C(NCC(Oc1ccc2c(cnn2-c2ccc3c(c2)CCC3)c1)c1ccc2c(c1)OCCO2)c1ccccc1
O=C(NCC(Oc1ccc2c(cnn2-c2ccccn2)c1)c1ccccc1)c1cnoc1
O=C(NCC(Oc1ccc2c(cnn2-c2cscn2)c1)c1ccc2c(c1)CCO2)c1ccccc1
O=C(NCC(Oc1ccc2c(cnn2-c2ncnc3c2CCC3)c1)c1ccccc1)C1CC1
O=C(Cc1cccs1)NCC(Oc1ccc2c(cnn2-c2cc3[nH]c4ccccc4c3[nH]2)c1)c1ccc2c(c1)CCC2
O=C(NCC(Oc1ccc2c(cnn2-c2ccnc(C3CC3)n2)c1)c1ccc2c(c1)OCCO2)c1cnoc1
O=C(NCC(Oc1ccc2c(cnn2-c2ccc3c(c2)CCNC3)c1)c1ccc2c(c1)CCO2)C1Cc2ccccc2CN1
O=C(NCC(Oc1ccc2c(cnn2-c2ccn3nccc3c2)c1)c1ccc2c(c1)OCCO2)c1ccco1
c1ccc(C2=Nn3c(nnc3-n3ncc4cc(OCc5ccc6c(c5)OCCCO6)ccc43)CC2)cc1
O=C(NCC(Oc1ccc2c(cnn2-c2ccnn2-c2ccccc2)c1)c1ccc2c(c1)OCCO2)c1ccccc1
O=C(NCC(Oc1ccc2c(cnn2-c2ccc(-c3cc[nH]n3)cc2)c1)c1ccc2c(c1)OCCO2)c1cnoc1
O=C(NCC(Oc1ccc2c(cnn2-c2n[nH]c3ccncc23)c1)c1ccncc1)C1CCCOC1
C=C1NN2CCCC2=C1C(=O)NCC(Oc1ccc2c(cnn2-c2ncnc3c2CCC3)c1)c1ccc2c(c1)OCCO2
O=C(NCC(Oc1ccc2c(cnn2-c2nccc3ccccc23)c1)c1ccccc1)c1csnn1
O=C(NCC(Oc1ccc2c(cnn2-c2cccnc2)c1)c1ccc2c(c1)CCNC2)c1cncnc1
O=C(NCC(Oc1ccc2c(cnn2-c2nnc(-c3cncs3)s2)c1)c1ccccc1)c1ccsc1
O=C(NCC(Oc1ccc2c(cnn2-c2cc(-c3cccs3)n[nH]2)c1)c1ccccc1)c1cnccn1
O=C(NCC(Oc1ccc2c(cnn2-c2ncnc3ccccc23)c1)c1ccc2c(c1)OCCO2)c1cncs1
c1cc(-c2ncccc2-c2nn[nH]n2)cc(-n2ncc3cc(OCc4ccc5c(c4)CCC5)ccc32)c1
O=C(NCC(Oc1ccc2c(cnn2-c2ccccn2)c1)c1ccc2c(c1)CCC2)c1cccnc1
O=C(OCC(Oc1ccc2c(cnn2-c2ccccc2)c1)c1cn[nH]c1)c1cn(-c2ccccc2)nc1-c1cccs1
O=C(NCC(Oc1ccc2c(cnn2-c2ccccc2)c1)c1ccc2c(c1)OCCO2)c1ccoc1
O=C(CC1CCCCC1)NCC(Oc1ccc2c(cnn2-c2cc3ccncc3cn2)c1)c1ccc2c(c1)OCCO2
O=C(NCC(Oc1ccc2c(cnn2-c2ccccc2)c1)c1ccc2ccccc2c1)c1cccnc1
O=C(Cc1ccccn1)NCC(Oc1ccc2c(cnn2-c2ccccc2-c2nn[nH]n2)c1)c1ccccc1
c1cc2nc(-n3ncc4cc(OCc5ccc6c(c5)OCCO6)ccc43)ccn2n1
O=C(NCC(Oc1ccc2c(cnn2-c2ccccc2-c2ccncn2)c1)c1ccc2c(c1)OCCO2)c1ccccc1
O=C(NCC(Oc1ccc2c(cnn2-c2cc3ccsc3cn2)c1)c1ccc2c(c1)OCC2)c1cnc2ccccn12
O=C(NCC(Oc1ccc2c(cnn2-c2cncc(N3CCCC3)n2)c1)c1ccccc1)c1ccco1
O=C(NCC(Oc1ccc2c(cnn2-c2ccnc(C3CC3)n2)c1)c1ccccc1)c1cn[nH]c1
O=C(NCC(Oc1ccc2c(cnn2-c2c[nH]nn2)c1)c1ccccc1)c1cccs1
c1cnc2cc3c(ccc4[nH]ccc43)cc2c1
O=C(NCC(Oc1ccc2c(cnn2-c2nccc3cc[nH]c23)c1)c1ccc2c(c1)OCCO2)c1ccn[nH]1
O=C(NCC(Oc1ccc2c(cnn2-c2ccc(-n3ncc4cccnc43)cc2)c1)c1ccccc1)c1nn[nH]n1
O=C(NCC(Oc1ccc2c(cnn2-c2cc[nH]n2)c1)c1ccc2c(c1)OCC2)c1cccs1
O=C(NCC(Oc1ccc2c(cnn2-c2ncc3ccccc3n2)c1)c1ccccc1)c1cccs1
O=C(NCC(Oc1ccc2c(cnn2-c2ccnn2-c2ccccc2)c1)c1ccc2c(c1)OCCO2)c1ccccc1
O=C(CCc1ccccc1)NCC(Oc1ccc2c(cnn2-c2cn(-c3ccccc3)cn2)c1)c1ccc2c(c1)OCCO2
O=C(NCC(Oc1ccc2c(cnn2-c2ncco2)c1)c1ccc2c(c1)CCN(C1CCOCC1)CC2)c1ccco1
O=C(NCC(Oc1ccc2c(cnn2-c2ccccc2)c1)c1ccc2c(c1)OCCO2)c1cccc2ccccc12
O=C(NCC(Oc1ccc2c(cnn2-c2ncnc3[nH]cnc23)c1)c1ccc2c(c1)OCCO2)c1cccnc1
O=C(NCC(Oc1ccc2c(cnn2-c2cc3cnccc3cn2)c1)c1ccc2c(c1)OCCO2)c1ccc2ncsc2c1
O=C(NCC(Oc1ccc2c(cnn2-c2cccc(N3CCCCC3)n2)c1)c1ccc2c(c1)OCCO2)c1ccn[nH]1
O=C(NCC(Oc1ccc2c(cnn2-c2cn(CCC3CCCC3)nn2)c1)c1ccc2c(c1)OCCO2)c1ccccc1
O=C(NCC(Oc1ccc2c(cnn2-c2ccnc(N3CCNCC3)n2)c1)c1ccc2c(c1)OCCO2)c1cccnc1
O=C(NCC(Oc1ccc2c(cnn2-c2nccn2-c2ccccc2)c1)c1ccc2c(c1)OCCO2)C1CCC1
c1ncc(-n2ncc3cc(OCc4ccc5ocnc5c4)ccc32)cn1
O=C(NCC(Oc1ccc2c(cnn2-c2cnsc2)c1)c1ccc2c(c1)OCCO2)c1coc2ccccc12
O=C(NCC(Oc1ccc2c(cnn2-c2nnc(-c3cccnc3)o2)c1)c1ccccc1)c1ccn[nH]1
O=C(NCC(Oc1ccc2c(cnn2-c2nnco2)c1)c1ccc2c(c1)CCO2)c1cccc2nccnc12
O=C(NCC(Oc1ccc2c(cnn2-c2cccc(N3CCOCC3)n2)c1)c1ccc2c(c1)OCCCO2)c1c[nH]c2ccccc12
O=C(NCC(Oc1ccc2c(cnn2-c2cc3ccccc3cn2)c1)c1ccc2c(c1)OCCCO2)c1cnco1
O=C(NCC(Oc1ccc2c(cnn2-c2nc(C3CC3)cnc2C=Cc2ccccn2)c1)c1ccccc1)c1cccs1
O=c1c(-c2cc3cnccc3[nH]2)cc2cncnc2n1-c1ccccc1
O=C(NCC(Oc1ccc2c(cnn2-c2nc3cccnc3o2)c1)c1ccncc1)c1cccnc1
O=C(NCC(Oc1ccc2c(cnn2-c2cc[nH]c(=NC3CC3)n2)c1)c1ccc2c(c1)CCCC2)c1ccn[nH]1
O=C(NCC(Oc1ccc2c(cnn2-c2nccs2)c1)c1ccccc1)c1ccc(=O)oc1
O=C(NCC(Oc1ccc2c(cnn2-c2cncc3ccncc23)c1)c1ccc2c(c1)OCCO2)C1CCOCC1
O=C(CCc1ccccc1)NCC(Oc1ccc2c(cnn2-c2cc(C3CC3)ncn2)c1)c1ccc2c(c1)OCCO2
O=C(NCC(Oc1ccc2c(cnn2-c2cccc3c[nH]nc23)c1)c1ccccc1)c1ccccn1
O=C(NCC(Oc1ccc2c(cnn2-c2cnc3[nH]ccc3c2)c1)c1ccccc1)c1cccnc1
O=C(NCC(Oc1ccc2c(cnn2-c2ccccn2)c1)c1ccc2c(c1)OCCO2)c1ccc(-c2ccncc2)s1
O=C(NCC(Oc1ccc2c(cnn2-c2cnon2)c1)c1ccccc1)c1nn[nH]n1
O=C(NCC(Oc1ccc2c(cnn2-c2cn[nH]n2)c1)c1ccc2c(c1)OCCO2)c1ccco1
O=C(NCC(Oc1ccc2c(cnn2-c2cnc3ccccn23)c1)c1ccc2c(c1)OCCO2)c1ccccc1
O=C(NCC(Oc1ccc2c(cnn2-c2cc3c(cn2)CNCC3)c1)c1cccs1)c1csnn1
O=C(NCC(Oc1ccc2c(cnn2-c2nccc(N3CCNCC3)n2)c1)c1ccccc1)c1cc2ccccc2[nH]1
O=C(NCC(Oc1ccc2c(cnn2-c2cc(-c3cncs3)ccn2)c1)c1ccc2c(c1)OCCO2)c1cnoc1
O=C(NCC(Oc1ccc2c(cnn2-c2cnc3ccccc3c2)c1)c1ccc2c(c1)CCCO2)c1cnccn1
O=C(NCC(Oc1ccc2c(cnn2-c2cc3cnccc3cn2)c1)c1ccc2c(c1)OCCO2)c1cccs1
O=C(NCC(Oc1ccc2c(cnn2-c2nccc3[nH]ccc23)c1)c1ccc2c(c1)OCCCO2)c1cccc2cnccc12
N=c1nc(-n2ncc3cc(OC(CNC(=O)c4cc[nH]n4)c4ccccc4)ccc32)cc[nH]1
C(=Nc1nc(-c2ccccc2)cs1)c1ccccc1-n1ncc2ccccc21
O=C(NCC(Oc1ccc2c(cnn2-c2ncc3ccccc3n2)c1)c1ccccc1)c1ccccc1
O=C(NCC(Oc1ccc2c(cnn2-c2ccccn2)c1)c1ccc2c(c1)OCCC2)c1ccc(-n2cccn2)s1
O=C(NCC(Oc1ccc2c(cnn2-c2nc3ncccc3o2)c1)c1ccc2c(c1)OCCO2)c1cocn1
O=C(NCC(Oc1ccc2c(cnn2-c2ccc3[nH]c(=O)[nH]c3c2)c1)c1ccc2c(c1)OCCO2)c1ccccn1
O=C(NCC(Oc1ccc2c(cnn2-c2cccnn2)c1)c1ccccc1)c1cnn(-c2ccccc2)c1
O=C(NCC(Oc1ccc2c(cnn2-c2cnc3cnccn23)c1)c1ccc2c(c1)OCCO2)c1csnn1
O=C(NCC(Oc1ccc2c(cnn2-c2nn[nH]n2)c1)c1ccc2c(c1)CCC2)c1ccccc1
c1ccc(-n2ncc3cc(OCc4ccc5c(c4)OCCO5)ccc32)c(-c2cocn2)c1
c1ccc2c(c1)ccn2-c1ccc2cc(OCc3ccc4c(c3)OCCN4)ccc2c1
O=C(NCC(Oc1ccc2c(cnn2-c2cccc3cccnc23)c1)c1ccc2c(c1)OCCCO2)c1ncc[nH]1
O=C(NCC(Oc1ccc2c(cnn2-c2nccc3sccc23)c1)c1ccccc1)c1nnco1
O=C(CCCc1ccccc1)NCC(Oc1ccc2c(cnn2-c2ncc3c(n2)CCCC3)c1)c1ccc2c(c1)OCCO2
O=C(NCC(Oc1ccc2c(cnn2-c2ccnc(N3CCOCC3)n2)c1)c1ccccc1)C1CCOCC1
O=C(NCC(Oc1ccc2c(cnn2-c2cc(C3CCOCC3)ncn2)c1)c1ccccc1)c1ccco1
O=C(NCC(Oc1ccc2c(cnn2-c2cn[nH]c2)c1)c1ccccn1)c1ccccc1
O=C(NCC(Oc1ccc2c(cnn2-c2cc3[nH]ncc3cn2)c1)c1ccc2c(c1)OCCCO2)c1ccc2c(c1)OCCO2
O=C(NCC(Oc1ccc2c(cnn2-c2cccc(-c3ccccc3)n2)c1)c1ccc2c(c1)OCCO2)C1COCCO1
c1cc2cc(-n3ncc4cc(OCc5ccc6c(c5)OCCO6)ccc43)ccc2o1
O=C(NCC(Oc1ccc2c(cnn2-c2nnco2)c1)c1ccc2c(c1)OCCO2)c1noc2c1CCC2
N=c1nc(-n2ncc3cc(OCc4ccc(C5COC5)cc4)ccc32)nc[nH]1
O=C(NCC(Oc1ccc2c(cnn2-c2ccnc(N3CCCCC3)n2)c1)c1ccccc1)c1cnn2cccnc12
O=C(NCC(Oc1ccc2c(cnn2-c2ccccc2)c1)c1ccc2c(c1)OCCO2)c1cnc(-c2ccccc2)s1
O=C(NCC(Oc1ccc2c(cnn2-c2ccc3[nH]ccc3c2)c1)c1ccc2c(c1)OCCO2)c1cnc2ccccn12
O=C(NCC(Oc1ccc2c(cnn2-c2cccc(N3CCNCC3)n2)c1)c1ccc2c(c1)OCCCO2)c1ccccc1
O=C(NCC(Oc1ccc2c(cnn2-c2n[nH]c3cncnc23)c1)c1ccccc1)C1(c2ccccn2)CCC1
O=C(NCC(Oc1ccc2c(cnn2-c2ncnc3c2cnn3Cc2ccncc2)c1)c1ccc2c(c1)OCCO2)c1ccccc1
O=C(NCC(Oc1ccc2c(cnn2-c2cncc(C3CC3)n2)c1)c1ccccc1)c1cscn1
O=C(NCC(Oc1ccc2c(cnn2-c2cccc(-n3ncc4ccccc4c3=O)c2)c1)c1cccnc1)C1CCCCN1
O=C(NCC(Oc1ccc2c(cnn2-c2cccc(C3CC3)n2)c1)c1ccc2c(c1)OCCCO2)c1cnccn1
O=C(NCC(Oc1ccc2c(cnn2-c2cnc3n(c2=O)CCCC3)c1)c1ccc2c(c1)CCO2)C1CCCCN1
O=C(NCC(Oc1ccc2c(cnn2-c2cccc(-n3ccnc3)c2)c1)c1cccc2ccccc12)c1cocn1
O=C(NCC(Oc1ccc2c(cnn2-c2cccc(-c3cccnc3)c2)c1)c1ccc2c(c1)OCCO2)c1ccccc1
O=C(NCC(Oc1ccc2c(cnn2-c2ncnc3c(NCCc4ccccc4)cccc23)c1)c1ccncc1)c1cocn1
O=C(NCC(Oc1ccc2c(cnn2-c2cc3ccccc3cn2)c1)c1ccc2c(c1)OCCO2)c1cccnn1
O=C(NCC(Oc1ccc2c(cnn2-c2cc3c(cn2)cnn3-c2ccccc2)c1)c1ccc2c(c1)CCO2)C1CCC1
O=C(NCC(Oc1ccc2c(cnn2-c2cc3c(cn2)CC2(CCCCO2)C3)c1)c1ccc2[nH]ccc2c1)c1ccco1
O=C(Cc1cccnc1)NCC(Oc1ccc2c(cnn2-c2noc3c2CCC3)c1)c1ccc2c(c1)OCCO2
O=C(Cc1ccco1)NCC(Oc1ccc2c(cnn2-c2ccnc(C3CC3)n2)c1)c1ccc2c(c1)OCCO2
O=C(CCCc1ccccc1)NCC(Oc1ccc2c(cnn2-c2ccc3cc[nH]c3n2)c1)c1ccc2c(c1)OCCO2
O=C(NCC(Oc1ccc2c(cnn2-c2ccnn2C2CCCCC2)c1)c1ccccc1)c1ccc2c(c1)CNC2
O=C(NCC(Oc1ccc2c(cnn2-c2cccc(N3CCNCC3)n2)c1)c1ccc2c(c1)OCCO2)c1cnccn1
O=C(NCC(Oc1ccc2c(cnn2-c2nccc3[nH]ncc23)c1)c1ccc2c(c1)OCCO2)c1ccc2c(c1)OCCO2
O=C(NCC(Oc1ccc2c(cnn2-c2cc3ccccc3cn2)c1)c1ccc2c(c1)OCCO2)c1cc2ccccc2s1
c1cc(-n2ncc3cc(OCc4ccc5c(c4)OCCCO5)ccc32)[nH]n1
O=S(=O)(c1cn[nH]c1)N1CCN(c2cncc(-n3ncc4cc(OCc5ccc6c(c5)OCCO6)ccc43)n2)CC1
O=C(NCC(Oc1ccc2c(cnn2-c2nccc3c2cnn3-c2ccccc2)c1)c1ccc2cc1C=CO2)C1CC1
O=C(NCC(Oc1ccc2c(cnn2-c2cccnc2)c1)c1ccccc1)C1COc2ccccc2C1
O=C(NCC(Oc1ccc2c(cnn2-c2cc3c(cn2)CNCC3)c1)c1ccccc1)c1cnoc1
O=C(NCC(Oc1ccc2c(cnn2-c2ccccc2-n2cccn2)c1)c1ccc2c(c1)CCO2)c1cccc2ccncc12
O=C(NCC(Oc1ccc2c(cnn2-c2ccc(N3CCC3)nc2)c1)c1ccc2c(c1)OCCO2)c1cncc2ccccc12
O=C(NCC(Oc1ccc2c(cnn2-c2cncnc2)c1)c1ccc2c(c1)OCCO2)c1cnns1
O=C(NCC(Oc1ccc2c(cnn2-c2ncnc3ccsc23)c1)c1ccc2c(c1)OCO2)c1ccncc1
O=C(NCC(Oc1ccc2c(cnn2-c2ccccc2)c1)c1ccc2c(c1)OCCO2)c1ccnc2[nH]ncc12
c1cncc(-n2nnc3cc(-c4ccncn4)ccc32)c1
O=C(NCC(Oc1ccc2c(cnn2-c2ccccc2-c2nnco2)c1)c1ccccc1)c1ncc[nH]1
O=C(NCC(Oc1ccc2c(cnn2-c2cncc3ncccc23)c1)c1ccc2c(c1)OCCO2)c1ccccc1
c1nnc(-n2ncc3cc(OCc4ccc5c(c4)OCCO5)ccc32)s1
O=C1NCC(=Cc2ccccc2)C(=O)C1=Cc1ccccc1
O=C(NCC(Oc1ccc2c(cnn2-c2cccnc2)c1)c1ccc2cnoc2c1)c1cnc2[nH]ccc2c1
O=C(NCC(Oc1ccc2c(cnn2-c2c[nH]cn2)c1)c1ccc2c(c1)OCCO2)c1ccc2c(c1)OCCO2
c1ccc2c(c1)CCc1scnc1-2
O=C(NCC(Oc1ccc2c(cnn2-c2ncnc3ccsc23)c1)c1ccc2c(c1)OCCO2)c1ccc2c(c1)CCO2
O=C(NCC(Oc1ccc2c(cnn2-c2cnn(CCN3CCCC3)c2)c1)c1ccc2c(c1)OCCCO2)c1ccsc1
O=C(NCC(Oc1ccc2c(cnn2-c2cccc3ccncc23)c1)c1ccc2c(c1)OCCO2)C1(c2cccnc2)CCCC1
O=C(NCC(Oc1ccc2c(cnn2-c2nccc(C3CC3)n2)c1)c1ccc2c(c1)OCCNC2)c1cnco1
O=C(NCC(Oc1ccc2c(cnn2-c2cc[nH]n2)c1)c1ccc2c(c1)OCCO2)c1cc2ccccc2s1
O=C(NCC(Oc1ccc2c(cnn2-c2cccc3cc[nH]c23)c1)c1ccc2c(c1)CCO2)c1cn2cccnc2n1
O=C(CCc1ccccc1)NCC(Oc1ccc2c(cnn2-c2ncnc3c2CCC3)c1)c1ccc2c(c1)OCC2
O=C(NCC(Oc1ccc2c(cnn2-c2ccc3cn[nH]c3c2)c1)c1ccccc1)c1cccnc1
O=C(NCC(Oc1ccc2c(cnn2-c2cc(C3CCOCC3)ncn2)c1)c1ccc2c(c1)OCC2)c1ccn[nH]1
O=C(NCC(Oc1ccc2c(cnn2-c2cccnn2)c1)c1ccc2c(c1)OCCO2)c1nncc2sccc12
c1ccc(-n2ncc3cc(-n4ncc5cc(OCc6ccc7c(c6)CCN(C6COC6)C7)ccc54)cnc32)cc1
O=C(NCC(Oc1ccc2c(cnn2-c2ccccn2)c1)c1ccc2c(c1)OCCO2)c1cn[nH]c1
O=C(NCC(Oc1ccc2c(cnn2-c2ccncc2CN2CCCC2)c1)c1ccc2c(c1)OCCO2)c1ccccc1
O=C(NCC(Oc1ccc2c(cnn2-c2ccc3ccccc3n2)c1)c1ccc2c(c1)CCO2)c1ccno1
O=C1c2ccccc2CCN1c1cccc(-c2cccc3c(-c4ccn[nH]4)cccc23)c1
O=C(NCC(Oc1ccc2c(cnn2-c2cccnc2)c1)c1ccc2c(c1)OCC2)c1cnc2[nH]ncc2c1
O=C1CCC(C(=O)NCC(Oc2ccc3c(cnn3-c3c[nH]c(=O)c(N4CCCCC4)n3)c2)c2ccc3c(c2)CCO3)CC1
O=S(=O)(NCCc1cncc2ccccc12)c1cnccc1-c1ccc(-c2ncco2)cc1
O=C(NCC(Oc1ccc2c(cnn2-c2nccc(N3CCOCC3)n2)c1)c1ccc2c(c1)CCC2)c1ccnc2cccn12
O=C(NCC(Oc1ccc2c(cnn2-c2ccccc2)c1)c1ccccc1)c1ccsc1
O=C(NCC(Oc1ccc2c(cnn2-c2ncnc3c2CCC3)c1)c1cccnc1)c1ccoc1
O=C(NCC(Oc1ccc2c(cnn2-c2cccc(-c3cccc4cn[nH]c34)c2)c1)c1ccc2c(c1)OCCO2)c1ccn[nH]1
O=C(NCC(Oc1ccc2c(cnn2-c2ccc3cc[nH]c3c2)c1)c1ccc2c(c1)OCCO2)c1cncnc1
O=C(NCC1CCCC(Oc2cccnc2)C1)c1cnc2c(OCc3ccccc3)cccn12
O=C(NCC(Oc1ccc2c(cnn2-c2cncc(-c3cnn(C4CCNCC4)c3)c2)c1)c1ccc2c(c1)OCCO2)c1cccs1
N=c1[nH]c(-n2ncc3cc(OC(CNC(=O)c4ccccn4)c4ccccc4)ccc32)no1
O=C(NCC(Oc1ccc2c(cnn2-c2cccc(C(=O)N3CCCC3)c2)c1)c1ccc2c(c1)OCCO2)c1ccon1
O=C(NCC(Oc1ccc2c(cnn2-c2ccc3ccccc3n2)c1)c1ccccc1)C1CCCN1
O=C(NCC(Oc1ccc2c(cnn2-c2cccc(-n3ccnn3)c2)c1)c1ccc2c(c1)OCCCO2)c1cnc[nH]1
O=S(=O)(Cc1ccccc1)NCC(Oc1ccc2c(cnn2-c2cnn(-c3ccccn3)c2)c1)c1ccc2c(c1)OCCO2
O=S(=O)(NCC(Oc1ccc2c(cnn2-c2ncnc3[nH]ccc23)c1)c1ccc2c(c1)CCO2)c1ccccc1
N=c1[nH]nccc1-n1ncc2cc(OCc3ccc4c(c3)CNC4=O)ccc21
O=C(NCC(Oc1ccc2c(cnn2-c2nc3ccccc3[nH]2)c1)c1ccccc1)c1ccccc1
c1ccccc1
O=C(NCC(Oc1ccc2c(cnn2-c2nnco2)c1)c1ccc2ccccc2c1)c1cccs1
O=C(NCC(Oc1ccc2c(cnn2-c2cn[nH]c2)c1)c1ccc2c(c1)OCCO2)c1ccco1
O=C(NCC(Oc1ccc2c(cnn2-c2ncc3cnn(-c4ccccc4)c3n2)c1)c1ccc2c(c1)OCCO2)C1COc2ccccc2O1
c1cnn(-c2cncc(-n3ncc4cc(OCc5ccc6c(c5)CCC6)ccc43)c2)c1
O=C(NCC(Oc1ccc2c(cnn2-c2ccccc2)c1)c1ccc2c(c1)OCCO2)c1cnc2ccccn12
O=C1C2CCOCCc3ccc(COc4ccc5c(cnn5-c5ncnc6cccnc56)c4)cc3CCN1CC2
O=C(NCC(Oc1ccc2c(cnn2-c2ncccn2)c1)c1ccc2c(c1)CCO2)C1CCCCC1
c1cn(-c2ccc(-n3ncc4cc(OC(c5cnc[nH]5)C5COC5)ccc43)cc2)cn1
O=C(NCC(Oc1ccc2c(cnn2-c2[nH]nc3cccnc23)c1)c1ccc2c(c1)OCCO2)C1CCCCC1
O=C1CCc2cc(-n3ncc4cc(OCc5ccc6c(c5)CCC6)ccc43)cnc2N1
O=C(NCC(Oc1ccc2c(cnn2-c2cnccn2)c1)c1ccc2ccoc2c1)c1ccn[nH]1
O=C(NCC(Oc1ccc2c(cnn2-c2cnccn2)c1)c1ccccc1)c1ccncc1
O=C(NCC(Oc1ccc2c(cnn2-c2cccc3nccnc23)c1)c1ccc2c(c1)CCC2)c1cnon1
O=C(NCC(Oc1ccc2c(cnn2-c2cc(-c3ccn[nH]3)n[nH]2)c1)c1ccccc1)c1nnco1
N=c1[nH]cccc1-n1ncc2cc(OC(CNC(=O)c3ccoc3)c3ccc4c(c3)CCO4)ccc21
O=C(NCC(Oc1ccc2c(cnn2-c2cccnc2)c1)c1ccc2c(c1)CCNC2)c1ccoc1
O=C(NCC(Oc1ccc2c(cnn2-c2ccn3nccc3n2)c1)c1ccc2c(c1)CCNC2)c1nccs1
O=C(NCC(Oc1ccc2c(cnn2-c2ccc3cnncc3c2)c1)c1ccccc1)c1csc2ccccc12
O=C(NCC(Oc1ccc2c(cnn2-c2cccnc2)c1)c1ccc2c(c1)CCCC2)c1cnc(-c2ccccc2)s1
O=C(NCC(Oc1ccc2c(cnn2-c2cc(-n3ncc4cncnc43)ccn2)c1)c1ccccc1)c1nc[nH]n1
O=C(NCC(Oc1ccc2c(cnn2-c2ccncn2)c1)c1ccc2c(c1)CCO2)c1cncs1
O=C(NCC(Oc1ccc2c(cnn2-c2cc3nccnc3cn2)c1)c1ccc2c(c1)CCO2)c1cncs1
O=C(NCC(Oc1ccc2c(cnn2-c2cnc3nccnc3c2)c1)c1ccccc1)c1cccnn1
O=C(NCc1cc(-c2cnc3c(c2)CCCN3)cs1)c1cn[nH]c1
c1cncc(-n2ncc3cc(OCc4ccc5c(c4)OCCO5)ccc32)c1
O=C(NCC(Oc1ccc2c(cnn2-c2nccc3c2CCN(Cc2ccccc2)C3)c1)c1ccc2c(c1)OCCO2)c1ccccc1
O=C(NCC(Oc1ccc2c(cnn2-c2nccc3cccnc23)c1)c1ccc2c(c1)OCCO2)c1ccco1
O=C(NCC(Oc1ccc2c(cnn2-c2cn[nH]c2)c1)c1ccc2c(c1)OCCO2)c1ccccc1
O=C(NCC(Oc1ccc2c(cnn2-c2cn(CCC3CCCCN3)nn2)c1)c1ccccc1)c1cccc2cccnc12
O=C(NCC(Oc1ccc2c(cnn2-c2ccccc2)c1)c1ccc2c(c1)CCO2)C1CCCNC1
O=C(NCC(Oc1ccc2c(cnn2-c2cnc3c(cnn3C3CCOC3)c2)c1)c1ccccc1)c1cnoc1
O=C(NCC(Oc1ccc2c(cnn2-c2ccccc2)c1)c1ccccc1)c1cncnc1
O=C(Cc1ccccc1)NCC(Oc1ccc2c(cnn2-c2ncnc3c2CCC3)c1)c1ccc2c(c1)OCCO2
O=C(NCC(Oc1ccc2c(cnn2-c2ccncc2-c2ncc[nH]2)c1)c1ccc2c(c1)OCCO2)c1cnoc1
O=C(NCC(Oc1ccc2c(cnn2-c2nccc3c2CNC3)c1)c1ccccc1)c1ccn[nH]1
O=C(NCC(Oc1ccc2c(cnn2-c2cccc(-c3ccncc3)c2)c1)c1ccc2c(c1)OCCO2)c1cccnc1
O=C(NCC(Oc1ccc2c(cnn2-c2cncc(N3CCC3)n2)c1)c1ccc2c(c1)OCCO2)C1CCC1
O=C(Cc1cccc2ccccc12)NCC(Oc1ccc2c(cnn2-c2cccnn2)c1)c1ccc2c(c1)OCCO2
O=C(NCC(Oc1ccc2c(cnn2-c2nnco2)c1)c1ccc2c(c1)OCCCO2)c1ccco1
O=C(NCC(Oc1ccc2c(cnn2-c2cc3c(cn2)ncn3C2CCCC2)c1)c1ccccc1)c1cc2ccncc2o1
O=C(NCC(Oc1ccc2c(cnn2-c2cc3cnccc3cn2)c1)c1ccc2c(c1)OCCCO2)c1nccs1
O=C(NCC(Oc1ccc2c(cnn2-c2ccc(-c3ccc4nc[nH]c4c3)cc2)c1)c1ccc2c(c1)OCCO2)C1CCC1
O=C(CCc1ccccc1)NCC(Oc1ccc2c(cnn2-c2cncc3c2CCC3)c1)c1ccc2c(c1)OCCO2
O=C(Cc1ccoc1)NCC(Oc1ccc2c(cnn2-c2ncnc3c2CCC3)c1)c1ccc2c(c1)CCO2
O=C(NCC(Oc1ccc2c(cnn2-c2cnc3n[nH]cc3c2)c1)c1ccc2c(c1)OCCCO2)c1ccccc1
O=C(NCC(Oc1ccc2c(cnn2-c2ccccn2)c1)c1ccc2c(c1)CCC2)c1cnc[nH]1
O=C(Cc1ccccc1)NCC(Oc1ccc2c(cnn2-c2nnc3ccccn23)c1)c1ccc2c(c1)OCCO2
O=C(NCC(Oc1ccc2c(cnn2-c2ccccc2)c1)c1ccc2c(c1)OCCO2)c1cccc2cn[nH]c12
c1cc(-n2ncc3cc(OCc4ccc5cncn5c4)ccc32)ncn1
O=C(Oc1ccc2c(cnn2-c2nccc(-c3c[nH]cn3)n2)c1)c1ccc2c(c1)CCNC2
O=C(NCC(Oc1ccc2c(cnn2-c2cccs2)c1)c1ccc2c(c1)OCCO2)c1cccc2cnccc12
c1cc(COc2ccc3c(cnn3-c3ccc4c(c3)CCC4)c2)ccn1
O=C(NCC(Oc1ccc2c(cnn2-c2cccc(-n3ncc4ccccc43)n2)c1)c1ccccc1)c1cocn1
O=C(NCC(Oc1ccc2c(cnn2-c2cc3c(cn2)S(=O)(=O)NC3)c1)c1ccc2c(c1)OCCO2)c1cnco1
O=C(NCC(Oc1ccc2c(cnn2-c2ccoc2)c1)c1ccc2c(c1)OCCO2)c1ccccc1
O=C(NCC(Oc1ccc2c(cnn2-c2ccccc2-c2ccon2)c1)c1ccc2c(c1)OCCO2)c1ccc[nH]1
C1=C2CCCCC2Cc2cnn(-c3ccccc3)c21
O=C(NCC(Oc1ccc2c(cnn2-c2cnnc3cnccc23)c1)c1ccccc1)c1nc[nH]n1
O=C(NCC(Oc1ccc2c(cnn2-c2ccc3[nH]c4cnccc4c3c2)c1)c1ccc2c(c1)OCCO2)c1cnco1
O=C(NCC(Oc1ccc2c(cnn2-c2ccccc2)c1)c1ccc2occc2c1)C1CCOCC1
O=C(NCC(Oc1ccc2c(cnn2-c2cn[nH]c2)c1)c1ccc2c(c1)CCC2)c1nccs1
O=C(NCC(Oc1ccc2c(cnn2-c2nn[nH]n2)c1)c1ccccc1)c1ccco1
O=C(NCC(Oc1ccc2c(cnn2-c2cccc(N3CCCCC3)n2)c1)c1ccc2c(c1)OCCO2)c1cccnc1
O=C(NCC(Oc1ccc2c(cnn2-c2cnc3ccncc3c2)c1)c1ccc2c(c1)CCC2)c1cnoc1
O=C(NCC(Oc1ccc2c(cnn2-c2ccn[nH]2)c1)c1ccccc1)c1cccc2ccccc12
O=C(NCC(Oc1ccc2c(cnn2-c2cncnc2)c1)c1ccc2c(c1)OCCO2)c1ccccc1
O=C(NCC(Oc1ccc2c(cnn2-c2cccc3cc[nH]c23)c1)c1ccc2c(c1)OCCO2)c1cnco1
O=C(NCC(Oc1ccc2c(cnn2-c2nccc3c2cnn3-c2ccccc2)c1)c1ccc2c(c1)OCCO2)c1ccccn1
O=C(NCC(Oc1ccc2c(cnn2-c2cc(-c3ccncc3)ccn2)c1)c1ccccc1)c1ccn2cnncc12
O=C(NCC(Oc1ccc2c(cnn2-c2ccnc3cccnc23)c1)c1ccc2c(c1)CCO2)c1ccn[nH]1
O=C(NCC(Oc1ccc2c(cnn2-c2ccc3c(c2)CCNC3)c1)c1ccc2c(c1)OCCCO2)c1cc2cnccc2[nH]1
c1cc2c(cc1COc1ccc3c(cnn3-c3c[nH]nn3)c1)CCC2
O=C(Cc1ccoc1)NCC(Oc1ccc2c(cnn2-c2ncccn2)c1)c1ccc2c(c1)OCCO2
O=C(NCC(Oc1ccc2c(cnn2-c2cccc(-n3ccnc3)c2)c1)c1ccccc1)c1ccon1
O=C(NCC(Oc1ccc2c(cnn2-c2ccon2)c1)c1ccc2c(c1)OCC2)c1cnn2c1CCC2
c1cc2c(-n3ncc4cc(OCCc5ccn[nH]5)ccc43)ncnc2cn1
O=C(NCC(Oc1ccc2c(cnn2-c2cccc(N3CCNCC3)n2)c1)c1ccccc1)c1ccccn1
O=C(NCC(Oc1ccc2c(cnn2-c2ccnnc2)c1)c1ccccc1)c1cnn2c1OCCC2
O=C(NCC(Oc1ccc2c(cnn2-c2cnc3c(c2)CCCN3)c1)c1ccc2ccccc2n1)c1cccnc1
O=C(NCC(Oc1ccc2c(cnn2-c2ccccc2)c1)c1ccc2c(c1)CCC2)c1ccccc1
O=C(NCC(Oc1ccc2c(cnn2-c2cccc3cnccc23)c1)c1ccc2c(c1)OCCO2)c1nnc(C2CC2)o1
O=C(CCc1ccccc1)NCC(Oc1ccc2c(cnn2-c2ccnc(N3CCNCC3)n2)c1)c1ccccc1
O=C(NCC(Oc1ccc2c(cnn2-c2c[nH]nn2)c1)c1ccc2c(c1)OCCO2)c1ccc2cnccc2c1
O=C(NCC(Oc1ccc2c(cnn2-c2ccccc2-c2ccnnc2)c1)c1ccc2c(c1)OCCO2)c1ccn[nH]1
O=C(NCC(Oc1ccc2c(cnn2-c2ccc3cn[nH]c3c2)c1)c1ccc2c(c1)OCCO2)C1CCCCC1
O=C(NCC(Oc1ccc2c(cnn2-c2ncnc3c2CCC3)c1)c1cnc(C2CC2)s1)c1csnn1
O=C(NCC(Oc1ccc2c(cnn2-c2cccc(N3CCOCC3)n2)c1)c1ccc2c(c1)OCCO2)c1ccc2c(c1)OCCO2
O=C(NCC(Oc1ccc2c(cnn2-c2nnco2)c1)c1ccccc1)c1cccnc1
O=C(NCC(Oc1ccc2c(cnn2-c2nnc[nH]2)c1)c1ccccc1)c1ccccn1
O=C(NCC(Oc1ccc2c(cnn2-c2nncc3ccccc23)c1)c1ccc2c(c1)OCCO2)c1cocn1
O=C(CCNc1ccccc1)NCC(Oc1ccc2c(cnn2-c2cnccn2)c1)c1ccc2c(c1)OCCO2
O=C(NCC(Oc1ccc2c(cnn2-c2ccc3nccnc3c2)c1)c1ccc2c(c1)OCCCO2)c1cccnn1
O=C(NCC(Oc1ccc2c(cnn2-c2cn[nH]c(=O)c2)c1)c1ccc2c(c1)OCCCO2)c1ccncc1
O=C(NCC(Oc1ccc2c(cnn2-c2nccnc2-c2ccccc2)c1)c1ccc2c(c1)OCCO2)C1CCC1
O=C(NCC(Oc1ccc2c(cnn2-c2cc[nH]n2)c1)c1ccccc1)c1cc[nH]n1
O=C(NCC(Oc1ccc2c(cnn2-c2nnco2)c1)c1ccccc1)c1c[nH]nn1
O=C(NCC(Oc1ccc2c(cnn2-c2nccc3c2cnn3-c2ccccc2)c1)c1ccccc1)c1cncs1
O=C(NCC(Oc1ccc2c(cnn2-c2cncnc2)c1)c1ccc2c(c1)CCCC2)C(c1ccccc1)c1ccccc1
c1cc(CN2CCc3cc(-n4ncc5cc(OCc6ccc7c(c6)OCCO7)ccc54)ccc3C2)ccn1
O=C(NCC(Oc1ccc2c(cnn2-c2cnc3cnccn23)c1)c1ccc2c(c1)OCCCO2)c1ncco1
O=C(NCC(Oc1ccc2c(cnn2-c2cnc3[nH]ncc3c2)c1)c1ccccc1)C1CC1
O=C(Cc1cccc2ccccc12)NCC(Oc1ccc2c(cnn2-c2ccc3nccnc3c2)c1)c1cnc[nH]1
O=C(Cc1ccccc1)NCC(Oc1ccc2c(cnn2-c2nn[nH]n2)c1)c1ccc2c(c1)OCCO2
O=C(NCC(Oc1ccc2c(cnn2-c2cnc3ccncc3c2)c1)c1ccc2c(c1)OCCCO2)c1ccco1
N=c1cc(-n2ncc3cc(OC(CNC(=O)C4CCC4)c4ccc5c(c4)CCO5)ccc32)nc[nH]1
O=C(NCC(Oc1ccc2c(cnn2-c2cc(-c3ccccc3)n[nH]2)c1)c1ccc2c(c1)OCCCO2)C1CCCO1
O=C(NCC(Oc1ccc2c(cnn2-c2cnn(-c3ccccc3)c2)c1)c1ccccc1)C1CCCN1
O=C(NCC(Oc1ccc2c(cnn2-c2cnc3[nH]ncc3c2)c1)c1ccc2c(c1)CCC2)c1csc(N2CCOCC2)n1
O=C(NCC(Oc1ccc2c(cnn2-c2cccc(N3CCCCC3)n2)c1)c1ccncc1)C1CCC1
O=C(NCC(Oc1ccc2c(cnn2-c2cnc3c(cnn3-c3ccccn3)c2)c1)c1ccc2c(c1)OCCO2)c1cccnn1
O=C(NCC(Oc1ccc2c(cnn2-c2nncc3ccccc23)c1)c1cccnc1)c1cccnn1
O=C(NCC(Oc1ccc2c(cnn2-c2cncc3ccncc23)c1)c1ccccc1)C1CCNC1
O=C(NCC(Oc1ccc2c(cnn2-c2coc3ccccc23)c1)c1ccccc1)c1cccn2cncc12
O=C(NCC(Oc1ccc2c(cnn2-c2cccc3[nH]cnc23)c1)c1ccc2c(c1)OCCO2)c1cnc2ccccc2c1
O=C(NCC(Oc1ccc2c(cnn2-c2ncc3c(n2)-c2cnccc2CCC3)c1)c1ccccc1)c1cccc2ccccc12
O=C(CCc1ccccc1)NCC(Oc1ccc2c(cnn2-c2ccc(=O)[nH]c2)c1)c1ccc2c(c1)CCC2
O=C(NCC(Oc1ccc2c(cnn2-c2cc[nH]c(=NC3CCCCC3)n2)c1)c1ccccc1)c1cccnn1
c1ccc2cc(COc3ccc4c(cnn4-c4cnc5ccnn5c4)c3)ccc2c1
O=C(NCC(Oc1ccc2c(cnn2-c2cnc3c(n2)CNCC3)c1)c1ccccc1)c1cc[nH]n1
O=C(NCC(Oc1ccc2c(cnn2-c2ncnc3ccccc23)c1)c1ccccc1)c1ccccc1
O=C(NCC(Oc1ccc2c(cnn2-c2ncnn2-c2ccccc2)c1)c1ccccc1)c1ccsc1
O=C(NCC(Oc1ccc2c(cnn2-c2cc3[nH]ccc3cn2)c1)c1ccc2c(c1)OCCCO2)c1csc2ccccc12
O=C(NCC(Oc1ccc2c(cnn2-c2ccc3c(c2)CCN(Cc2ccccn2)C3)c1)c1ccc2c(c1)CCCC2)c1ccccc1
O=C(NCC(Oc1ccc2c(cnn2-c2ccccc2)c1)c1ccc2c(c1)CCC2)c1ccccn1
c1coc(-c2ncc(-n3ncc4cc(OCc5ccc6c(c5)CCNC6)ccc43)nn2)c1
O=C(NCC(Oc1ccc2c(cnn2-c2ncnc3[nH]cnc23)c1)c1ccc2c(c1)OCCO2)c1cc2ccccc2[nH]1
c1cc(-n2ncc3cc(-n4ncc5cc(OCc6ccc7[nH]ncc7c6)ccc54)cnc32)ccn1
O=C(NCC(Oc1ccc2c(cnn2-c2nccc3[nH]ncc23)c1)c1ccc2cnoc2c1)c1ncsn1
O=C(NCC(Oc1ccc2c(cnn2-c2cccnn2)c1)c1cccnc1)C1CCOCO1
O=C(NCC(Oc1ccc2c(cnn2-c2ccc3cccnc3n2)c1)c1ccco1)C1(c2ccccc2)CCC1
O=C(NCC(Oc1ccc2c(cnn2-c2ccc3c(c2)CCCN(C2CCCC2)C3)c1)c1ccc2c(c1)OCCCO2)c1cnco1
O=C(NCC(Oc1ccc2c(cnn2-c2cnc3c(c2)CCN3)c1)c1ccc2c(c1)CCC2)c1ccccc1
O=C(NCC(Oc1ccc2c(cnn2-c2ccsc2)c1)c1ccc2c(c1)OCCO2)c1ccc[nH+]c1
O=C(NCC(Oc1ccc2c(cnn2-c2cnc3nc(N4CCOCC4)ccc3n2)c1)c1ccc2c(c1)CCO2)c1cccnc1
O=C(NCC(Oc1ccc2c(cnn2-c2nccc3ccncc23)c1)c1ccc2c(c1)OCCO2)c1csc2ccccc12
O=C(NCC(Oc1ccc2c(cnn2-c2ccc3[nH]cnc3c2)c1)c1ccc2c(c1)OCCCO2)c1ccoc1
O=C(NCC(Oc1ccc2c(cnn2-c2ccccc2)c1)c1ccc2c(c1)CCNC2)C1CC1
O=C(NCC(Oc1ccc2c(cnn2-c2ccnc(-n3cccn3)c2)c1)c1ccccn1)C1CCCCC1
O=C(NCC(Oc1ccc2c(cnn2-c2ccc3c(-c4nccs4)cccc3c2)c1)c1ccc2c(c1)OCCO2)C1COC1
O=C(NCC(Oc1ccc2c(cnn2-c2ccccn2)c1)c1ccc2c(c1)CCO2)c1cnco1
c1nc2cc(-n3ncc4cc(OCc5ccoc5)ccc43)ccc2[nH]1
O=C(NCC(Oc1ccc2c(cnn2-c2cnc3[nH]ncc3c2)c1)c1ccc2c(c1)OCCCO2)c1csc2ccccc12
O=C(NCC(Oc1ccc2c(cnn2-c2ccc3[nH]c(=O)[nH]c3c2)c1)c1cnsn1)c1ccccc1
c1cc(N2CCOCC2)nc(-n2ncc3cc(OCc4ccc5c(c4)OCCO5)ccc32)c1
O=C(NCC(Oc1ccc2c(cnn2-c2nnc3n2CCCC3)c1)c1ccc2c(c1)OCCO2)c1cccs1
O=C(NC(C(=O)NCC(Oc1ccc2c(cnn2-c2ccccc2)c1)c1ccncn1)c1ccccc1)c1ccccc1
O=C(NCC(Oc1ccc2c(cnn2-c2nccc3ccccc23)c1)c1ccc2c(c1)OCCO2)c1cnoc1
c1ccc(-n2ncc3c(NCCCCCC4(c5ccccc5)CCCCC4)cccc32)cc1
O=C(NCC(Oc1ccc2c(cnn2-c2ncn[nH]2)c1)c1ccccc1)c1cnn2cccnc12
O=C(NCC(Oc1ccc2c(cnn2-c2cc3c(cn2)CNCC3)c1)c1ccccc1)c1nnc2ccccn12
O=C(NCC(Oc1ccc2c(cnn2-c2ccn3ccnc3n2)c1)c1ccc2c(c1)CCC2)c1cocn1
O=C(NCC(Oc1ccc2c(cnn2-c2ccncc2-c2ncon2)c1)c1ccccc1)c1ccoc1
O=C(NCC(Oc1ccc2c(cnn2-c2cccc(-c3ccncn3)c2)c1)c1ccc2c(c1)OCCO2)c1ccnnc1
O=C(NCC(Oc1ccc2c(cnn2-c2ccc(-c3ccon3)cc2)c1)c1ccc2c(c1)OCCO2)c1cnoc1
O=C(NCC(Oc1ccc2c(cnn2-c2ncnc3cc[nH]c23)c1)c1ccccc1)C1CCCC1
c1ccc(-c2ccoc2-c2ccccc2)cc1
O=C(NCC(Oc1ccc2c(cnn2-c2cn(CC3COCCO3)nn2)c1)c1ccc2c(c1)OCCCO2)c1cccc2cnccc12
O=C(NCC(Oc1ccc2c(cnn2-c2ncc[nH]2)c1)c1cccnc1)c1ccccc1
O=C(NCC(Oc1ccc2c(cnn2-c2nccc3cc[nH]c23)c1)c1ccccc1)C1CCNCC1
O=C(NCC(Oc1ccc2c(cnn2-c2cc(=O)n(-c3ccncc3)cn2)c1)c1ccc2c(c1)OCCO2)c1cnc[nH]1
O=C(NCC(Oc1ccc2c(cnn2-c2ccc3c[nH]nc3n2)c1)c1ccc2[nH]ccc2c1)C1CCCCC1
O=C(NCC(Oc1ccc2c(cnn2-c2nnc[nH]2)c1)c1ccccc1)c1ccco1
O=C(Cc1ccccc1)NCC(Oc1ccc2c(cnn2-c2cnn(-c3cn[nH]c3)c2)c1)c1ccc2c(c1)OCCO2
O=C1Nc2ncccc2C12CCN(c1ccc(=O)[nH]c1)CC2
O=C(NCC(Oc1cnc2c(cnn2-c2ccc(-c3ccncc3)nn2)c1)c1ccccc1)c1csnn1
O=C(NCC(Oc1ccc2c(cnn2-c2cccc3cccnc23)c1)c1ccc2c(c1)OCCCO2)c1cnccn1
O=C(Cn1ccnc1)NCC(Oc1ccc2c(cnn2-c2ccc3scnc3n2)c1)c1ccc2c(c1)OCCO2
O=C(NCC(Oc1ccc2c(cnn2-c2cc3c(cn2)CN(Cc2ccccc2)CC3)c1)c1ccc2c(c1)CCO2)c1ccc2c(c1)CCCC2
O=C(NCC(Oc1ccc2c(cnn2-c2cc(C3CC3)n[nH]2)c1)c1ccc2c(c1)CCC2)c1ccn[nH]1
O=C(NC1CCNC1)c1ccc(-c2ccccc2)c2nccnc12
c1ccc2c(-n3ncc4cc(OCc5ccc6c(c5)OCCO6)ccc43)ncnc2c1
c1ccc(-n2ncc3cc(OC(CCNCc4cccs4)c4ccc5c(c4)OCCO5)ccc32)nc1
c1ccc(-n2ncc3cc(OC(CCc4ncon4)c4ccc5c(c4)OCC5)ccc32)cc1
O=C(Cc1ccccc1)NCC(Oc1ccc2c(cnn2-c2cc3cnccc3cn2)c1)c1ccc2c(c1)OCCO2
O=C(NCc1ccc(-n2cccn2)cc1)c1cccc(-n2ncc3cc(OC(CNC(=O)C4CC4)c4ccc5c(c4)OCCO5)ccc32)c1
c1ccc(-n2nc(-n3ncc4cc(OC(c5ccc6c(c5)CCNC6)C5CCC5)ccc43)c3c2CCC3)cc1
O=C(NCC(Oc1ccc2c(cnn2-c2cc(-c3ccccc3)ccn2)c1)c1ccc2c(c1)OCCO2)c1cnc[nH]1
N=c1nc(-n2ncc3cc(OC(CNC(=O)c4ccccn4)c4ccccc4)ccc32)cc[nH]1
O=C(NCC(Oc1ccc2c(cnn2-c2cccnn2)c1)c1ccc2c(c1)OCCO2)c1ccccc1
O=C(NCC(Oc1ccc2c(cnn2-c2ncncn2)c1)c1ccccc1)c1cc2ccccc2[nH]1
O=C(NCC(Oc1ccc2c(cnn2-c2ncc3c(n2)N(C2CC2)CC3)c1)c1ccc2c(c1)OCCO2)c1ccccc1
O=C(NCC(Oc1ccc2c(cnn2-c2cnc3c(c2)CCCN3)c1)c1ccccc1)c1cncc2ccccc12
O=C(NCC(Oc1ccc2c(cnn2-c2cc(N3CCNCC3)ncn2)c1)c1ccc2c(c1)OCCO2)c1ccno1
O=C(NCC(Oc1ccc2c(cnn2-c2nnc[nH]2)c1)c1ccc2c(c1)OCCO2)c1cnccn1
N=c1nc(-n2ncc3cc(OC(CNC(=O)c4cnn5cccnc45)c4ccc5c(c4)CCO5)ccc32)n(-c2cncnc2)[nH]1
O=C(NCC(Oc1ccc2c(cnn2-c2nnc3n2CCCC3)c1)c1ccccc1)c1cccs1
O=C(NCC(Oc1ccc2c(cnn2-c2cnc3n[nH]cc3c2)c1)c1ccc2c(c1)OCC2)c1ccccc1
O=C(NCC(Oc1ccc2c(cnn2-c2ccn3ccnc3c2)c1)c1ccc2c(c1)CCO2)C1CCCN1C(=O)c1cccc2ccccc12
O=C(NCC(Oc1ccc2c(cnn2-c2ccc(N3CCCC3)nc2)c1)c1ccc2c(c1)OCCO2)c1ccccc1
O=C(Cn1cccc1COc1ccccc1)Nc1ccc2c(c1)OCCO2
O=c1[nH]cnc2c(-n3nnc4ccccc43)cccc12
c1cn2nccc2c(OCc2ccc3c(c2)OCCC3)n1
O=C(NCC(Oc1ccc2c(cnn2-c2ccc3c(c2)CCNC3)c1)c1ccc2c(c1)OCCO2)c1ccncc1
O=C(NCC(Oc1ccc2c(cnn2-c2cc3ncc(-c4cccnc4)n3[nH]2)c1)c1ccc2c(c1)OCCO2)c1cnco1
O=C(NCC(Oc1ccc2c(cnn2-c2n[nH]c3ccncc23)c1)c1ccccc1)c1cccc2cccnc12
O=C(NCC(Oc1ccc2c(cnn2-c2ccc(-n3cncn3)cc2)c1)c1ccc2c(c1)OCCO2)c1ccn[nH]1
O=C(NCC(Oc1ccc2c(cnn2-c2cncc(-n3cccn3)c2)c1)c1ccc2c(c1)OCCO2)c1cccc2cccnc12
O=C(NCC(Oc1ccc2c(cnn2-c2cnc3ccnn3c2)c1)c1ccccc1)c1ccccn1
O=C(C1CCCCC1)N1CCOc2cc(COc3ccc4c(cnn4-c4ccn[nH]4)c3)ccc21
O=C(NCC(Oc1ccc2c(cnn2-c2ccccc2)c1)c1ccc2c(c1)OCCO2)c1ncn2c1OCCC2
O=C(NCC(Oc1ccc2c(cnn2-c2ccccn2)c1)c1ccc2c(c1)CCC2)c1ccn[nH]1
O=C(NCC(Oc1ccc2c(cnn2-c2ccnc(N3CCOCC3)n2)c1)c1ccc2c(c1)OCCO2)C1CCNCC1
O=C(NCC(Oc1ccc2c(cnn2-c2cccnc2)c1)c1ccccc1)c1csnn1
O=C(NCC(Oc1ccc2c(cnn2-c2nccc3ccccc23)c1)c1ccc2c(c1)CCC2)c1cccnc1
O=C(NCC(Oc1ccc2c(cnn2-c2cc3c(cn2)CN(Cc2cncnc2)CC3)c1)c1ccc2c(c1)OCCO2)c1cccnc1
O=C(NCC(Oc1ccc2c(cnn2-c2ccn[nH]2)c1)c1ccccc1)c1cccnc1
O=C(NCCOc1ccc2c(cnn2-c2ncn(-c3ccccc3)n2)c1)c1ccccn1
O=C(NCC(Oc1ccc2c(cnn2-c2cccc3cccnc23)c1)c1ccc2c(c1)OCCO2)c1nccs1
O=C(NCC(Oc1ccc2c(cnn2-c2coc(N3CCCCC3)n2)c1)c1ccc2c(c1)OCCO2)c1cnn2c1CCCC2
O=C(NCC(Oc1ccc2c(cnn2-c2cc3ccccc3cn2)c1)c1ccc2c(c1)CCNCC2)C1COCCO1
O=C(NCC(Oc1ccc2c(cnn2-c2cccc(-n3ccc4ccccc43)c2)c1)c1ccccc1)c1ccncc1
O=C(NCC(Oc1ccc2c(cnn2-c2cn[nH]c2)c1)c1ccc2c(c1)OCCO2)c1cnn2cnccc12
O=C(NCC(Oc1ccc2c(cnn2-c2ccccc2-c2ccon2)c1)c1ccc2c(c1)OCCO2)c1cc[nH]n1
N=c1nc(-n2ncc3cc(OC(CNC(=O)c4ccccc4)c4ccc5c(c4)OCCO5)ccc32)cc[nH]1
O=S(=O)(Nc1cccc(-n2nc3ccccc3n2)c1)c1ccccc1
O=C(NCC(Oc1ccc2c(cnn2-c2cc3cnccc3cn2)c1)c1ccc2c(c1)OCCO2)C1CCc2ccccc2C1
O=C(NCC(Oc1ccc2c(cnn2-c2cccc(-n3cccn3)c2)c1)c1ccc2c(c1)OCCO2)c1ccncc1
O=C(NCC(Oc1ccc2c(cnn2-c2ccccc2)c1)c1ccc2c(c1)OCCO2)c1ccc[nH]1
c1ccc(-n2ncc3ccc(-n4ncc5cc(OCc6ccc7c(c6)OCC7)ccc54)cc32)cc1
c1nc(-n2ncc3cc(OCc4ccc5c(c4)CCO5)ccc32)c2cc[nH]c2n1
O=C(NCC(Oc1ccc2c(cnn2-c2ccc3cn[nH]c3n2)c1)c1ccc2c(c1)OCCCO2)C1Cc2ccccc21
O=C(NCC(Oc1ccc2c(cnn2-c2ccc3[nH]c(=O)[nH]c3c2)c1)c1ccc2c(c1)OCCO2)c1conn1
N=c1nc(-n2ncc3cc(OCc4ccc5c(c4)OCCN(Cc4ccccn4)C5=O)ccc32)cc[nH]1
O=C(NCC(Oc1ccc2c(cnn2-c2ncc3ccccc3n2)c1)c1ccc2c(c1)CCC2)c1ccc2c(c1)OCC2
O=C(NCC(Oc1ccc2c(cnn2-c2n[nH]c3ccncc23)c1)c1ccccc1)c1cccs1
O=C(NCC(Oc1ccc2c(cnn2-c2ncn3ccc(-c4ccsc4)c3n2)c1)c1ccc2c(c1)OCCO2)C1CCC1
O=C(NCC(Oc1ccc2c(cnn2-c2ncccn2)c1)c1ccc2c(c1)OCCCO2)c1ccco1
O=C(NCC(Oc1ccc2c(cnn2-c2nccc3c2CCN(C(=O)c2ccncc2)C3)c1)c1ccc2c(c1)OCCO2)c1cnc[nH]1
O=C(NCC(Oc1ccc2c(cnn2-c2cc3c(cn2)CC2(CCC2)C3)c1)c1ccc2c(c1)OCCO2)c1ccn[nH]1
O=C(NCC(Oc1ccc2c(cnn2-c2ncnc3[nH]ccc23)c1)c1ccccc1)c1cncs1
O=C(NCC(Oc1ccc2c(cnn2-c2cccc3cccnc23)c1)c1ccccc1)c1ccccc1
c1cncc(CN2CCc3ccc(-n4ncc5cc(OCc6ccc7c(c6)COC7)ccc54)cc3CC2)c1
O=C(NCC(Oc1ccc2c(cnn2-c2ncon2)c1)c1ccc2c(c1)OCCO2)c1cc2ccccc2s1
O=S(=O)(NCC(Oc1ccc2c(cnn2-c2ccc(-c3cccnc3)cc2)c1)c1ccc2c(c1)OCCO2)C1CC1
O=C(NCC(Oc1ccc2c(cnn2-c2cccc(-c3ccoc3)c2)c1)c1ccc2c(c1)OCCO2)c1ncc2cccnn12
O=C(NCC(Oc1ccc2c(cnn2-c2cn[nH]c2)c1)c1ccc2c(c1)OCCCO2)c1ccccc1
O=C(NCC(Oc1ccc2c(cnn2-c2ccnn2-c2ccccc2)c1)c1ccc2c(c1)CCO2)c1ccccc1
O=C(NCC(Oc1ccc2c(cnn2-c2ccnn2C2CC2)c1)c1ccc2c(c1)OCCO2)c1ccncc1
O=C(NCC(Oc1ccc2c(cnn2-c2nncc3c2CCC32CC2)c1)c1ccc2c(c1)OCCCO2)c1cnco1
O=C(NCC(Oc1ccc2c(cnn2-c2cnccc2-c2ccn[nH]2)c1)c1ccc2c(c1)OCCO2)c1ccc2c(c1)OCC2
O=C(NCC(Oc1ccc2c(cnn2-c2cnnc(-c3cnn(C4CC4)c3)c2)c1)c1ccc2c(c1)OCCO2)c1ccn[nH]1
O=C(NCC(Oc1ccc2c(cnn2-c2ccccn2)c1)c1ccc2c(c1)OCCO2)c1cnoc1
O=C(NCC(Oc1ccc2c(cnn2-c2ccc(N3CCOCC3)nc2)c1)c1ccc2c(c1)CCC2)c1cnc2ccccc2c1
O=C(NCC(Oc1ccc2c(cnn2-c2ncccn2)c1)c1ccc2c(c1)CCC2)c1ccncn1
O=C(COc1ccccc1)NCC(Oc1ccc2c(cnn2-c2cc3ccccc3cn2)c1)c1ccc2c(c1)CCC2
O=C(NCC(Oc1ccc2c(cnn2-c2ccc3nncn3n2)c1)c1ccccc1)c1ncc(-n2cncn2)s1
O=C(NCC(Oc1ccc2c(cnn2-c2ccc3c(c2)CCN(Cc2ccccn2)C3)c1)c1ccccc1)c1cscn1
O=C(NCC(Oc1ccc2c(cnn2-c2cc[nH]c(=NC3CCCC3)n2)c1)c1cccnc1)c1nnco1
O=C(NCC(Oc1ccc2c(cnn2-c2cncnc2)c1)c1ccccc1)c1c[nH]n2ccc(=O)nc12
O=C(NCC(Oc1ccc2c(cnn2-c2ccnnc2)c1)c1ccc2c(c1)CCO2)c1cnc(-c2cccs2)s1
O=C(Cc1ccccn1)NCC(Oc1ccc2c(cnn2-c2nccc3c2CNC3)c1)c1ccc2c(c1)OCCO2
O=C(NCC(Oc1ccc2c(cnn2-c2ccccc2-c2ncccn2)c1)c1cn[nH]c1)c1csnn1
O=C(NCC(Oc1ccc2c(cnn2-c2ccnc(N3CCCC3)n2)c1)c1ccc2c(c1)OCCCO2)C1CCC1
c1ccc(-n2ncc3cc(COc4ccc5c(cnn5-c5ccc(-n6cccn6)nn5)c4)ccc32)cc1
O=C(NCC(Oc1ccc2c(cnn2-c2ccnnc2-c2ccco2)c1)c1ccccc1)c1cocn1
O=C(NCC(Oc1ccc2c(cnn2-c2ncnc3[nH]ncc23)c1)c1cccnc1)c1cnccn1
O=C(NCC(Oc1ccc2c(cnn2-c2ccc3ccncc3n2)c1)c1ccc2c(c1)OCCO2)c1cncn(Cc2ccccc2)c1=O
O=C(NCC(Oc1ccc2c(cnn2-c2nncs2)c1)c1ccc2c(c1)OCCCO2)c1ncn2ccccc12
O=C(NCC(Oc1ccc2c(cnn2-c2nc3cccnc3[nH]2)c1)c1ccc2c(c1)OCCO2)c1cccs1
O=C(NCC(Oc1ccc2c(cnn2-c2cnc3[nH]ncc3n2)c1)c1ccc2c(c1)OCCO2)c1cc2ccccc2[nH]1
O=C(NCC(Oc1ccc2c(cnn2-c2nccc(N3CCNCC3)n2)c1)c1ccc2c(c1)CCC2)c1cnco1
O=C(NCC(Oc1ccc2c(cnn2-c2ncnc3c2ccn3-c2cccnc2)c1)c1ccc2c(c1)OCCO2)C1COc2ccccc2C1
O=C(NCC(Oc1ccc2c(cnn2-c2cnn(-c3ccccc3)n2)c1)c1ccc2c(c1)OCCCO2)C1CC1
O=C(NCC(Oc1ccc2c(cnn2-c2ccccc2)c1)c1ccccc1)c1ccoc1
O=C(NCC(Oc1ccc2c(cnn2-c2cc3cccnc3cn2)c1)c1ccc2c(c1)OCCO2)c1ccn[nH]1
O=C(NCC(Oc1ccc2c(cnn2-c2ncc3cccnc3n2)c1)c1ccc2c(c1)OCCO2)c1nccs1
O=C(NCC(Oc1ccc2c(cnn2-c2ccc3c(c2)CNC3=O)c1)c1ccc2c(c1)OCCO2)c1cnc[nH]1
O=C(Cc1cccc2ccccc12)NCC(Oc1ccc2c(cnn2-c2ccc(-n3cncn3)nn2)c1)c1ccccc1
O=C(NCC(Oc1ccc2c(cnn2-c2cncc(-c3nn[nH]n3)c2)c1)c1ccccc1)c1cn[nH]n1
O=C(NCC(Oc1ccc2c(cnn2-c2nnco2)c1)c1cccnc1)C1CCCOC1
O=C(NCC(Oc1ccc2c(cnn2-c2cn[nH]c2)c1)c1ccc2c(c1)OCCO2)c1ccccc1
O=C(NCC(Oc1ccc2c(cnn2-c2nccc3nccnc23)c1)c1ccccc1)c1ccccc1
O=C(NCC(Oc1ccc2c(cnn2-c2cnn(CC3CC3)c2)c1)c1ccc2c(c1)OCCO2)c1ccncc1
O=C(NCC(Oc1ccc2c(cnn2-c2ccc3c(c2)CCC3)c1)c1ccc2c(c1)OCCCO2)c1ccco1
O=C1NCc2cc(COc3ccc4c(cnn4-c4ccccc4)c3)ccc21
c1ccc2c(COc3ccc4c(cnn4-c4ccns4)c3)c[nH]c2c1
O=c1c(N=c2[nH]c3ccc(-c4cnc5ccccc5c4)cc3n3c2cc2sccc23)c[nH]n1-c1ccccc1
N=c1nc(-n2ncc3cc(OC(CNC(=O)c4ccno4)c4ccccc4)ccc32)cc[nH]1
O=C(NCC(Oc1ccc2c(cnn2-c2ccnc(N3CCCOCC3)n2)c1)c1ccccc1)C1CCCOC1
c1cc2c(cc1COc1ccc3c(cnn3-c3cnoc3)c1)COC2
O=C(NCC(Oc1ccc2c(cnn2-c2ccncn2)c1)c1ccccc1)c1ccnc2ccccc12
O=C(NCC(Oc1ccc2c(cnn2-c2cn[nH]c2)c1)c1ccc2c(c1)OCCO2)c1cccc2c1cnn2-c1ccco1
N=c1cc(-n2ncc3cc(OC(CNC(=O)c4cnccn4)c4ccc5c(c4)OCCO5)ccc32)cc[nH]1
O=C(NCC(Oc1ccc2c(cnn2-c2cncc3ccccc23)c1)c1ccc2c(c1)OCCO2)c1cccs1
N=c1nc(-n2ncc3cc(OC(CNC(=O)c4ccccc4)c4ccc5c(c4)OCCO5)ccc32)o[nH]1
O=C(NCC(Oc1ccc2c(cnn2-c2cnn(-c3ccccc3)c2)c1)c1ccccc1)c1c[nH]cn1
O=C(NCC(Oc1ccc2c(cnn2-c2ccccc2-c2ccon2)c1)c1cccnc1)C1CC1
O=C(NCC(Oc1ccc2c(cnn2-c2ccc3ccccc3n2)c1)c1ccc2c(c1)OCCO2)c1nccs1
O=C(NCC(Oc1ccc2c(cnn2-c2cccc3ccccc23)c1)c1ccc2c(c1)CCO2)c1cnoc1
O=C(Cc1ccccc1)NCC(Oc1ccc2c(cnn2-c2ccnc(C3CC3)n2)c1)c1ccc2c(c1)CCC2
c1cncc(-n2ncc3cc(OCc4ccc5ncoc5c4)ccc32)c1
O=C(NCC(Oc1ccc2c(cnn2-c2ccc3c(c2)ncn3C2CCNCC2)c1)c1ccccc1)c1ccncc1
O=C(NCC(Oc1ccc2c(cnn2-c2nccs2)c1)c1ccc2c(c1)OCCC2)c1cnccn1
c1cc2cc(-n3ncc4cc(OCc5ccc6c(c5)OCCO6)ccc43)cnc2s1
O=C(NCC(Oc1ccc2c(cnn2-c2cnccn2)c1)c1ccccc1)c1ccon1
O=C(NCC(Oc1ccc2c(cnn2-c2nc3cccnc3[nH]2)c1)c1ccc2c(c1)OCCO2)c1ncccn1
O=C(NCC(Oc1ccc2c(cnn2-c2ccn[nH]2)c1)c1ccc2c(c1)CCC2)c1cnc2ccccn12
O=C(Cc1cccs1)NCC(Oc1ccc2c(cnn2-c2ccc3c(c2)CCC3)c1)c1ccc2c(c1)OCCO2
c1nc2c(c(-n3ncc4cc(OCc5ccc6c(c5)CCC6)ccc43)n1)CCC2
O=C(NCC(Oc1ccc2c(cnn2-c2nccnc2-c2ccncc2)c1)c1ccc2c(c1)OCCCO2)C1CCOCC1
O=C(NCC(Oc1ccc2c(cnn2-c2cnc3c(cnn3-c3ccccc3)n2)c1)c1ccccc1)c1ccccn1
O=C(Cc1ccccc1)NCC(Oc1ccc2c(cnn2-c2nccc3cc[nH]c23)c1)c1ccc2c(c1)OCCO2
O=C(NCC(Oc1ccc2c(cnn2-c2cncc(N3CCOCC3)n2)c1)c1ccccc1)c1csnn1
O=C(c1cc2[nH]nc(-n3ncc4cc(OCc5ccc6c(c5)OCCO6)ccc43)c2cn1)C1CC1
O=C(NCC(Oc1ccc2c(cnn2-c2cnc3nccn3c2)c1)c1ccc2c(c1)OCCO2)c1ccc[nH]1
O=C(NCC(Oc1ccc2c(cnn2-c2ncnc3ccsc23)c1)c1ccc2c(c1)OCCO2)c1ncc[nH]1
O=C(NCC(Oc1ccc2c(cnn2-c2cccnn2)c1)c1ccc2c(c1)CCC2)c1cccnc1
O=C(NCC(Oc1ccc2c(cnn2-c2cn(-c3nc(=O)ccc4ccccc34)nn2)c1)c1ccccc1)c1ccn[nH]1
O=C(NCC(Oc1ccc2c(cnn2-c2cnc3ccccn23)c1)c1ccccc1)c1nn[nH]n1
O=C(NCC(Oc1ccc2c(cnn2-c2cnc3ccncc3c2)c1)c1ccc2c(c1)OCCO2)c1ccc2ncsc2c1
O=C(CC1CCCCC1)NCC(Oc1ccc2c(cnn2-c2nnco2)c1)c1ccc2c(c1)OCCCO2
O=C(NCC(Oc1ccc2c(cnn2-c2ncc(C3CC3)cn2)c1)c1ccc2c(c1)CCC2)c1ccccc1
O=C(NCC(Oc1ccc2c(cnn2-c2ccc(-c3ccc4cnoc4c3)s2)c1)c1ccccc1)c1ccc2[nH]ccc2c1
O=C(NCC(Oc1ccc2c(cnn2-c2ccccc2)c1)c1cn[nH]c1)c1ncc[nH]1
O=C(NCC(Oc1ccc2c(cnn2-c2cc3ccccc3cn2)c1)c1ccc2sccc2c1)c1cccnc1
O=C(NCC(Oc1ccc2c(cnn2-c2cnc3cnccc3c2)c1)c1ccccc1)c1cccnc1
N=c1cc(C(=O)NCC(Oc2ccc3c(cnn3-c3nc(=O)o[nH]3)c2)c2ccccc2)[nH]n1-c1ccccc1
O=C(Cc1cccs1)NCC(Oc1ccc2c(cnn2-c2nnc(-c3ccncc3)s2)c1)c1ccc2c(c1)OCCO2
O=C(C1CCCN1)N1CCOc2cc(COc3ccc4c(cnn4-c4cnc5ccccn45)c3)ccc21
O=C(NCC(Oc1ccc2c(cnn2-c2cccc(-c3cn[nH]c3)c2)c1)c1ccc2c(c1)OCCO2)c1ccccc1
O=C(NCC(Oc1ccc2c(cnn2-c2cnc(N3CCCC3)nn2)c1)c1ccccc1)c1ncc[nH]1
O=C(NCC(Oc1ccc2c(cnn2-c2ccc3cncnc3n2)c1)c1ccc2c(c1)CCC2)c1ccon1
O=C(NCC(Oc1ccc2c(cnn2-c2nnc(-c3ccccc3)o2)c1)c1ccccc1)c1cncs1
O=C(NCC(Oc1ccc2c(cnn2-c2cccnc2)c1)c1ccc2c(c1)OCCO2)c1ccccc1
O=C(Nc1ccc2cccc(-c3ccc4c(c3)OCCO4)c2c1)OCc1ccccc1
O=C(NCC(Oc1ccc2c(cnn2-c2cccc(-n3cccn3)c2)c1)c1ccc2c(c1)OCCO2)c1ccn[nH]1
O=C(NCC(Oc1ccc2c(cnn2-c2nccc3cccnc23)c1)c1ccc2c(c1)OCCO2)c1cccnc1
O=C(NCC(Oc1ccc2c(cnn2-c2n[nH]c3c(N4CCOCC4)nccc23)c1)c1ccc2c(c1)CCO2)C1COC1
O=C(NCC(Oc1ccc2c(cnn2-c2ccc3c(c2)CCCC3)c1)c1ccccc1)c1nncs1
O=C(NCC(Oc1ccc2c(cnn2-c2cnc3ccccc3c2)c1)c1ccc2c(c1)OCCCO2)c1cccnc1
O=C(NCC(Oc1ccc2c(cnn2-c2cccnc2)c1)c1ccc2c(c1)OCCCO2)c1nccs1
O=C(Cn1ccc2ccccc21)NCC(Oc1ccc2c(cnn2-c2ccc3c(c2)OCCO3)c1)c1ccc2c(c1)CCO2
O=C(NCC(Oc1ccc2c(cnn2-c2nccc3cncn23)c1)c1ccc2c(c1)OCCO2)c1ccn[nH]1
O=C(NCC(Oc1ccc2c(cnn2-c2ncccc2-c2ncco2)c1)c1ccc2c(c1)OCCO2)c1cnco1
O=C(NCC(Oc1ccc2c(cnn2-c2ccccc2-c2ccon2)c1)c1ccccc1)c1cocn1
O=C(NCC(Oc1ccc2c(cnn2-c2cccc(N3CCOCC3)n2)c1)c1ccc2c(c1)OCCO2)c1ccncn1
O=C(NCC(Oc1ccc2c(cnn2-c2ccncn2)c1)c1ccccc1)c1cnoc1
c1ccc(COc2ccc3c(cnn3-c3ccnnc3)c2)cc1
O=C(NCC(Oc1ccc2c(cnn2-c2ccnc(-c3cccnc3)c2)c1)c1ccsc1)c1cnoc1
O=C(Cc1ccsc1)NCC(Oc1ccc2c(cnn2-c2cnc3ccccn23)c1)c1ccc2c(c1)OCCO2
N=c1nc(-n2ncc3cc(OC(CNC(=O)C4CCC4)c4ccc5c(c4)CCO5)ccc32)cc[nH]1
O=C(NCC(Oc1ccc2c(cnn2-c2cn[nH]c2)c1)c1ccc2c(c1)OCCO2)c1[nH]nc2c1CCC2
O=C(NCC(Oc1ccc2c(cnn2-c2cn(-c3ccccc3)nn2)c1)c1ccc2c(c1)OCCO2)C1CCOCC1
O=C(NCC(Oc1ccc2c(cnn2-c2nnc3ccccn23)c1)c1ccccc1)c1ccnc2ccccc12
O=C(NCC(Oc1ccc2c(cnn2-c2ccccc2-c2nc[nH]n2)c1)c1ccc2c(c1)OCCO2)c1ccncc1
O=C(NCC(Oc1ccc2c(cnn2-c2ccccc2)c1)c1ccc2c(c1)OCCO2)c1ccncn1
O=C(NCC(Oc1ccc2c(cnn2-c2ccoc2)c1)c1ccccc1)c1cc2ccccc2o1
O=C(NCC(Oc1ccc2c(cnn2-c2ccc(-n3cncn3)cc2)c1)c1ccc2c(c1)OCCO2)c1ccccc1
O=C(NCC(Oc1ccc2c(cnn2-c2nnc(N3CCOCC3)o2)c1)c1ccncc1)C1CCCOC1
O=C(NCC(Oc1ccc2c(cnn2-c2nccc(C3CC3)n2)c1)c1ccccc1)C1COCCO1
O=C(NCC(Oc1ccc2c(cnn2-c2ccccn2)c1)c1ccc2c(c1)OCCO2)c1ncc2ccccn12
O=C(NCC(Oc1ccc2c(cnn2-c2cccc(-c3cccnc3)c2)c1)c1ccc2c(c1)OCCO2)c1nnc2ccccn12
O=C(NCC(Oc1ccc2c(cnn2-c2cccc(N3CCOCC3)n2)c1)c1ccc2c(c1)OCCO2)c1ccn[nH]1
O=C(NCC(Oc1ccc2c(cnn2-c2cnn(-c3cccnc3)n2)c1)c1ccc2c(c1)OCCO2)c1cnoc1
O=C(NCC(Oc1ccc2c(cnn2-c2cccc(-c3cnn(C4CCNCC4)c3)c2)c1)c1ccc2c(c1)OCCO2)C1CCCCN1
O=C(NCC(Oc1ccc2c(cnn2-c2cnc3c(cnn3-c3ccccn3)c2)c1)c1ccc2c(c1)OCCO2)c1ccccc1
O=C(NCC(Oc1ccc2c(cnn2-c2ccc(CN3CCCC3)cc2)c1)c1ccc2c(c1)OCCO2)c1ccco1
O=C(NCC(Oc1ccc2c(cnn2-c2ccccc2)c1)c1ccc2c(c1)CCO2)C1CCC1
O=C(NCC(Oc1ccc2c(cnn2-c2nccc3[nH]ncc23)c1)c1ccc2c(c1)OCCO2)c1ccccc1-n1cccn1
O=C(NCC(Oc1ccc2c(cnn2-c2cc3ccccc3cn2)c1)c1ccc2c(c1)CCC2)C1Cc2ccccc2C1
N=c1ncc2cnc(-n3ncc4cc(OCc5ccc6c(c5)OCCO6)ccc43)nc2[nH]1
O=C(NCC(Oc1ccc2c(cnn2-c2cccc(N3CCNCC3)n2)c1)c1ccccc1)c1cscn1
O=C(NCC(Oc1ccc2c(cnn2-c2ncnc3ccsc23)c1)c1ccccn1)c1cccnn1
O=C(NCC(Oc1ccc2c(cnn2-c2cccc(=O)[nH]2)c1)c1ccccc1)c1cnoc1
O=C(NCC(Oc1ccc2c(cnn2-c2ncnc3ccsc23)c1)c1ccoc1)c1cnco1
O=C(NCC(Oc1ccc2c(cnn2-c2ccncn2)c1)c1ccc2c(c1)OCCO2)c1[nH]nc2c1CCCC2
O=C(NCC(Oc1ccc2c(cnn2-c2nnc(-c3ccco3)[nH]2)c1)c1cccnc1)C1CCC1
O=C(NCC(Oc1ccc2c(cnn2-c2ccc3c[nH]cc3c2)c1)c1ccc2c(c1)OCCO2)Nc1ccccc1
O=C(Cc1ccccc1)NCC(Oc1ccc2c(cnn2-c2coc3ccccc23)c1)c1ccc2c(c1)OCCO2
O=C(NCC(Oc1ccc2c(cnn2-c2ncnc3[nH]ccc23)c1)c1ccc2c(c1)OCCC2)c1ccsc1
O=c1c2ccccc2nc(-c2ccc(-n3cnc4cnccc43)cc2)n1-c1ccccc1
O=S(=O)(NCC(Oc1ccc2c(cnn2-c2nncs2)c1)c1ccc2c(c1)OCCO2)c1ccccc1
O=C(NCC(Oc1ccc2c(cnn2-c2ccccc2-c2cncnc2)c1)c1ccccc1)c1ccn[nH]1
O=C(NCC(Oc1ccc2c(cnn2-c2nccc3c2CCN(Cc2cnc[nH]2)C3)c1)c1ccc2c(c1)CCC2)c1ccn[nH]1
O=C(NCC(Oc1ccc2c(cnn2-c2cscn2)c1)c1ccc2c(c1)OCCO2)c1cccs1
O=C(NCC(Oc1ccc2c(cnn2-c2nc(=O)cc[nH]2)c1)c1ccc2c(c1)OCCO2)c1ccsc1
O=C(NCC(Oc1ccc2c(cnn2-c2cnccn2)c1)c1ccc2c(c1)OCCO2)c1cc2ccccc2s1
O=C(NCC(Oc1ccc2c(cnn2-c2cn[nH]c2)c1)c1ccc2c(c1)CCO2)C1CCCN1C(=O)Cc1ccc2c(c1)CCO2
O=C(NCC(Oc1ccc2c(cnn2-c2cnccn2)c1)c1ccc2c(c1)CCC2)c1cc[nH]n1
O=C(NCC(Oc1ccc2c(cnn2-c2ccc3[nH]c(=O)ccc3c2)c1)c1cccc2ccccc12)c1cncs1
O=C(NCC(Oc1ccc2c(cnn2-c2nccc3c2ncn3-c2cn[nH]c2)c1)c1ccc2c(c1)OCCO2)c1ccccc1
O=C(NCC(Oc1ccc2c(cnn2-c2ccc3c(cnn3-c3ccccc3)c2)c1)c1ccc2c(c1)CCCC2)c1cccc2ccccc12
N=C(Cc1ccc2c(c1)OCCCO2)C(=O)Nc1ccc2cc[nH]c2c1
O=C(NCC(Oc1ccc2c(cnn2-c2noc3ccccc23)c1)c1ccc2c(c1)OCCO2)c1ccccc1
O=C(Cc1ccccc1)NCC(Oc1ccc2c(cnn2-c2cccc3c2cnn3-c2cccnc2)c1)c1ccc2c(c1)OCCO2
O=C(NCC(Oc1ccc2c(cnn2-c2ccc3nc[nH]c3c2)c1)c1ccc2c(c1)OCCO2)C1COCCO1
O=C(NCC(Oc1ccc2c(cnn2-c2cnn(C3COC3)c2)c1)c1ccccc1)c1cn(-c2ccncc2)nn1
O=C(NCC(Oc1ccc2c(cnn2-c2cn(CC3CC3)nn2)c1)c1ccncc1)c1cnoc1
N=c1cncc(-n2ncc3ccccc32)[nH]1
c1ccc2c(c1)OCCS2
O=C(NCC(Oc1ccc2c(cnn2-c2nnnn2C2CCCC2)c1)c1ccccc1)C1CCCNC1
O=C(NCC(Oc1ccc2c(cnn2-c2cc3c(cn2)CNCC3)c1)c1ccccc1)C1CC1
O=C(NCC(Oc1ccc2c(cnn2-c2c[nH]nn2)c1)c1ccc2c(c1)OCCCO2)c1cn[nH]c1
O=C(NCC(Oc1ccc2c(cnn2-c2cncc(-c3ccn[nH]3)c2)c1)c1ccccc1)c1nc[nH]n1
N=c1[nH]cc(-c2cnn(C3CC3)c2)cc1-n1ncc2cc(OC(CNC(=O)c3ccccc3)c3ccc4c(c3)OCCO4)ccc21
O=C(NCC(Oc1ccc2c(cnn2-c2ccccc2)c1)c1ccccc1)c1cc2c(s1)CCNC2
O=C(NCC(Oc1ccc2c(cnn2-c2ccc3cnccc3c2)c1)c1ccc2c(c1)CCC2)c1ccccc1
c1cnc2ncc(-n3ncc4cc(OCc5ccc6c(c5)OCCO6)ccc43)nc2c1
O=C(NCC(Oc1ccc2c(cnn2-c2ncon2)c1)c1ccccc1)c1ccc[nH]1
O=C(NCC(Oc1ccc2c(cnn2-c2cccc(-c3ncco3)c2)c1)c1ccccc1)c1cocn1
O=C(NCC(Oc1ccc2c(cnn2-c2cc3ccccc3cn2)c1)c1cccc2ccccc12)c1cscn1
O=C(NCC(Oc1ccc2c(cnn2-c2ccc3ncccc3c2)c1)c1ccc2c(c1)OCCO2)c1cnc2ccccn12
N=c1[nH]oc2cc(-n3ncc4cc(OC(CNC(=O)c5cccs5)c5ccc6c(c5)OCCO6)ccc43)ccc12
O=C(Nc1ccccc1)c1cccc(-n2ncc3cc(OC(=O)c4ccco4)ccc32)c1
c1ccc(-c2nc(-c3ccccc3)c(-c3ccccc3)o2)cc1
O=C(NCC(Oc1ccc2c(cnn2-c2ccnn2-c2ccccc2)c1)c1ccccc1)c1cnns1
O=C(NCC(Oc1ccc2c(cnn2-c2nncs2)c1)c1ccc2c(c1)OCCO2)c1cncs1
O=C(NCC(Oc1ccc2c(cnn2-c2ncnc3ccsc23)c1)c1cccnc1)c1cncnc1
O=C(NCC(Oc1ccc2c(cnn2-c2nccnc2-c2cncnc2)c1)c1ccc2c(c1)OCCO2)c1nc2ccccn2n1
O=C(NCC(Oc1ccc2c(cnn2-c2cc3c(cn2)CC2(CCNCC2)C3)c1)c1ccc2c(c1)OCCO2)c1ccncc1
O=C(NCC(Oc1ccc2c(cnn2-c2ccnc(C3CC3)n2)c1)c1ccc2c(c1)CCC2)c1cncnc1
O=C(c1cnn(-c2ccccc2)c1-n1cccc1)N1CCC(Oc2cccnc2)CC1
O=C(NCC(Oc1ccc2c(cnn2-c2nnco2)c1)c1ccc2c(c1)CCCC2)c1cscn1
O=C(NCC(Oc1ccc2c(cnn2-c2cnc3[nH]ncc3c2)c1)c1ccc2c(c1)CCNC2)c1cccc2cnccc12
O=C(NCC(Oc1ccc2c(cnn2-c2cc(N3CCOCC3)ncn2)c1)c1ccc2c(c1)OCCO2)C1CCCN1
c1ccc(-n2ncc3cc(OCc4cnn(C5CNC5)c4)ccc32)cc1
O=C(NCC(Oc1ccc2c(cnn2-c2ccc(-c3cnc4ccccc4c3)nn2)c1)c1ccccc1)C1CC1
O=C(NCC(Oc1ccc2c(cnn2-c2cnc3cccnc3n2)c1)c1ccccc1)c1ccon1
O=C(NCC(Oc1ccc2c(cnn2-c2cccc3[nH]ncc23)c1)c1ccccc1)c1ccnnc1
O=C1NCCc2cc(-n3ncc4cc(OC(CNC(=O)C5CCNCC5)c5ccc6c(c5)OCCO6)ccc43)cnc21
O=C(NCC(Oc1ccc2c(cnn2-c2conc2-c2ccccc2)c1)c1ccc2c(c1)OCCCO2)c1cccc(-n2nccn2)c1
O=C(NCC(Oc1ccc2c(cnn2-c2cnc3[nH]ncc3n2)c1)c1ccc2c(c1)OCCCO2)c1cncnc1
O=C(NCC(Oc1ccc2c(cnn2-c2nccc3cnccc23)c1)c1ccc2c(c1)CCC2)c1cnccn1
O=C(NCC(Oc1ccc2c(cnn2-c2ccncc2)c1)c1ccc2c(c1)OCC2)C(c1ccccc1)c1ccccc1
O=C(NCC(Oc1ccc2c(cnn2-c2ccccc2-c2ccccn2)c1)c1ccccc1)c1cc2cnccc2[nH]1
O=C(NCC(Oc1ccc2c(cnn2-c2cc3ccccc3cn2)c1)c1ccc2c(c1)OCCCO2)c1cocn1
O=C(Cc1cnccn1)NCC(Oc1ccc2c(cnn2-c2cccc3[nH]ncc23)c1)c1ccc2c(c1)OCCO2
O=C(NCC(Oc1ccc2c(cnn2-c2ncnc3c2CCC3)c1)c1ccccc1)c1cnccn1
c1ccc2nc(-n3ncc4cc(OCc5ccc6c(c5)OCCO6)ccc43)cnc2c1
O=C(NCC(Oc1ccc2c(cnn2-c2cnc3ncncc3c2)c1)c1ccccc1)c1cccc2nc[nH]c12
O=C(NCC(Oc1ccc2c(cnn2-c2nccnc2C2CCCC2)c1)c1ccsc1)c1cc[nH]n1
O=C(Cc1ccccc1)NCC(Oc1ccc2c(cnn2-c2cnccn2)c1)c1ccc2c(c1)OCCO2
O=C(NCC(Oc1ccc2c(cnn2-c2nccc3c2CCN(Cc2ccccn2)C3)c1)c1ccc2c(c1)OCCO2)c1ccn[nH]1
O=C(NCC(Oc1ccc2c(cnn2-c2nccc3c2CCCC3)c1)c1cccnc1)c1cccnc1
O=C(NCC(Oc1ccc2c(cnn2-c2nnc(-c3ccccc3)s2)c1)c1ccccc1)c1cnoc1
N=c1cc[nH]c(-n2ncc3cc(OCc4ccc5c(c4)OCCO5)ccc32)n1
c1cncc(-n2ncc3cc(OCc4ccc5c(c4)OCCO5)ccc32)c1
O=C(NCC(Oc1ccc2c(cnn2-c2nn[nH]n2)c1)c1cncnc1)c1ccccc1
O=C(NCC(Oc1ccc2c(cnn2-c2ccccc2-c2ncccn2)c1)c1ccccc1)C1CCCN1
O=C(NCC(Oc1ccc2c(cnn2-c2ccc3[nH]ncc3c2)c1)c1ccccc1)c1ccccc1
O=C(NCC(Oc1ccc2c(cnn2-c2cnccn2)c1)c1ccc2c(c1)OCCO2)c1ccccc1
O=C(CCC(Cc1ccc2[nH]ccc2c1)c1ccsc1)NCc1ccccc1
O=C(NCC(Oc1ccc2c(cnn2-c2ccc3nn[nH]c3c2)c1)c1ccc2c(c1)OCCCO2)C1CCC1
O=C(NCC(Oc1ccc2c(cnn2-c2ccc(=O)[nH]c2)c1)c1ccccc1)C1COCCO1
O=C(NCC(Oc1ccc2c(cnn2-c2nc3cscc3[nH]2)c1)c1ccc2c(c1)OCCO2)c1cscn1
O=C1NCc2cc(-n3ncc4cc(OCc5ccc6c(c5)OCCC6)ccc43)cnc21
N=c1[nH]ccc2cnc(-n3ncc4cc(OCc5ccc6c(c5)OCCO6)ccc43)cc12
c1ccc(-n2ncc3cc(OCc4ccc5c(c4)OCCN5)ccc32)cc1
O=C(NCC(Oc1ccc2c(cnn2-c2cccc(N3CCCCC3)n2)c1)c1ccc2c(c1)OCCO2)c1ncco1
O=C(NCC(Oc1ccc2c(cnn2-c2ccccc2-c2ccoc2)c1)c1ccccc1)c1csnn1
O=C(Cc1ccccc1)NCC(Oc1ccc2c(cnn2-c2cn[nH]c2)c1)c1ccc2c(c1)OCCO2
O=C(NCC(Oc1ccc2c(cnn2-c2ccc3ccccn23)c1)c1ccc2c(c1)OCCO2)c1ccccc1
c1ccc(N=c2nc(-c3ccncc3Nc3ccc(-n4cncn4)cc3)cc[nH]2)cc1
O=C(NCC(Oc1ccc2c(cnn2-c2ccccc2)c1)c1ccc2c(c1)CCC2)c1ccccc1
c1ccc(COc2ccc3c(cnn3-c3ccccc3CNCc3ccncc3)c2)cc1
c1ccc(-n2ncc3c(-n4ncc5cc(OCc6ccc7c(c6)OCCO7)ccc54)cccc32)cc1
O=C(NCC(Oc1ccc2c(cnn2-c2cccc(-c3cscn3)c2)c1)c1ccccc1)c1nc[nH]n1
O=C(NCC(Oc1ccc2c(cnn2-c2ccccc2)c1)c1ccc2c(c1)OCC2)c1cn[nH]c1
O=C(NCC(Oc1ccc2c(cnn2-c2cncc(-c3ccccc3)c2)c1)c1ccc2ccccc2c1)c1csnn1
O=C(NCC(Oc1ccc2c(cnn2-c2ccccn2)c1)c1ccc2c(c1)CCC2)c1nccc2ccccc12
O=C(NCC(Oc1ccc2c(cnn2-c2nccc3cnccc23)c1)c1ccc2c(c1)OCCO2)c1cnco1
O=C(NCC(Oc1ccc2c(cnn2-c2nccc3ncncc23)c1)c1cc2ccccc2o1)C1CCOC1
O=C(NCC(Oc1ccc2c(cnn2-c2ccccn2)c1)c1ccc2c(c1)OCCO2)C1CCCN1S(=O)(=O)c1ccccc1
O=C(NCC(Oc1ccc2c(cnn2-c2cnc3ccccn23)c1)c1ccc2c(c1)OCCO2)c1ccccc1
O=C(NCC(Oc1ccc2c(cnn2-c2cccc(N3CCNCC3)n2)c1)c1ccc2c(c1)OCCO2)C1CCCOC1
c1ccc(Cn2c(-c3c(-c4ccccc4)nc4ccccn34)nc3ccccc32)cc1
O=C(NCC(Oc1ccc2c(cnn2-c2ccccc2)c1)c1ccc2c(c1)OCCO2)c1nsc2c1CCCC2
O=C(NCC(Oc1ccc2c(cnn2-c2ccccc2-c2ccccn2)c1)c1ccccc1)c1nncs1
O=C(Cc1ccccc1)NCC(Oc1ccc2c(cnn2-c2ncnc3c2CCC3)c1)c1ccc2c(c1)OCCN2S(=O)(=O)c1ccccc1
O=C(NCC(Oc1ccc2c(cnn2-c2ncc3c(n2)CS(=O)(=O)C3)c1)c1ccc2c(c1)OCCO2)c1ccccc1
O=C(NCC(Oc1ccc2c(cnn2-c2cccc(N3CCCC3)n2)c1)c1ccccc1)c1cnco1
O=C(NCC(Oc1ccc2c(cnn2-c2nccc3ccncc23)c1)c1ccc2c(c1)OCCCO2)c1cccc2cnccc12
O=C(Cn1ccccc1=O)NCC(Oc1ccc2c(cnn2-c2ncnc3c2CCC3)c1)c1ccc2c(c1)OCCO2
O=C(NCC(Oc1ccc2c(cnn2-c2ccc(-n3cccn3)nc2)c1)c1c[nH]c2ccccc12)C1CCCC1
O=C(NCC(Oc1ccc2c(cnn2-c2ccc3cnn(-c4ccco4)c3c2)c1)c1ccc2c(c1)OCCCO2)c1ccn[nH]1
O=C(NCC(Oc1ccc2c(cnn2-c2cccc3cccnc23)c1)c1ccc2c(c1)OCCO2)c1ncc[nH]1
O=C(NCC(Oc1ccc2c(cnn2-c2nocc2-c2ccnnc2)c1)c1ccccc1)c1cocn1
O=C(NCC(Oc1ccc2c(cnn2-c2cncc(N3CCNCC3)n2)c1)c1ccccc1)c1ccoc1
O=C(NCC(Oc1ccc2c(cnn2-c2ccccc2)c1)c1ccc2c(c1)OCCCO2)c1noc2ccccc12
N=c1nc(-n2ncc3cc(OC(CNC(=O)C4CCCOC4)c4ccc5c(c4)CCO5)ccc32)[nH][nH]1
O=C(NCC(Oc1ccc2c(cnn2-c2ccc3ncccc3c2)c1)c1ccc2c(c1)CCNC2)c1cncnc1
O=C(NCC(Oc1ccc2c(cnn2-c2ccccc2)c1)c1ccc2c(c1)OCCO2)c1cnco1
O=C(Cc1cccs1)NCC(Oc1ccc2c(cnn2-c2nccc3ccsc23)c1)c1ccc2ncccc2c1
c1ccc2ncc(COc3ccc4c(cnn4-c4ccc5nccnc5c4)c3)cc2c1
c1ccc(-n2ncc3cc(OCc4ccc5c(c4)OCCCO5)ccc32)cc1
O=C(NCC(Oc1ccc2c(cnn2-c2nnn[nH]2)c1)c1ccccc1)c1cocn1
c1cc(-c2ccnc3ccccc23)cc(-n2ncc3cc(OCc4ccc5c(c4)COC5)ccc32)c1
c1cc2cc(COc3ccc4c(cnn4-c4cncc(-c5cn[nH]c5)c4)c3)ccc2[nH]1
O=C(NCC(Oc1ccc2c(cnn2-c2cnc3ncncc3c2)c1)c1ccoc1)c1cnn(C2CCCCC2)c1
O=C(CCc1c[nH]c2ccccc12)NCC(Oc1ccc2c(cnn2-c2ccc3c(c2)CCNC3)c1)c1ccc2c(c1)OCCO2
O=C(NCC(Oc1ccc2c(cnn2-c2ncnc3c2CCC3)c1)c1ccccc1)c1cnco1
O=C(Cc1ccsc1)NCC(Oc1ccc2c(cnn2-c2ccc3[nH]ncc3c2)c1)c1ccc2c(c1)OCCO2
O=C(NCC(Oc1ccc2c(cnn2-c2coc3ccccc23)c1)c1ccc2c(c1)CCC2)c1ccsc1
c1cncc(COc2ccc3c(cnn3-c3cnc4c(c3)CCN4)c2)c1
O=C(NCC(Oc1ccc2c(cnn2-c2cnc3ccccc3c2)c1)c1ccc2c(c1)OCCO2)c1ccc2[nH]ncc2c1
O=C(NCC(Oc1ccc2c(cnn2-c2nncs2)c1)c1ccc2c(c1)OCCO2)c1ncn2ccccc12
O=C(NCC(Oc1ccc2c(cnn2-c2cccnc2-c2ncccn2)c1)c1ccccc1)c1ccccc1
O=C(NCC(Oc1ccc2c(cnn2-c2ccccn2)c1)c1ccc2c(c1)OCCO2)c1cscn1
O=C(NCC(Oc1ccc2c(cnn2-c2ncn(-c3cccnc3)n2)c1)c1ccc2c(c1)OCCO2)c1ccccc1
c1ccc(-n2cc3cc(-n4ncc5cc(OCc6ccc7c(c6)OCCO7)ccc54)ccc3n2)cc1
O=C(NCC(Oc1ccc2c(cnn2-c2cncc(-c3ccn[nH]3)c2)c1)c1ccccc1)c1nnco1
O=C(NCC(Oc1ccc2c(cnn2-c2ccccc2)c1)c1ccc2c(c1)OCCO2)c1ccno1
O=c1c2ccncc2cnn1-c1cncc(-n2ncc3cc(OC(c4ccc5[nH]ccc5c4)c4cnc[nH]4)ccc32)c1
c1cc(-c2ccn[nH]2)cc(-n2ncc3cc(OCc4ccc5c(c4)OCCO5)ccc32)c1
O=C(NCC(Oc1ccc2c(cnn2-c2ccnc3ccccc23)c1)c1ccc2c(c1)CCO2)c1cnco1
c1ccc2c(-n3ncc4cc(OCc5ccc6c(c5)CCO6)ccc43)n[nH]c2c1
O=C(NC1(C(=O)NCC(Oc2ccc3c(cnn3-c3cncc(-n4cccn4)c3)c2)c2ccccc2)CCCCC1)c1cnco1
O=C(NCC(Oc1ccc2c(cnn2-c2cc3ccccc3cn2)c1)c1ccccc1)c1cnoc1
O=C(NCC(Oc1ccc2c(cnn2-c2nnc3ccccn23)c1)c1ccc2c(c1)OCCCO2)c1ccccc1
O=C(NCC(Oc1ccc2c(cnn2-c2ccc(-n3cccn3)nc2)c1)c1ccc2c(c1)OCCO2)c1cnccn1
O=C(NCC(Oc1ccc2c(cnn2-c2ccccc2-c2cnccn2)c1)c1ccccc1)c1ccoc1
O=C(NCC(Oc1ccc2c(cnn2-c2ccccn2)c1)c1ccc2ccccc2c1)c1ccoc1
O=c1ccc(-n2ncc3cc(OCc4ccc5c(c4)OCCO5)ccc32)nn1-c1ccccc1
O=C(NCC(Oc1ccc2c(cnn2-c2ccncn2)c1)c1ccc2c(c1)OCCO2)c1ccc2c(c1)OCCO2
O=C(NCC(Oc1ccc2c(cnn2-c2ccc3cccc(-n4ccnc4)c3c2)c1)c1ccc2c(c1)OCCO2)c1ccccc1
O=C(Nc1ccccc1)C1CCN1
O=C(NCC(Oc1ccc2c(cnn2-c2nccc3c2ccn3-c2cccnc2)c1)c1ccc2c(c1)OCCO2)c1cnco1
O=C(NCC(Oc1ccc2c(cnn2-c2cccc(C3CCC3)n2)c1)c1ccccc1)c1cn2ccccc2n1
O=C(NCC(Oc1ccc2c(cnn2-c2ccnn2-c2ccc3c(c2)OCCO3)c1)c1ccc2c(c1)CCC2)c1ccccc1
O=C(NCC(Oc1ccc2c(cnn2-c2cc3n(n2)CCC3)c1)c1ccc2c(c1)CCC2)c1ccc2c(c1)OCCO2
O=C(NCC(Oc1ccc2c(cnn2-c2ncnc3c2CCCC3)c1)c1ccc2c(c1)OCCO2)c1ccccc1
O=C(CCc1ccccc1)NCC(Oc1ccc2c(cnn2-c2nnc(-c3ccco3)s2)c1)c1ccc2c(c1)OCCCO2
c1ccc(-n2ncc3cc(OCc4cccnc4)ccc32)cc1
O=C(CC1CCOCC1)NCC(Oc1ccc2c(cnn2-c2cn(CCC3CCCCC3)nn2)c1)c1ccccc1
O=C(NCC(Oc1ccc2c(cnn2-c2cn(CC3CCN(c4ccc5ccccc5n4)CC3)nn2)c1)c1ccccc1)c1cc2ccccc2s1
O=C(NCC(Oc1ccc2c(cnn2-c2ncco2)c1)c1ccc2c(c1)OCCO2)c1ccccc1
O=C(NCC(Oc1ccc2c(cnn2-c2cn(C3CCCC3)nn2)c1)c1ccccc1)c1cccs1
O=C(NCC(Oc1ccc2c(cnn2-c2nccc3nn[nH]c23)c1)c1ccc2c(c1)OCCO2)c1ccncc1
O=C(NCC(Oc1ccc2c(cnn2-c2ncnc3[nH]ncc23)c1)c1ccc2c(c1)OCCO2)c1ccccc1
O=C(NCC(Oc1ccc2c(cnn2-c2nccc3c2CNC3)c1)c1ccc2c(c1)OCCO2)c1ccn[nH]1
O=C(NCC(Oc1ccc2c(cnn2-c2cccc(-n3ncc4ncncc43)c2)c1)c1cccnc1)c1ccncc1
O=C(NCC(Oc1ccc2c(cnn2-c2cccc(N3CC[SH+]CC3)n2)c1)c1ccc2c(c1)OCCCO2)c1cscn1
O=C(NCC(Oc1ccc2c(cnn2-c2ccncn2)c1)c1ccc2c(c1)OCCO2)C1CCCCN1
O=C(NCC(Oc1ccc2c(cnn2-c2ccncn2)c1)c1nccs1)c1nccs1
c1ccc2cc(-n3ncc4cc(OCc5ccncc5)ccc43)ccc2c1
c1ccc(COc2ccc3c(cnn3-c3ccc4c(c3)CCNC4)c2)nc1
O=C(NCC(Oc1ccc2c(cnn2-c2cncc(N3CCCC3)c2)c1)c1ccc2c(c1)OCCO2)c1cccc2[nH]ncc12
O=C(NCC(Oc1ccc2c(cnn2-c2cccc3[nH]ncc23)c1)c1ccc2c(c1)CCC2)c1ccn[nH]1
O=C(Cc1ccc2ncccc2c1)NCC(Oc1ccc2c(cnn2-c2ccn[nH]2)c1)c1ccc2c(c1)OCCO2
c1cc2c(cc1COc1ccc3c(cnn3-c3cc4c(cn3)OCCN4)c1)OCCN2
O=C(NCC(Oc1ccc2c(cnn2-c2ccccn2)c1)c1ccc2c(c1)OCCO2)C1CNC1
O=C(Cc1ccc2c(c1)CCO2)NCC(Oc1ccc2c(cnn2-c2cncc(-n3nccn3)c2)c1)c1ccc2c(c1)OCCO2
c1ccc(-n2ncc3c(CNCC(Oc4ccc5c(cnn5-c5ccc[nH]5)c4)c4ccc5c(c4)OCCC5)cccc32)cc1
O=C(NCC(Oc1ccc2c(cnn2-c2ccccc2-c2cncnc2)c1)c1ccccc1)c1cncs1
O=C(NCC(Oc1ccc2c(cnn2-c2ncccn2)c1)c1ccc2c(c1)OCCO2)c1ccc[nH]1
c1cc(-c2cnoc2)cc(-n2ncc3cc(OCc4ccc5c(c4)OCCCO5)ccc32)n1
O=C(NCC(Oc1ccc2c(cnn2-c2c[nH]nn2)c1)c1ccc2c(c1)CCC2)c1ccccc1
O=C(CCCN1CCCCC1)NCC(Oc1ccc2c(cnn2-c2ncnc3[nH]cnc23)c1)c1ccc2c(c1)OCCO2
O=C(NCC(Oc1ccc2c(cnn2-c2ccc3ncnn3c2)c1)c1ccc2c(c1)OCCO2)c1cc(-c2ccccn2)c[nH]1
N=c1nc(-n2ncc3cc(OC(CNC(=O)CCc4ccccc4)c4ccc5c(c4)OCCO5)ccc32)cc[nH]1
O=C(NCC(Oc1ccc2c(cnn2-c2ncnc3c2CCC3)c1)c1ccc2c(c1)CCC2)c1cncs1
O=C(NCC(Oc1ccc2c(cnn2-c2ccccn2)c1)c1ccc2c(c1)OCCO2)c1ccccc1
O=C(Cc1ccccc1)NCC(Oc1ccc2c(cnn2-c2cnc3ccccc3c2)c1)c1ccc2ccccc2n1
O=C(NCC(Oc1ccc2c(cnn2-c2ccc3onc(N4CCOCC4)c3c2)c1)c1ccccc1)c1ccoc1
O=C(NCC(Oc1ccc2c(cnn2-c2cccc(-c3cnn(C4CCOCC4)c3)n2)c1)c1ccc2c(c1)OCCO2)c1ccccc1
O=C(NCC(Oc1ccc2c(cnn2-c2cnc[nH]2)c1)c1ccccc1)c1cccnn1
O=C(NCC(Oc1ccc2c(cnn2-c2cccnc2)c1)c1ccc2c(c1)CCNCC2)C1CC1
O=C(NCC(Oc1ccc2c(cnn2-c2cc3c(cn2)C(=O)NCC3)c1)c1ccc2c(c1)OCCO2)c1ccccc1
O=C(NCC(Oc1ccc2c(cnn2-c2ccnc(N3CCOCC3)n2)c1)c1ccc2c(c1)OCCCO2)C1CC1
N=c1nc(-n2ncc3cc(OC(CNC(=O)c4ccn[nH]4)c4ccc5c(c4)CCO5)ccc32)cc[nH]1
O=C(NCC(Oc1ccc2c(cnn2-c2ccncn2)c1)c1ccccc1)c1nc2ccccc2[nH]1
O=C1NCC(c2ccc3c(c2)OCCO3)OC2=CN(c3ccc4nccc(-c5ccncc5)c4c3)N=CC(=C2)c2ccncc21
c1ccc(COc2ccc3c(cnn3-c3ccc4nncn4c3)c2)cc1
O=C(NCC(Oc1ccc2c(cnn2-c2nccc3scnc23)c1)c1ccc2c(c1)OCCO2)c1ccn[nH]1
O=C(NCC(Oc1ccc2c(cnn2-c2ncnc3c(=O)[nH]cnc23)c1)c1ccc2c(c1)CCO2)c1ccccc1
N=c1nc(-n2ncc3cc(OC(CNC(=O)c4ncco4)c4ccc5c(c4)OCCCO5)ccc32)cc[nH]1
O=C(NCC(Oc1ccc2c(cnn2-c2cccc(-c3ccco3)c2)c1)c1ccccc1)c1ncco1
O=C(NCC(Oc1ccc2c(cnn2-c2cccc3ccccc23)c1)c1ccccc1)c1snc2ccccc12
O=C(NCC(Oc1ccc2c(cnn2-c2ccccc2)c1)c1ccncc1)C12C=NC=CC=C3OC3C1CCCCC2
N=c1[nH]cc(C2CC2)nc1-n1ncc2cc(OC(CNC(=O)c3nccs3)c3ccc4c(c3)OCCO4)ccc21
O=C(NCC(Oc1ccc2c(cnn2-c2ncnc3ccsc23)c1)c1ccc2c(c1)OCCO2)c1cnn2c1CCCCC2
O=C(NCC(Oc1ccc2c(cnn2-c2nncc3ccccc23)c1)c1ccc2c(c1)OCCO2)c1cccnc1
O=C(NCC(Oc1ccc2c(cnn2-c2cncc(-c3ccco3)c2)c1)c1ccc2c(c1)OCCO2)c1cncnc1
O=C(NCC(Oc1ccc2c(cnn2-c2ncnc3c2CCC3)c1)c1ccc2c(c1)OCCO2)c1cc[nH]n1
O=C(NCC(Oc1ccc2c(cnn2-c2ccc(-c3ncccn3)cc2)c1)c1ccc2c(c1)OCCO2)c1ccccc1
O=C(NCC(Oc1ccc2c(cnn2-c2ccc(N3CCOCC3)nn2)c1)c1ccccc1)c1ccon1
O=C(NCC(Oc1ccc2c(cnn2-c2cnc3[nH]ncc3c2)c1)c1ccncc1)c1cccnc1
O=C(NCC(Oc1ccc2c(cnn2-c2nncc3ccnn23)c1)c1ccc2c(c1)CCO2)c1cccc2ccccc12
O=C(NCC(Oc1ccc2c(cnn2-c2ccc3ccccc3c2)c1)c1ccc2c(c1)CCC2)c1ncc[nH]1
O=C(NCC(Oc1ccc2c(cnn2-c2ncnc3c2cnn3C2CCCC2)c1)c1ccc2c(c1)OCCO2)c1ccccn1
O=C(NCC(Oc1ccc2c(cnn2-c2c[nH]nc2-c2ccncc2)c1)c1ccccc1)C1CCCNC1
O=C(c1ccccc1)N1CCc2cc(COc3ccc4c(cnn4-c4cnoc4)c3)ccc21
O=C(NCC(Oc1ccc2c(cnn2-c2cc3c(cn2)CN(Cc2cnccn2)CC3)c1)c1ccc2c(c1)OCCO2)c1ccc2c(c1)OCC2
O=C(NCC(Oc1ccc2c(cnn2-c2cc(-c3ncccn3)ccn2)c1)c1ccccc1)c1c[nH]c(=O)cn1
O=C1NCCc2nc(-n3ncc4cc(OC(CNC(=O)C5CCCOC5)c5ccc6c(c5)OCCO6)ccc43)ncc21
O=C(Cc1cccs1)NCC(Oc1ccc2c(cnn2-c2nnco2)c1)c1ccc2c(c1)OCC2
O=C(NCC(Oc1ccc2c(cnn2-c2cnn3cccnc23)c1)c1ccc2c(c1)OCCO2)c1ccc2nncn2c1
O=C(NCC(Oc1ccc2c(cnn2-c2cccnn2)c1)c1ccc2c(c1)OCCO2)c1ccco1
O=C(NCC(Oc1ccc2c(cnn2-c2ccc3nonc3c2)c1)c1ccc2c(c1)OCCO2)c1cnco1
O=C(NCC(Oc1ccc2c(cnn2-c2ccnc(-c3cccs3)c2)c1)c1ccccc1)c1cnco1
O=C(NCC(Oc1ccc2c(cnn2-c2nnco2)c1)c1ccccc1)C1(c2ccncc2)CC1
O=C(NCC(Oc1ccc2c(cnn2-c2cccc3cnoc23)c1)c1ccc2c(c1)OCCO2)c1cncs1
c1ccc(-n2ncc3cc(OCc4cn[nH]c4)ccc32)cc1
O=C(NCC(Oc1ccc2c(cnn2-c2cc(-c3cccnc3)n[nH]2)c1)c1ccc2c(c1)OCCO2)C1CC1
c1ccc(-n2ncc3cc(OCc4ccc5c(c4)CCNC5)ccc32)cc1
O=C(Cc1cncnc1)NCC(Oc1ccc2c(cnn2-c2coc3ccncc23)c1)c1ccc2c(c1)OCCCO2
O=C(NCC(Oc1ccc2c(cnn2-c2ccc(-c3ccccc3)cc2)c1)c1ccc2c(c1)OCCO2)C1CCCCC1
O=C(NCC(Oc1ccc2c(cnn2-c2cccc(-c3cccnc3)c2)c1)c1ccc2c(c1)OCCO2)C1CCCC1
c1cncc(CN2CCc3ccc(COc4ccc5c(cnn5-c5cccnc5)c4)cc3C2)c1
O=C(NCC(Oc1ccc2c(cnn2-c2cncc(-c3cn[nH]c3)c2)c1)c1ccccc1)c1ccno1
O=C(NCC(Oc1ccc2c(cnn2-c2cc(-c3ccccn3)n[nH]2)c1)c1ccc2c(c1)OCCO2)C1CCCC1
O=C(NCC(Oc1ccc2c(cnn2-c2ncnc3c2CCC3)c1)c1ccc2c(c1)CCO2)c1ccccc1
O=C(Cc1ccccc1)NCC(Oc1cnc2c(cnn2-c2ccn[nH]2)c1)c1ccc2c(c1)CCO2
O=C(NCC(Oc1ccc2c(cnn2-c2ccccn2)c1)c1ccc2ccccc2c1)c1cocn1
O=C(NCC(Oc1ccc2c(cnn2-c2cncc(-c3ccn[nH]3)c2)c1)c1ccccc1)c1cnco1
O=C(NCC(Oc1ccc2c(cnn2-c2cnc3nn(C4COC4)cc3c2)c1)c1ccc2c(c1)OCCO2)c1nnco1
O=C(NCC(Oc1ccc2c(cnn2-c2ccn3ncnc3c2)c1)c1ccc2c(c1)OCCC2)c1cc2c(s1)CCCC2
c1cc(-n2ncc3cc(OCc4ccc5c(c4)OCCN5)ccc32)c2ccncc2c1
O=C(NCC(Oc1ccc2c(cnn2-c2cnc3[nH]c(=O)[nH]c3c2)c1)c1ccc2c(c1)OCCO2)c1cncs1
O=C(NCC(Oc1ccc2c(cnn2-c2cccnc2C2CCC2)c1)c1ccc2c(c1)OCCO2)c1cccnc1
O=C(NCC(Oc1ccc2c(cnn2-c2ccc(-c3cccnc3)nn2)c1)c1ccccc1)c1ccn[nH]1
O=C(NCC(Oc1ccc2c(cnn2-c2cccc(N3CCC3)n2)c1)c1ccncc1)c1nccs1
O=C(NCC(Oc1ccc2c(cnn2-c2ccccc2)c1)c1ccc2c(c1)OCCC2)c1cnco1
O=C(NCC(Oc1ccc2c(cnn2-c2ncnc3ccsc23)c1)c1ccccc1)C1COC1
O=C(NCC(Oc1ccc2c(cnn2-c2ncc3ccccc3n2)c1)c1ccccc1)c1cccn(-c2ccccc2)c1=O
O=C(NCC(Oc1ccc2c(cnn2-c2cnc3ncncc3c2)c1)c1ccc2c(c1)OCCO2)c1ncc[nH]1
O=C(NCC(Oc1ccc2c(cnn2-c2cnc3cnccc3c2)c1)c1ccc2c(c1)OCCO2)c1cc[nH]n1
O=C(NCC(Oc1ccc2c(cnn2-c2nc(N3CCOCC3)cc3c2CCC3=O)c1)c1ccc2c(c1)OCCO2)c1ccccc1
O=C(NCC(Oc1ccc2c(cnn2-c2nccc3c2CCN(C(=O)c2ccccc2)C3)c1)c1cnccn1)c1cn[nH]c1
O=C(NCC(Oc1ccc2c(cnn2-c2ccc(OCCC3CC3)nn2)c1)c1ccc2c(c1)OCCO2)c1cnoc1
O=C(NCC(Oc1ccc2c(cnn2-c2cc3c(cn2)CCCC3)c1)c1ccc2c(c1)OCCO2)c1cocn1
O=C(NCC(Oc1ccc2c(cnn2-c2ccc(-c3nnco3)cc2)c1)c1ccc2c(c1)OCCO2)c1ccco1
O=C(CCc1ccccc1)NCC(Oc1ccc2c(cnn2-c2cccc(N3CCCCC3)n2)c1)c1ccc2c(c1)OCCO2
O=C(NCC(Oc1ccc2c(cnn2-c2ncco2)c1)c1ccc2[nH]cnc2c1)c1cncs1
O=C(Cc1cccc2ccccc12)NCC(Oc1ccc2c(cnn2-c2ccccc2-c2nn[nH]n2)c1)c1ccc2c(c1)OCCO2
O=C(NCC(Oc1ccc2c(cnn2-c2ccccn2)c1)c1ccccc1)c1cccc(-c2ccc3nncn3c2)n1
O=C(NCC(Oc1ccc2c(cnn2-c2cccc(-n3ncc4ccccc4c3=O)c2)c1)c1ccccc1)c1cccnc1
O=C(NCC(Oc1ccc2c(cnn2-c2cn[nH]c2)c1)c1ccc2c(c1)OCCO2)c1csc(-c2ccncc2)n1
O=C(COc1ccccc1)c1ccccc1
O=C(NCC(Oc1ccc2c(cnn2-c2n[nH]c3ccncc23)c1)c1ccc2c(c1)CCC2)C1CCC1
c1ccc(COc2ccc3c(cnn3-c3ncnc4[nH]cnc34)c2)cc1
c1cc2c(cc1COc1ccc3c(cnn3-c3csc(N4CCNCC4)n3)c1)OCCCO2
O=C(NCC(Oc1ccc2c(cnn2-c2cc[nH]c(=Nc3ccccc3)n2)c1)c1ccc2c(c1)OCCO2)c1ccncc1
O=C(NCC(Oc1ccc2c(cnn2-c2cnc(N3CCNCC3)nc2)c1)c1ccccc1)c1cc2[nH]ncc2s1
O=C(CNC(=O)c1ccccn1)NC1CCCCCCC1
c1cc(COc2ccc3c(cnn3-c3cn(-c4ccnc5[nH]ccc45)cn3)c2)ccn1
O=C(NCC(Oc1ccc2c(cnn2-c2ccc3[nH]cnc3c2)c1)c1ccccc1)c1cnon1
O=C(NCC(Oc1ccc2c(cnn2-c2ccccc2-c2ncccn2)c1)c1ccc(N2CCNCC2)nc1)c1cncs1
c1cc(-n2ncc3cc(OCc4cnc5c(c4)CCCN5)ccc32)nc(N2CCNCC2)n1
O=C(NCC(Oc1ccc2c(cnn2-c2ccccc2-c2ccn[nH]2)c1)c1ccccc1)c1ccnnc1
O=C(NCC(Oc1ccc2c(cnn2-c2cnc3c(c2)CCNC3)c1)c1ccc2c(c1)OCCO2)c1cccc2cnccc12
O=C(NCC(Oc1ccc2c(cnn2-c2nccc3c2CCC3)c1)c1ccc2c(c1)CCO2)c1cc[nH]n1
c1ccc(-n2ncc3cc(OCc4ccc5c(c4)OCCO5)ccc32)c(-c2ncn[nH]2)c1
O=C(NCC(Oc1ccc2c(cnn2-c2ccc3cnccc3n2)c1)c1ccc2c(c1)OCCO2)C1(c2ccccn2)CCCC1
O=C(NCC(Oc1ccc2c(cnn2-c2cn[nH]c2)c1)c1ccc2c(c1)OCCCO2)c1cnoc1
O=C(NCC(Oc1ccc2c(cnn2-c2nnn[nH]2)c1)c1ccc2c(c1)OCCC2)c1cc2ccccc2[nH]1
O=C(NCC(Oc1ccc2c(cnn2-c2ccc(-c3cccnc3)cc2)c1)c1cccnc1)C1CCC1
O=C(NCC(Oc1ccc2c(cnn2-c2cnccn2)c1)c1ccccc1)c1nccc2cnccc12
c1ccc(-c2cn3c(n2)-c2cc(-c4cn[nH]c4)ccc2OCC3)cc1
O=C(NCC(Oc1ccc2c(cnn2-c2ccncn2)c1)c1ccc2c(c1)OCCCO2)c1n[nH]s1
O=C(CNC(=O)C(Cc1ccccc1)c1ccc(OC2CCNCC2)cc1)NC1CCc2ccccc21
O=C(NCC(Oc1ccc2c(cnn2-c2cccc(C3CC3)n2)c1)c1ccccc1)c1ccncc1
O=C(CCc1ccccc1)NCC(Oc1ccc2c(cnn2-c2cc3ccccc3cn2)c1)c1ccc2c(c1)OCCO2
O=C(NCC(Oc1ccc2c(cnn2-c2cncnc2)c1)c1ccccc1)C1CCOC1
O=c1c2ccccc2cnn1-c1cc(-n2ncc3cc(OCc4ccn[nH]4)ccc32)ncn1
O=C(NCC(Oc1ccc2c(cnn2-c2nccc3ccncc23)c1)c1ccc2c(c1)OCCO2)c1cccnc1
O=C(NCC(Oc1ccc2c(cnn2-c2cnn(-c3cncnc3)c2)c1)c1ccccc1)c1conn1
O=C(NCC(Oc1ccc2c(cnn2-c2ccccc2-c2ccon2)c1)c1ccc2c(c1)OCCO2)C1CC1
c1nc2c(c(-n3ncc4cc(OCc5ccc6c(c5)CCC6)ccc43)n1)CCC2
O=C(NCC(Oc1ccc2c(cnn2-c2nc3ccccc3[nH]2)c1)c1ccc2c(c1)CCC2)c1ccncc1
O=C(NCC(Oc1ccc2c(cnn2-c2ccccn2)c1)c1ccc2c(c1)OCCO2)c1ccc2c(c1)OCCO2
O=C(NCC(Oc1ccc2c(cnn2-c2cccc(N3CCCC3)n2)c1)c1ccc2c(c1)OCCCO2)c1cncnc1
O=C(NCC(Oc1ccc2c(cnn2-c2cc(C(=O)N3CCCC3)ccn2)c1)c1ccc2c(c1)OCCO2)c1coc2ccccc12
O=C(NCC(Oc1ccc2c(cnn2-c2cccc(-c3ccn[nH]3)c2)c1)c1cc2ccccc2o1)c1cnoc1
O=C(NCC(Oc1ccc2c(cnn2-c2cccc3ncccc23)c1)c1ccc2c(c1)OCCO2)c1ccccc1
O=C(NCC(Oc1ccc2c(cnn2-c2cnc3c(c2)CCNC3=O)c1)c1cccnc1)c1cnccn1
O=C(NC1CCc2cc(-n3ncc4ccccc43)ccc21)C1CC1
O=C(NCC(Oc1ccc2c(cnn2-c2ccccn2)c1)c1ccco1)c1ncn2c1CCCC2
O=C(COc1ccccc1)NCC(Oc1ccc2c(cnn2-c2ccn[nH]2)c1)c1ccon1
O=C(NCC(Oc1ccc2c(cnn2-c2nnc[nH]2)c1)c1ccc2c(c1)CCN(C1COC1)CC2)C1CCOCC1
O=C(NCC(Oc1ccc2c(cnn2-c2ccccc2-c2ncn[nH]2)c1)c1ccc2c(c1)OCCO2)c1ccncc1
O=c1c(OC2CCCCO2)c(-c2ccccc2)oc2ccccc12
O=C(CCc1ccccc1)NCC(Oc1ccc2c(cnn2-c2nnc(-c3cccs3)o2)c1)c1ccc2c(c1)OCCCO2
O=C(NCC(Oc1ccc2c(cnn2-c2cccc(N3CCCCC3)n2)c1)c1ccc2c(c1)OCCO2)c1ccon1
O=C(NCC(Oc1ccc2c(cnn2-c2cccc(-c3c[nH]cn3)c2)c1)c1cccnc1)c1cccnn1
O=C(NCC(Oc1ccc2c(cnn2-c2cnc3ncncc3c2)c1)c1ccccc1)c1cscn1
O=C(NCC(Oc1ccc2c(cnn2-c2ncccc2-c2ccn[nH]2)c1)c1ccc2c(c1)OCCO2)c1ccsc1
O=C(NCC(Oc1ccc2c(cnn2-c2ccc3[nH]ccc3c2)c1)c1ccccc1)c1ccn[nH]1
c1cc2c(cc1COc1ccc3c(cnn3-c3cc4c(nn3)CCC4)c1)OCCCO2
O=C(NCC(Oc1ccc2c(cnn2-c2ccccc2)c1)c1ccc2c(c1)OCCO2)c1cnoc1
O=C(NCC(Oc1ccc2c(cnn2-c2cnn(-c3cncnc3)c2)c1)c1ccc2c(c1)OCCO2)c1cnc2ccccn12
O=C(NCC(Oc1ccc2c(cnn2-c2ccccn2)c1)c1ccc2c(c1)OCCO2)c1ccncc1
O=C(NCC(Oc1ccc2c(cnn2-c2ccccn2)c1)c1ccc2c(c1)OCCO2)c1cnoc1
O=C(Cc1ccc2ccccc2c1)NCC(Oc1ccc2c(cnn2-c2cc(-c3ccncc3)ccn2)c1)c1ccc2c(c1)OCCO2
O=C(NCC(Oc1ccc2c(cnn2-c2cnc3ncccc3c2)c1)c1ccc2c(c1)OCCO2)c1ccccc1
O=C(NCC(Oc1ccc2c(cnn2-c2nc(N3CCOCC3)cc3c2cnn3-c2ccccc2)c1)c1ccc2c(c1)OCCO2)C1CCC1
O=C(NCC(Oc1ccc2c(cnn2-c2ncccn2)c1)c1ccc2c(c1)CCC2)c1ccon1
O=C(NCC(Oc1ccc2c(cnn2-c2cc3nccnc3cn2)c1)c1ccc2c(c1)OCCO2)c1cocn1
O=C(NCC(Oc1ccc2c(cnn2-c2ccc(-n3ccnc3)cn2)c1)c1ccc2c(c1)OCCO2)c1cccnc1
O=C(NCC(Oc1ccc2c(cnn2-c2ccc3nc(-c4ccccc4)cn3c2)c1)c1ccc2c(c1)OCCO2)C1COC1
O=C(NCC(Oc1ccc2c(cnn2-c2ccccc2-c2nc[nH]n2)c1)c1ccc2c(c1)OCCO2)c1cnco1
c1cncc(COc2ccc3c(cnn3-c3cc[nH]n3)c2)c1
O=C(NCC(Oc1ccc2c(cnn2-c2cc3ccccc3cn2)c1)c1ccc2c(c1)OCCO2)C1CC1c1ccncn1
O=C(NCC(Oc1ccc2c(cnn2-c2nc3[nH]c(=O)[nH]c(=O)c3[nH]2)c1)c1ccc2c(c1)OCCO2)c1ccc2c(c1)OCCO2
c1cc2c(cc1-c1ncc(C3CCCCO3)s1)CCCN2
O=C(NCC(Oc1ccc2c(cnn2-c2ccnc(-c3cccnc3)c2)c1)c1ccc2c(c1)OCCO2)c1ccn[nH]1
O=C(NCC(Oc1ccc2c(cnn2-c2cnc3c(c2)CCCC3)c1)c1ccc2c(c1)OCCCO2)c1cnco1
O=C(NCC(Oc1ccc2c(cnn2-c2ncnc3[nH]ccc23)c1)c1ccccc1)c1cnn2c1CCCC2
O=C(NCC(Oc1ccc2c(cnn2-c2cccc(-c3ccno3)c2)c1)c1ccc2c(c1)OCCO2)c1ccccc1
O=C(NCC(Oc1ccc2c(cnn2-c2cncc3ccccc23)c1)c1ccc2c(c1)CCO2)c1cnc2ccccn12
O=C(Cc1cccc2nonc12)NCC(Oc1ccc2c(cnn2-c2nnc3ccccn23)c1)c1ccc2c(c1)OCCO2
O=C(NCC(Oc1ccc2c(cnn2-c2ccc3[nH]ncc3c2)c1)c1ccccc1)C1CC1
O=C(NCC(Oc1ccc2c(cnn2-c2ccnc3[nH]ncc23)c1)c1ccc2c(c1)OCCO2)c1ccn[nH]1
c1cc(N2CCOCC2)nc(-n2ncc3cc(OCc4ccc5c(c4)OCC5)ccc32)c1
O=C(NCC(Oc1ccc2c(cnn2-c2ccc3[nH]ccc3c2)c1)c1ccc2c(c1)OCCCO2)c1cn[nH]c1
O=C(NCC(Oc1ccc2c(cnn2-c2cnoc2)c1)c1ccc2c(c1)OCCO2)C1CCCCC1
O=C(NCC(Oc1ccc2c(cnn2-c2ccncc2)c1)c1ccc2c(c1)OCCO2)c1cncs1
O=C(NCC(Oc1ccc2c(cnn2-c2ccc3[nH]ncc3c2)c1)c1ccc2c(c1)OCCCO2)c1ccco1
O=C(NCC(Oc1ccc2c(cnn2-c2cccc3cnccc23)c1)c1ccc2c(c1)OCCO2)c1cc2ccccc2[nH]1
O=C(NCC(Oc1ccc2c(cnn2-c2ccnc(N3CCNCC3)c2)c1)c1ccc2c(c1)OCCO2)c1cncs1
O=C(NCC(Oc1ccc2c(cnn2-c2cnnc3cnccc23)c1)c1cccs1)c1cn[nH]c1
c1ccc(CN2CCC(n3cnc4c(-n5ncc6cc(OCc7ccc8c(c7)OCCN8)ccc65)ncnc43)CC2)cc1
O=C(NCC(Oc1ccc2c(cnn2-c2ccc3oc4ccccc4c3c2)c1)c1ccc2c(c1)OCCO2)c1cncnc1
O=C(Cc1cscn1)NCC(Oc1ccc2c(cnn2-c2cccnc2)c1)c1ccc2c(c1)OCCO2
O=C(NCC(Oc1ccc2c(cnn2-c2ccc3c(c2)OCCO3)c1)c1ccc2c(c1)CCC2)c1ccon1
O=C(Cc1ccccc1)NCC(Oc1ccc2c(cnn2-c2cc3cncnc3[nH]2)c1)c1ccc2c(c1)CCNC2
O=C(NCC(Oc1ccc2c(cnn2-c2nccc3c2CCNC3)c1)c1ccc2c(c1)OCCC2)c1ccsc1
O=C(NCC(Oc1ccc2c(cnn2-c2ccc3[nH]ccc3c2)c1)c1ccc2c(c1)CCC2)c1ccccn1
O=C(NCC(Oc1ccc2c(cnn2-c2ncnc3ccsc23)c1)c1ccc2c(c1)OCCO2)C1COc2ccccc2C1
O=C(NCC(Oc1ccc2c(cnn2-c2ncnc3c2CNC3)c1)c1ccccc1)C1COCO1
O=C(NCC(Oc1ccc2c(cnn2-c2ccon2)c1)c1ccc2ccccc2c1)c1cccc2ccccc12
O=C(NCC(Oc1ccc2c(cnn2-c2cncc(-c3ccncc3)c2)c1)c1ccc2c(c1)OCCO2)c1cncs1
N=c1nc(-n2ncc3cc(OC(CNC(=O)Cc4cccc5ccccc45)c4ccc5c(c4)OCCO5)ccc32)c(-c2ccncc2)c[nH]1
O=C(NCC(Oc1ccc2c(cnn2-c2cccc3cnncc23)c1)c1ccc2c(c1)OCCO2)C1COCCO1
O=C(NCC(Oc1ccc2c(cnn2-c2ccncn2)c1)c1ccccc1)c1ncns1
N=c1cc[nH]c(-n2ncc3cc(OC(CNC(=O)C4CCOCC4)c4ccccc4)ccc32)n1
c1ccc2c(c1)cnn2-c1ccc2c(-c3cncnc3)nncc2c1
c1cc(-c2nc(-n3ncc4cc(OCc5ccc6c(c5)OCCO6)ccc43)cs2)ccn1
O=C(NCC(Oc1ccc2c(cnn2-c2ccc3cncnc3c2)c1)c1ccccc1)c1ncco1
O=C(NCC(Oc1ccc2c(cnn2-c2ccncc2)c1)c1ccc2c(c1)OCCO2)c1cncn(Cc2ccccc2)c1=O
O=C(NCC(Oc1ccc2c(cnn2-c2cccc(N3CCN(C4COC4)CC3)n2)c1)c1cccnc1)C1CCC1
O=C(NCC(Oc1ccc2c(cnn2-c2cccc3c(=O)[nH]ncc23)c1)c1ccc2c(c1)OCCO2)c1ccn[nH]1
O=C(NCC(Oc1ccc2c(cnn2-c2ccc3nccn3c2)c1)c1ccc2c(c1)CCC2)c1ccoc1
O=C(NCC(Oc1ccc2c(cnn2-c2ncnc3[nH]cnc23)c1)c1ccccc1)c1cnc[nH]1
O=C(NCC(Oc1ccc2c(cnn2-c2ccccc2)c1)c1ccccc1)c1cnoc1
O=C(NCC(Oc1ccc2c(cnn2-c2cc3c(-c4cnoc4)nccc3cn2)c1)c1ccc2c(c1)OCCO2)C1CC1
O=C(Cc1ccccc1)NCC(Oc1ccc2c(cnn2-c2cccc3ccccc23)c1)c1ccccc1
O=C(NCC(Oc1ccc2c(cnn2-c2cccc(-c3nc4ccccc4[nH]3)c2)c1)c1ccccc1)c1cccnc1
c1cc2c(cc1COc1ccc3c(cnn3-c3ncc4c(n3)CCNC4)c1)OCCO2
O=C(NCC(Oc1ccc2c(cnn2-c2cc3c(cn2)ncn3C2CC2)c1)c1ccc2c(c1)OCCO2)c1nccs1
O=C(NCC(Oc1ccc2c(cnn2-c2ccc3nc(NC(=O)C4COCCO4)nn3c2)c1)c1ccncc1)c1cnc[nH]1
O=C(NCC(Oc1ccc2c(cnn2-c2cccnn2)c1)c1ccc2c(c1)OCCO2)c1ccccn1
O=C(NCC(Oc1ccc2c(cnn2-c2ncccn2)c1)c1ccccc1)c1cscn1
O=C(NCC(Oc1ccc2c(cnn2-c2ccccn2)c1)c1ccccc1)c1cccc2cnccc12
O=C(Cc1ccccn1)NCC(Oc1ccc2c(cnn2-c2ccccc2)c1)c1ccc2[nH]ncc2c1
O=C(NCC(Oc1ccc2c(cnn2-c2ccccc2)c1)c1cnn(-c2ccccc2)c1)C(c1ccccc1)N1CCCCC1
O=C(NCC(Oc1ccc2c(cnn2-c2ccc3c(c2)CCC3)c1)c1ccc2c(c1)OCCN2)C1CCC1
O=C(NCC(Oc1ccc2c(cnn2-c2ccccc2)c1)c1ccc2c(c1)OCCO2)c1cncnc1
O=C(NCC(Oc1ccc2c(cnn2-c2ncnc3c2CCC3)c1)c1ccc2c(c1)CCN1CCC1CC2)c1ccc[nH]1
O=C(NCC(Oc1ccc2c(cnn2-c2nnn[nH]2)c1)c1ccccc1)c1cnco1
O=C(NCC(Oc1ccc2c(cnn2-c2cccc(N3CCCCC3)n2)c1)c1ccc2c(c1)OCCO2)c1cnn2cccnc12
O=C(C=Cc1ccccc1)NCC(Oc1ccc2c(cnn2-c2cn(-c3ccccc3)cn2)c1)c1ccccc1
O=C(NCC(Oc1ccc2c(cnn2-c2cnc3[nH]ncc3c2)c1)c1ccc2c(c1)OCCO2)c1ccccc1
O=C(NCC(Oc1ccc2c(cnn2-c2cc3ncccc3cn2)c1)c1ccc2c(c1)OCCO2)c1cc[nH]n1
O=C(NCC(Oc1ccc2c(cnn2-c2ccccc2)c1)c1ccco1)c1ncc2ccc3ccccc3n12
O=C(NCC(Oc1ccc2c(cnn2-c2nn[nH]n2)c1)c1ccc2c(c1)OCCO2)c1ccc2[nH]ncc2c1
O=C(NCC(Oc1ccc2c(cnn2-c2cn(Cc3ccccc3)nn2)c1)c1ccc2c(c1)OCCO2)C1CCCOC1
O=C(NCC(Oc1ccc2c(cnn2-c2ncnc3c2CCNC3)c1)c1ccc2c(c1)OCCO2)C1CCCNC1
O=C(NCC(Oc1ccc2c(cnn2-c2cn3cnc(-c4ccn[nH]4)c3cn2)c1)c1ccccc1)c1cocn1
O=C(NCC(Oc1ccc2c(cnn2-c2nccc3ccccc23)c1)c1ccc2ccccc2c1)c1cccnc1
O=C(NCC(Oc1ccc2c(cnn2-c2cnc3ccncc3c2)c1)c1ccccc1)c1ccncc1
O=C(NCC(Oc1ccc2c(cnn2-c2ccccn2)c1)c1ccc2c(c1)OCCO2)c1ccoc1
O=C(CC(=O)c1nc2ccccc2[nH]1)c1ccccc1
O=C(NCC(Oc1ccc2c(cnn2-c2cccc(C3CC3)n2)c1)c1ccc2c(c1)OCCO2)c1ccc2[nH]ccc2c1
O=C(NCC(Oc1ccc2c(cnn2-c2ncnc3ccsc23)c1)c1ccc2c(c1)OCCO2)c1cscn1
O=C(NCC(Oc1ccc2c(cnn2-c2ccc(-c3ccccn3)cc2)c1)c1ccc2ccccc2c1)C1CCCN1
O=C(Cc1ccncc1)NCC(Oc1ccc2c(cnn2-c2ccc(N3CCNCC3)nc2)c1)c1ccc2c(c1)OCCO2
c1cc(-n2ncc3cc(OCc4ccc5c(c4)OCCO5)ccc32)cc(-n2ncc3cccnc32)c1
O=C(NCC(Oc1ccc2c(cnn2-c2nccc3c2CCCC3)c1)c1ccc2c(c1)OCCO2)c1nccs1
N=c1cc[nH]c(-n2ncc3cc(OCc4ccc5ccc(=O)oc5c4)ccc32)n1
O=C(NCC(Oc1ccc2c(cnn2-c2ccc3c[nH]nc3c2)c1)c1ccc2c(c1)OCCO2)c1cccs1
O=C(NCC(Oc1ccc2c(cnn2-c2cnc3[nH]ccc3c2)c1)c1ccccc1)c1ccco1
O=C(NCC(Oc1ccc2c(cnn2-c2cccc(N3CCNCC3)n2)c1)c1ccc2c(c1)OCCCO2)C1CCCOC1
c1ccc2c(COc3ccc4c(cnn4-c4cnsc4)c3)csc2c1
O=C(NCC(Oc1ccc2c(cnn2-c2nccc3ccccc23)c1)c1ccc2c(c1)OCCO2)c1ccn[nH]1
c1ccc(Cn2c3ccccc3c3cnccc32)cc1
O=C(Cc1cccc2c1OCCC2)NCC(Oc1ccc2c(cnn2-c2nc3ccccc3[nH]2)c1)c1ccncc1
O=C(NCC(Oc1ccc2c(cnn2-c2cc3c(cn2)CNCC3)c1)c1ccc2c(c1)OCCCO2)c1cncs1
O=C(Cc1ccccc1)NCC(Oc1ccc2c(cnn2-c2ccn[nH]2)c1)c1ccc2c(c1)OCCO2
O=C(NCC(Oc1ccc2c(cnn2-c2ccccn2)c1)c1ccc2c(c1)CCC2)C1CCC1
O=C(NCC(Oc1ccc2c(cnn2-c2cnc3ccccc3n2)c1)c1ccc2c(c1)CCO2)c1ccn[nH]1
O=C(NCC(Oc1ccc2c(cnn2-c2ccccc2-c2ccc3[nH]ncc3c2)c1)c1ccc2c(c1)CCCO2)C1CC1
O=C(NCC(Oc1ccc2c(cnn2-c2ccccc2-c2ncccn2)c1)c1ccccc1)C1CCOCC1
O=C(NCC(Oc1ccc2c(cnn2-c2nncc3ccccc23)c1)c1ccc2c(c1)OCCO2)c1ccc2ccccc2c1
O=C(NCC(Oc1ccc2c(cnn2-c2cncc(-c3ccno3)c2)c1)c1ccccc1)c1ccncc1
O=C(Cc1ccccc1)NCC(Oc1ccc2c(cnn2-c2[nH]ncc2-c2ccc3nncn3c2)c1)c1ccccc1
O=C(NCC(Oc1ccc2c(cnn2-c2cnc3ccncc3c2)c1)c1ccc2ccccc2c1)C1CCCNC1
O=C(NCC(Oc1ccc2c(cnn2-c2ccc(-c3c[nH]c4ccccc34)cc2)c1)c1ccccc1)C1CCC1
O=C(NCC(Oc1ccc2c(cnn2-c2cnc3c(c2)CCN(C2CCCC2)C3)c1)c1ccc2c(c1)OCCCO2)C1CCCC1
O=C(NCC(Oc1ccc2c(cnn2-c2cccc(C3CC3)n2)c1)c1ccc2c(c1)CCC2)C1CCCCC1
O=C(CCc1ccccc1)NCC(Oc1ccc2c(cnn2-c2ccc3ocnc3c2)c1)c1ccccc1
O=C(NCC(Oc1ccc2c(cnn2-c2cc(C3CC3)ncn2)c1)c1ccc2ccccc2n1)C1CCC1
O=C(NCC(Oc1ccc2c(cnn2-c2ccsc2)c1)c1ccc2c(c1)OCCO2)c1ccccc1
O=C(NCC(Oc1ccc2c(cnn2-c2cnc3nc[nH]c3c2)c1)c1ccc2c(c1)OCCO2)C1CCC1
c1ccc(CCNCCC(Oc2ccc3c(cnn3-c3ccccc3)c2)c2ccccc2)cc1
O=C(NCC(Oc1ccc2c(cnn2-c2ccccc2)c1)c1ccc2c(c1)OCCN2Cc1cccnc1)C1CC1
N=c1cc(C(=O)NCC(Oc2ccc3c(cnn3-c3cncnc3)c2)c2ccccc2)[nH]o1
O=C(Cc1ccc2ccccc2c1)NCC(Oc1ccc2c(cnn2-c2ccccc2)c1)c1cnn[nH]1
O=C(CNc1ccccc1)NCC(Oc1ccc2c(cnn2-c2ccccc2N2CCCC2)c1)c1ccc2c(c1)OCCO2
c1cc(-c2ccccc2-n2ncc3cc(OCc4ccc5c(c4)CCCO5)ccc32)cc(C2CC2)c1
O=C(CCN1CCOCC1)NCC(Oc1ccc2c(cnn2-c2ccccc2)c1)c1nccs1
O=C(NCC(Oc1ccc2c(cnn2-c2cnn(-c3ccncc3)c2)c1)c1ccc2c(c1)OCCO2)Nc1ccccc1
c1cc(-c2cc(-n3ncc4cc(OCc5ccc6c(c5)OCCO6)ccc43)ccn2)ccn1
O=C(NCC(Oc1ccc2c(cnn2-c2ccccc2)c1)c1ccccc1)C1CCCCC1
O=C(NCC(Oc1ccc2c(cnn2-c2ccccn2)c1)c1ccc2c(c1)CCC2)c1cocn1
O=C(NCC(Oc1ccc2c(cnn2-c2ccc3ccncc3c2)c1)c1ccc2c(c1)OCCO2)c1cnns1
O=C(NCC(Oc1ccc2c(cnn2-c2cnc3ccccc3c2)c1)c1ccc2c(c1)CCC2)C1CCC1
O=C(NCC(Oc1ccc2c(cnn2-c2cccc(-c3ccnc4ccccc34)c2)c1)c1ccccc1)c1cnoc1
O=C(NCC(Oc1ccc2c(cnn2-c2cccnn2)c1)c1ccc2c(c1)OCCO2)c1cc2ccccc2[nH]1
O=C(NCC(Oc1ccc2c(cnn2-c2nnc(-c3ccccc3)o2)c1)c1ccccc1)c1ccco1
N=c1[nH]cnc2scc(-c3cccc(-n4ncc5cc(OC(CNC(=O)c6cccnc6)c6ccc7c(c6)OCCCO7)ccc54)c3)c12
O=C(NCC(Oc1ccc2c(cnn2-c2ncn(-c3ccccc3)n2)c1)c1ccc2c(c1)OCCO2)c1cnn2cccnc12
O=C(NCC(Oc1ccc2c(cnn2-c2ncccn2)c1)c1ccccc1)c1ccsc1
O=C(NCC(Oc1ccc2c(cnn2-c2n[nH]cc2-c2ccsc2)c1)c1ccccc1)C1COC1
O=C(NCC(Oc1ccc2c(cnn2-c2cnc3c(c2)CCN(C2CCC2)C3)c1)c1ccc2c(c1)CCO2)C1CCCOC1
c1ccc(CCOc2cc3ccc2CC3Oc2ccc3c(cnn3-c3ccnc(N4CCOCC4)n3)c2)cc1
O=C(NCC(Oc1ccc2c(cnn2-c2ccc3nonc3c2)c1)c1ccco1)c1cnn2cccnc12
O=C(NCC(Oc1ccc2c(cnn2-c2nccn3ccnc23)c1)c1ccc2c(c1)OCCCO2)c1nccs1
O=C(NCC(Oc1ccc2c(cnn2-c2cncnc2)c1)c1ccc2c(c1)OCCO2)c1cccnc1
c1ccc(-c2nccc(COc3ccc4c(cnn4-c4ccccc4)c3)n2)cc1
c1cc(-c2cnnc3ccccc23)cc(-n2ncc3cc(OCc4ccc5c(c4)CCO5)ccc32)c1
O=C(NCC(Oc1ccc2c(cnn2-c2cncc(-c3ccn[nH]3)c2)c1)c1ccccc1)c1ccnnc1
O=C(NCC(Oc1ccc2c(cnn2-c2ncccn2)c1)c1ccc2c(c1)CCNC2)c1cnco1
O=C(NCC(Oc1ccc2c(cnn2-c2ncccn2)c1)c1ccc2c(c1)CCC2)c1ccccn1
O=C(NCC(Oc1ccc2c(cnn2-c2ccc3cnccc3n2)c1)c1ccc2c(c1)OCCO2)c1cccc2ccoc12
O=C(NCC(Oc1ccc2c(cnn2-c2ccc(Cc3ccccc3)cc2)c1)c1ccccc1)C1COc2ccccc2C1
O=C(NCC(Oc1ccc2c(cnn2-c2nncc3ccccc23)c1)c1ccccc1)c1snc2ccccc12
O=C(NCC(Oc1ccc2c(cnn2-c2cccnc2)c1)c1ccccc1)c1ccno1
O=C(NCC(Oc1ccc2c(cnn2-c2ccc3nccn3c2)c1)c1ccccc1)c1cccnc1
O=C(NCC(Oc1ccc2c(cnn2-c2cnc3ccccc3n2)c1)c1ccc2c(c1)OCCCO2)C1CCCO1
O=C(CCc1ccccc1)NCC(Oc1ccc2c(cnn2-c2ccccc2-c2ncccn2)c1)c1ccc2c(c1)OCCO2
O=C(NCC(Oc1ccc2c(cnn2-c2cccnc2)c1)c1ccc2c(c1)OCCO2)c1cnoc1
O=C(NCC(Oc1ccc2c(cnn2-c2cccc(N3CCCCC3)n2)c1)c1ccccc1)c1nnco1
O=C(NCC(Oc1ccc2c(cnn2-c2cccc3ccncc23)c1)c1ccc2occc2c1)C1CCOCC1
c1cncc(-n2ncc3cc(OCc4ccc5c(c4)OCCO5)ccc32)c1
O=C(NCC(Oc1ccc2c(cnn2-c2cnc3cnccn23)c1)c1ccccc1)c1cnoc1
O=C(NCC(Oc1ccc2c(cnn2-c2ccccc2)c1)c1ccccc1)c1cocn1
O=C(NCC(Oc1ccc2c(cnn2-c2ccc3cc[nH]c3n2)c1)c1ccccc1)c1cnoc1
O=C(NCC(Oc1ccc2c(cnn2-c2cccc(N3CCCNCC3)n2)c1)c1ccc2c(c1)OCCO2)c1nsc2ccccc12
O=C(NCC(Oc1ccc2c(cnn2-c2cnccn2)c1)c1ccccc1)c1ccco1
O=C(NCC(Oc1ccc2c(cnn2-c2ccnc(N3CCC4(CCC4)C3)n2)c1)c1ccc2c(c1)OCCO2)c1ccn[nH]1
c1ccc(C2CCCN2c2nccc(-n3ncc4cc(OCc5ccc6c(c5)CCN(C5CCC5)CC6)ccc43)n2)cc1
c1ccc(-n2c(-n3ncc4cc(OCc5ccc6c(c5)OCCO6)ccc43)nc3cccnc32)nc1
O=C(NCC(Oc1ccc2c(cnn2-c2ccccc2-c2ccccn2)c1)c1ccc2c(c1)COC2)c1cnn2cccnc12
c1ccc(CCC(CC2CCCC2)c2nc3ccccc3o2)cc1
O=C(Cc1ccccn1)NCC(Oc1ccc2c(cnn2-c2ccc3cnn(-c4cccnc4)c3c2)c1)c1ccc2c(c1)OCCO2
O=C(Cn1ccccc1=O)NCC(Oc1ccc2c(cnn2-c2ccc3c(c2)OCCO3)c1)c1ccc2c(c1)OCCO2
O=C(NCC(Oc1ccc2c(cnn2-c2nncs2)c1)c1ccc2c(c1)CCC2)c1cscn1
O=C(NCC(Oc1ccc2c(cnn2-c2cccc(-c3ccon3)c2)c1)c1ccccc1)c1c[nH]cn1
O=C(NCC(Oc1ccc2c(cnn2-c2nncc3ccncc23)c1)c1ccc2c(c1)OCCO2)c1cnn2cccnc12
O=C(NCC(Oc1ccc2c(cnn2-c2ccnc(-c3ccc4c(c3)CNCC4)c2)c1)c1ccccc1)c1ccccc1
O=C(NCC(Oc1ccc2c(cnn2-c2nccc3[nH]ccc23)c1)c1ccc2c(c1)OCCO2)c1cn[nH]c1
O=C(NCC(Oc1ccc2c(cnn2-c2ccnc(N3CCNCC3)n2)c1)c1ccc2c(c1)OCCO2)c1ccsc1
O=C(NCC(Oc1ccc2c(cnn2-c2cnccn2)c1)c1ccc2c(c1)OCCO2)c1ccon1
O=C(NCC(Oc1ccc2c(cnn2-c2cnn(-c3cn[nH]c3)c2)c1)c1ccc2c(c1)CCCC2)c1cc[nH]n1
O=C(NCC(Oc1ccc2c(cnn2-c2ccncn2)c1)c1ccccc1)C1(Oc2ccccc2)CCCC1
O=C(NCC(Oc1ccc2c(cnn2-c2nnco2)c1)c1ccc2c(c1)OCCO2)c1ncnn1-c1ccccc1
O=C(NCC(=O)N1CCCCC1)Nc1ccccc1
O=C(NCC(Oc1ccc2c(cnn2-c2ccnc(-c3cccnc3)c2)c1)c1ccccc1)c1cnc[nH]1
O=C(Nc1ccccc1)c1csc2nc(-c3ccccc3)nn12
O=C(NCC(Oc1ccc2c(cnn2-c2cccc(N3CCCCC3)n2)c1)c1ccc2c(c1)OCCO2)c1ccnnc1
O=C(NCC(Oc1ccc2c(cnn2-c2cccc(-c3cnco3)c2)c1)c1ccccc1)c1cncnc1
O=C(Cc1c[nH]c2ccccc12)NCC(Oc1ccc2c(cnn2-c2ccccc2)c1)c1ccc2c(c1)OCCO2
O=C(Cc1ccccc1)NCC(Oc1ccc2c(cnn2-c2ccc3[nH]c(=O)[nH]c3c2)c1)c1ccc2c(c1)OCCO2
O=C(CCc1ccccc1)NCC(Oc1ccc2c(cnn2-c2cnc(-c3ccco3)nn2)c1)c1ccc2c(c1)OCCO2
O=C(NCC(Oc1ccc2c(cnn2-c2ncon2)c1)c1ccc2c(c1)OCCO2)c1nc[nH]n1
O=C(NCC(Oc1ccc2c(cnn2-c2cccc3[nH]ncc23)c1)c1ccccc1)c1cccnc1
O=C(NCC(Oc1ccc2c(cnn2-c2ccncc2)c1)c1ccc2c(c1)OCCO2)c1ccncc1
O=C(NCC(Oc1ccc2c(cnn2-c2ncc(C3CC3)cn2)c1)c1ccc2ccccc2c1)c1cnno1
O=C(NCC(Oc1ccc2c(cnn2-c2ccnc(N3CC4CC3C4)n2)c1)c1ccc2c(c1)OCCO2)C1CC1
O=C(NCC(Oc1ccc2c(cnn2-c2nnc3n2CCCC3)c1)c1ccc2c(c1)OCCO2)c1ccccn1
O=C(NCC(Oc1ccc2c(cnn2-c2ccc3c(c2)CCCC3)c1)c1ccc2c(c1)OCCO2)c1ccsc1
O=C(NCC(Oc1ccc2c(cnn2-c2ccn[nH]2)c1)c1ccccc1)c1ccc[nH]1
O=C(NCC(Oc1ccc2c(cnn2-c2ccccc2)c1)c1ccc2c(c1)CCC2)c1cncs1
O=C(NCC(Oc1ccc2c(cnn2-c2cnc3c(c2)CCC3)c1)c1ccc2c(c1)CCC2)c1ccsc1
O=C(NCC(Oc1ccc2c(cnn2-c2cncc(-c3cn[nH]c3)n2)c1)c1ccc2c(c1)CCO2)c1ccco1
O=C(CCCc1ccccc1)NCC(Oc1ccc2c(cnn2-c2ccccn2)c1)c1ccc2c(c1)OCCO2
O=C(c1c[nH]c2cc(-c3cnoc3)ccc2c1=NCCC1CCCCN1)C1CC1
O=C(NCC(Oc1ccc2c(cnn2-c2ccncn2)c1)c1ccncc1)c1cn[nH]c1
O=C(NCC(Oc1ccc2c(cnn2-c2cncc(-c3ccccn3)c2)c1)c1ccc2c(c1)OCCO2)c1cncs1
O=C(NCC(Oc1cnc2c(cnn2-c2ccccc2)c1)c1ccc2c(c1)OCCO2)c1cnn(-c2ccco2)c2cccc1-2
O=C(NCC(Oc1ccc2c(cnn2-c2ccnc(N3CC[SH+]CC3)n2)c1)c1ccccc1)c1cnoc1
O=C(NCC(Oc1ccc2c(cnn2-c2ccccc2)c1)c1ccc2c(c1)OCCCO2)c1cc2ccccc2cn1
O=c1ccc(-c2cncc(-n3ncc4cc(OCc5ccc6c(c5)OCC6)ccc43)n2)c[nH]1
O=C(NCC(Oc1ccc2c(cnn2-c2ncco2)c1)c1ccccc1)c1nccs1
O=C(Cc1ccncc1)NCC(Oc1ccc2c(cnn2-c2cc3c(cn2)cnn3-c2ccccc2)c1)c1ccc2c(c1)OCCO2
O=C(NCCCN1CCCC1=O)c1cc2ccccc2[nH]1
O=C(NCC(Oc1ccc2c(cnn2-c2cccnn2)c1)c1ccccc1)c1ccc(-n2cccn2)s1
O=C(NCC(Oc1ccc2c(cnn2-c2cc[nH+]cc2)c1)c1ccc2c(c1)OCCO2)c1cncs1
O=C(NCC(Oc1ccc2c(cnn2-c2nnc3ccccn23)c1)c1ccccc1)c1nccc2ccccc12
O=C(NCC(Oc1ccc2c(cnn2-c2ccccc2)c1)c1ccc2c(c1)CCC2)c1ccc2c(c1)OCCO2
O=C(NCC(Oc1ccc2c(cnn2-c2nccc3c2CCN(C(=O)C2CC2)C3)c1)c1ccc2c(c1)OCCO2)c1cnoc1
N=c1[nH]cc2c(-n3cnc(-c4cn[nH]c4)c3)cccc2c1-c1cnn(C2CNC2)c1
c1ccc(-n2ncc3cc(OCc4ccc5c(c4)OCCO5)ccc32)cc1
O=C(NCC(Oc1ccc2c(cnn2-c2cnccn2)c1)c1ccccc1)c1ccncn1
O=C(NCC(Oc1ccc2c(cnn2-c2cncc(-c3cccnn3)c2)c1)c1ccc2c(c1)OCCO2)C1CCC1
O=C(NCC(Oc1ccc2c(cnn2-c2c[nH]nn2)c1)c1cccnc1)c1cccc2nsnc12
O=C(COc1ccc2c(cnn2-c2ccccc2)c1)NCC(Oc1ccc2c(cnn2-c2ccn[nH]2)c1)c1ccccc1
O=C(NCC(Oc1ccc2c(cnn2-c2cccnn2)c1)c1ccccc1)c1ccccn1
O=C(NCCCCNc1cccc(-c2cccc3cc[nH]c23)c1)c1ccccc1
O=C(Cc1ccccc1)NCC(Oc1ccc2c(=O)n(-c3cncnc3)ncc2c1)c1ccc2c(c1)OCCO2
O=C(NCC(Oc1ccc2c(cnn2-c2cnn(-c3cn[nH]c3)c2)c1)c1ccccc1)c1ccccc1
O=C(NCC(Oc1ccc2c(cnn2-c2cccc(-c3ccccn3)c2)c1)c1ccccc1)c1ccn[nH]1
O=C(C1CCCO1)N1CCOc2cc(COc3ccc4c(cnn4-c4cc5ccccc5cn4)c3)ccc21
O=C(Cc1cccnc1)NCC(Oc1ccc2c(cnn2-c2ccc(N3CCCC3)nn2)c1)c1ccccc1
c1cc2c(cc1COc1ccc3c(cnn3-c3nn[nH]n3)c1)CCN(C1CCCC1)C2
N=c1nc(-n2ncc3cc(OC(CNC(=O)c4cscn4)c4ccccc4)ccc32)cc[nH]1
O=C(NCC(Oc1ccc2c(cnn2-c2ccc(N3CCNCC3)nc2)c1)c1ccc2c(c1)OCCO2)c1c[nH]nn1
O=C(NCC(Oc1ccc2c(cnn2-c2ccc3c(c2)CCNC3)c1)c1ccc2c(c1)OCCO2)c1ccccc1
O=C(NCC(Oc1ccc2c(cnn2-c2ccccc2-c2ccccc2)c1)c1ccc2c(c1)OCCO2)c1cncnc1
O=C(NCC(Oc1ccc2c(cnn2-c2cc3c(cn2)CN(Cc2ccsc2)CC3)c1)c1ccc2c(c1)OCCO2)C1CCC1
O=C(NCC(Oc1ccc2c(cnn2-c2cccc(-c3ccncc3)c2)c1)c1ccccc1)c1ccncc1
O=C(NCC(Oc1ccc2c(cnn2-c2ccccn2)c1)c1ccc2c(c1)OCCO2)c1ncc[nH]1
O=C(NCC(Oc1ccc2c(cnn2-c2ccnc(C3CC3)n2)c1)c1cccc2ccccc12)c1cccnc1
O=C(NCC(Oc1ccc2c(cnn2-c2cnccn2)c1)c1ccccn1)c1cocn1
c1cncc(-c2nnc(-n3ncc4cc(OCc5ccc6c(c5)OCCO6)ccc43)s2)c1
O=C(NCC(Oc1ccc2c(cnn2-c2cnc3ncnn3c2C2CC2)c1)c1ccccc1)c1cnoc1
O=C(NCC(Oc1ccc2c(cnn2-c2nncc3ccccc23)c1)c1ccccc1)c1nsc2ccccc12
O=C(NCC(Oc1ccc2c(cnn2-c2ccc3c(cnn3-c3ccccn3)c2)c1)c1ccc2c(c1)OCCO2)c1ccco1
c1cncc(-n2ncc3c(-n4ncc5cc(OCc6ccc7c(c6)CCCC7)ccc54)cccc32)c1
O=C(NCC(Oc1ccc2c(cnn2-c2conc2-c2ccccn2)c1)c1ccc2c(c1)OCCCO2)c1ccncn1
O=C(Cc1ccsc1)NCC(Oc1ccc2c(cnn2-c2ccc(N3CCCC3=O)nc2)c1)c1ccccc1
O=C(NCC(Oc1ccc2c(cnn2-c2cn[nH]c2)c1)c1ccccc1)c1ccccc1
O=C(NCC(Oc1ccc2c(cnn2-c2n[nH]c(=O)c3ccccc23)c1)c1ccc2c(c1)OCCO2)c1ccccn1
O=C(NCC(Oc1ccc2c(cnn2-c2cnn(-c3ccn[nH]3)c2)c1)c1ccc2c(c1)OCCO2)C1CCC1
O=C(NCC(Oc1ccc2c(cnn2-c2ncn(-c3ccccc3)n2)c1)c1ccc2c(c1)OCCCO2)C1CCC1
O=c1c2sccc2ccn1-c1cnc2c(ccn2-c2ccccc2)c1
O=C(NCC(Oc1ccc2c(cnn2-c2c[nH]nn2)c1)c1ccc2c(c1)OCCO2)c1cccc2ccccc12
O=C(NCC(Oc1ccc2c(cnn2-c2ccnc3ccccc23)c1)c1ccccc1)c1ccsc1
c1ccc(-n2ncc3cc(OCc4ccc5c(c4)CCO5)ccc32)cc1
O=C(NCC(Oc1ccc2c(cnn2-c2ccc3[nH]ncc3c2)c1)c1ccccc1)c1c[nH]cn1
O=C(NCC(Oc1ccc2c(cnn2-c2ccccn2)c1)c1ccc2c(c1)OCCO2)c1ccsc1
O=C(NCC(Oc1ccc2c(cnn2-c2cnc3ccccn23)c1)c1ccc2c(c1)OCCO2)c1ccccc1
c1cc(CN2CCc3cc(-n4ncc5cc(OCc6ccc7c(c6)OCCO7)ccc54)ccc3C2)cs1
c1ccc(-c2ccc(-c3cccc(OC4CCCC4)c3)cc2)cc1
O=C(NCC(Oc1ccc2c(cnn2-c2ccccn2)c1)c1ccc2c(c1)OCCO2)C1(c2ccccc2)CCCC1
O=C(NCC(Oc1ccc2c(cnn2-c2ccccc2-c2ccncn2)c1)c1ccccc1)c1cscn1
O=C(NCC(Oc1ccc2c(cnn2-c2cn[nH]c2)c1)c1ccc2c(c1)CCNC2)c1c(-c2cccnc2)nc2ccccn12
O=C(NCC(Oc1ccc2c(cnn2-c2nc3ncccc3o2)c1)c1ccccc1)c1cnc2ccccc2c1
O=C(NCC(Oc1ccc2c(cnn2-c2ccnn2-c2ccccc2)c1)c1ccc2c(c1)OCCO2)c1cncnc1
O=C(NCC(Oc1ccc2c(cnn2-c2cn[nH]c2)c1)c1ccc2c(c1)CCC2)c1ccccn1
O=C(NCC(Oc1ccc2c(cnn2-c2ccnc(N3CCCOCC3)n2)c1)c1ccccc1)c1ccco1
O=C(NCC(Oc1ccc2c(cnn2-c2cn[nH]c2)c1)c1ccccn1)c1ccncc1
O=C(Nc1cccc(-n2cccn2)c1)c1ccnc(N2CCCC2)c1
O=C(NCC(Oc1ccc2c(cnn2-c2cnn(-c3cn[nH]c3)c2)c1)c1ccc2c(c1)OCCO2)Nc1ccccc1
O=C(NCC(Oc1ccc2c(cnn2-c2ccccn2)c1)c1ccc2c(c1)OCCO2)C1CCC1
O=C(NCC(Oc1ccc2c(cnn2-c2cccc(-c3ccccn3)c2)c1)c1ccccc1)c1ccoc1
O=C(NCC(Oc1ccc2c(cnn2-c2c[nH]cn2)c1)c1ccc2c(c1)OCCC2)c1cncs1
N=c1[nH]cc(C(=O)NCC(Oc2ccc3c(cnn3-c3ccc4c(c3)OCCO4)c2)c2ccccc2)s1
O=C(NCC(Oc1ccc2c(cnn2-c2ccc3nc[nH]c3c2)c1)c1ccc2c(c1)CCO2)c1cccs1
O=C(NCC(Oc1ccc2c(cnn2-c2nncs2)c1)c1ccc2c(c1)OCCO2)C1CCCc2ccncc21
O=C(NCC(Oc1ccc2c(cnn2-c2cncc(N3CCC3)n2)c1)c1ccc2c(c1)OCCO2)c1cnccn1
c1ccc(-n2ncc3cc(OC(CNCC(Oc4ccc5c(cnn5-c5cncnc5)c4)c4nccs4)c4cccc(-n5cccn5)c4)ccc32)cc1
O=C(NCC(Oc1ccc2c(cnn2-c2ccc(C3CC3)nc2)c1)c1ccc2c(c1)OCCO2)c1coc2ncccc12
O=C(NCC(Oc1ccc2c(cnn2-c2nncs2)c1)c1ccc2c(c1)CCCC2)c1cccc2cccnc12
O=C(CCCc1ccccc1)NCC(Oc1ccc2c(cnn2-c2ccc3nncn3c2)c1)c1ccccc1
O=C(NCC(Oc1ccc2c(cnn2-c2conc2-c2ccccc2)c1)c1ccc2c(c1)OCCO2)C1CCNCC1
O=C(NCC(Oc1ccc2c(cnn2-c2nccnc2-c2cnn[nH]2)c1)c1ccccc1)c1nnc2ccccn12
O=C(Cc1cccc2ccccc12)NCC(Oc1ccc2c(cnn2-c2cn(-c3ccccc3)nn2)c1)c1ccc2c(c1)OCCO2
c1ccc(-n2ccc3cc(-n4ncc5cc(OCc6ccc7c(c6)OCCO7)ccc54)ncc32)nc1
N=c1nc(-n2ncc3cc(OC(CNC(=O)c4occc5cccc4-5)c4ccc5c(c4)OCCO5)ccc32)cc[nH]1
O=C(NCC(Oc1ccc2c(cnn2-c2cn(CC3CCCCC3)nn2)c1)c1ccccc1)c1cnccn1
c1csc(-c2cc(-n3ncc4cc(OCc5ccc6c(c5)OCCO6)ccc43)[nH]n2)c1
O=C(Cc1ccc2ccccc2c1)NCC(Oc1ccc2c(cnn2-c2cncc3ncccc23)c1)c1ccc2c(c1)OCCO2
O=C(NCC(Oc1ccc2c(cnn2-c2ccnc(N3CCNCC3)n2)c1)c1ccc2c(c1)OCCCO2)c1cnccn1
O=C(NCC(Oc1ccc2c(cnn2-c2cccc3nccnc23)c1)c1ccccc1)c1cnn2c1CCCC2
O=C(NCC(Oc1ccc2c(cnn2-c2ccnc(N3CCOCC3)n2)c1)c1ccccc1)c1cnccn1
c1ccc(-n2ncc3cc(OCc4ccc5c(c4)C(c4ncc[nH]4)CCC5)ccc32)cc1
O=C(NCC(Oc1ccc2c(cnn2-c2cc3c(cn2)CC2(CCCNC2)C3)c1)c1ccc2c(c1)OCCO2)c1csc2ccncc12
O=C(CNC(=O)c1ccc2c(c1)OCCCO2)NCCc1ccccc1
O=C(NCC(Oc1ccc2c(cnn2-c2ccnc(C3CC3)n2)c1)c1ccccc1)c1cccc2ccoc12
O=C(CCc1ccccc1)NCC(Oc1ccc2c(cnn2-c2nccc3c2cnn3-c2ccccc2)c1)c1ccc2c(c1)OCC2
O=C(NCC(Oc1ccc2c(cnn2-c2cccc3cnsc23)c1)c1ccc2c(c1)OCCO2)c1ccsc1
O=C(NCC(Oc1ccc2c(cnn2-c2cccc3oncc23)c1)c1ccccc1)c1ccnnc1
O=C(NCC(Oc1ccc2c(cnn2-c2nccc3cnoc23)c1)c1ccc2c(c1)OCCCO2)C1CCOCC1
O=C(Cc1cccc2ccccc12)NCC(Oc1ccc2c(cnn2-c2ccc3nccn3c2)c1)c1ccco1
O=C(NCC(Oc1ccc2c(cnn2-c2ccc(=O)[nH]n2)c1)c1ccc2c(c1)OCCO2)c1ccoc1
O=C(NCC(Oc1ccc2c(cnn2-c2cnc3ccccc3n2)c1)c1ccc2c(c1)OCCO2)c1cn[nH]c1
O=C(NCC(Oc1ccc2c(cnn2-c2cnn(-c3cccnc3)c2)c1)c1ccc2c(c1)OCCO2)c1ccccc1
O=C(NCC(Oc1ccc2c(cnn2-c2ncc3cccnc3n2)c1)c1ccccc1)c1nccs1
O=C(NCC(Oc1ccc2c(cnn2-c2cc3ccccc3nn2)c1)c1ccc2c(c1)OCCO2)c1cnc2ccccn12
O=C(NCC(Oc1ccc2c(cnn2-c2nnc(-c3cccs3)[nH]2)c1)c1ccc2c(c1)OCCO2)c1ccn[nH]1
O=C(NCC(Oc1ccc2c(cnn2-c2noc3ccccc23)c1)c1ccc2c(c1)OCCO2)c1ccccc1
O=C(NCC(Oc1ccc2c(cnn2-c2ccc3cncnc3c2)c1)c1ccccc1)c1nccs1
O=C(NCC(Oc1ccc2c(cnn2-c2nccc3ccncc23)c1)c1ccncc1)c1ccccc1
O=C(NCC(Oc1ccc2c(cnn2-c2cnc3[nH]ccc3n2)c1)c1ccc2c(c1)OCCO2)c1ccccc1
O=C(NCC(Oc1ccc2c(cnn2-c2cccc(N3CCNCC3)n2)c1)c1ccccc1)c1cccnc1
O=C(NCC(Oc1ccc2c(cnn2-c2n[nH]c3cnccc23)c1)c1ccccc1)c1cnccn1
O=C(NCC(Oc1ccc2c(cnn2-c2cccc3ccnn23)c1)c1ccc2c(c1)OCCO2)c1ccncc1
O=C(NCC(Oc1ccc2c(cnn2-c2cccnn2)c1)c1ccc2c(c1)OCCO2)c1cn[nH]c1
O=C(NCC(Oc1ccc2c(cnn2-c2cccc(C3CC3)n2)c1)c1ccccc1)C1CCCN1
O=C(NCC(Oc1ccc2c(cnn2-c2ccccc2-c2nccs2)c1)c1ccc2c(c1)OCCO2)c1ccccc1
O=C(NCC(Oc1ccc2c(cnn2-c2cnc3n[nH]cc3c2)c1)c1ccccc1)c1nncs1
O=C(NCC(Oc1ccc2c(cnn2-c2cncc(N3CCCC3)n2)c1)c1ccc2c(c1)OCCO2)c1cnccn1
O=C(NCC(Oc1ccc2c(cnn2-c2cccc3ncnn23)c1)c1ccc2c(c1)OCCCO2)c1ccccn1
c1cc2[nH]ncc2c(-n2ncc3cc(OCc4ccc5c(c4)CCNCC5)ccc32)n1
c1ccc(C2(c3ccc(C(Oc4ccc5c(cnn5-c5ccc6ccccc6c5)c4)c4cnc[nH]4)cc3)CC2)cc1
O=C(NCC(Oc1ccc2c(cnn2-c2nc3ccccc3[nH]2)c1)c1ccccc1)c1nn[nH]n1
O=C1CC(c2ccccc2)Cc2c1cnn2-c1ccccc1
N=c1[nH]cc(-c2cn[nH]c2)nc1-n1ncc2cc(OC(CNC(=O)c3cscn3)c3ccccc3)ccc21
O=C(NCC(Oc1ccc2c(cnn2-c2ccncn2)c1)c1ccc2occc2c1)c1ccn[nH]1
N=c1nc(-n2ncc3cc(OC(CNC(=O)c4nccc5ccccc45)c4ccccc4)ccc32)nc[nH]1
O=C(CCc1ccccc1)NCC(Oc1ccc2c(cnn2-c2cncc3scnc23)c1)c1ccc2c(c1)OCCO2
O=C(NCC(Oc1ccc2c(cnn2-c2ccncc2-c2ncn[nH]2)c1)c1ccc2c(c1)OCCO2)C1CCNCC1
O=C(NCC(Oc1ccc2c(cnn2-c2cn[nH]c2)c1)c1ccccc1)c1cncs1
O=C(NCC(Oc1ccc2c(cnn2-c2ncc3c(n2)NCC3)c1)c1ccc2c(c1)OCCCO2)c1ccsc1
O=C(NCC(Oc1ccc2c(cnn2-c2ccccc2)c1)c1ccc2c(c1)CCC2)c1ccco1
O=C(NCC(Oc1ccc2c(cnn2-c2ccc3oncc3c2)c1)c1ccc2c(c1)OCCO2)c1ccco1
O=C(NCC(Oc1cnc2c(cnn2-c2cnc3ccccc3c2)c1)c1ccc2c(c1)OCCO2)c1csc2ccccc12
O=C(NCC(Oc1ccc2c(cnn2-c2ccc3cccnc3n2)c1)c1ccccc1)c1cnco1
O=C(NCC(Oc1ccc2c(cnn2-c2ccnc(N3CCCC3)n2)c1)c1ccc2c(c1)OCCO2)c1cncnc1
O=C(NCC(Oc1ccc2c(cnn2-c2cnc3c(c2)CCN(C2CCC2)C3)c1)c1ccc2c(c1)CCC2)c1ccnnc1
O=C(NCC(Oc1ccc2c(cnn2-c2ccc(-c3cn[nH]c3)cc2)c1)c1ccc2c(c1)OCCO2)c1cscn1
O=C(NCC(Oc1ccc2c(cnn2-c2ccnc3[nH]ncc23)c1)c1ccc2c(c1)OCCO2)c1ccnnc1
O=C(NCC(Oc1ccc2c(cnn2-c2cscn2)c1)c1ccc2[nH]ccc2c1)c1cncs1
O=S(=O)(NCCNc1cccc2c1nnn2-c1ccccc1-c1cccnc1)c1cn[nH]c1
O=C(NCC(Oc1ccc2c(cnn2-c2nccc3cncn23)c1)c1ccc2c(c1)OCCO2)c1ccccn1
N=c1nc(-n2ncc3cc(OC(CNC(=O)C4CCC(=O)NC4)c4ccccc4)ccc32)cc[nH]1
O=C(Cn1cc(-n2ncc3cc(OC(CNC(=O)C4CCC4)c4ccc5c(c4)OCCO5)ccc32)nn1)Nc1ccccc1
O=C(NCC(Oc1ccc2c(cnn2-c2cccnc2)c1)c1ccncc1)c1cn[nH]c1
O=C(NCC(Oc1ccc2c(cnn2-c2nccc3c2CCN(C(=O)c2cccnc2)C3)c1)c1ccccc1)c1ccsc1
O=C(NCC(Oc1ccc2c(cnn2-c2cccnc2)c1)c1ccccc1)c1ncn2ccc(=O)[nH]c12
O=C1c2cc(NCC(=O)N3CCOCC3)ccc2-c2ccc3c(c21)CCCC3
O=C(NCC(Oc1ccc2c(cnn2-c2cncnc2)c1)c1ccccc1)c1cc2c(s1)C=CC=CC=C1CCN(C1)C2
O=C(NCC(Oc1ccc2c(cnn2-c2ncnc3c2CCC3)c1)c1ccc2c(c1)OCCO2)C1CCC(c2ccccc2)CN1
O=C(NCC(Oc1ccc2c(cnn2-c2ccccc2)c1)c1cn(C2CCOCC2)nn1)c1ccco1
O=C(NCC(Oc1ccc2c(cnn2-c2ccncn2)c1)c1ccc2c(c1)OCCO2)c1ccccc1
O=C(NCC(Oc1ccc2c(cnn2-c2ncon2)c1)c1ccc2c(c1)OCCCO2)c1scc2c1CCCC2
O=S(=O)(NCCNc1cccc2c1cnn2-c1cccc2cccnc12)c1cnoc1
O=C(Cc1ccsc1)NCC(Oc1ccc2c(cnn2-c2ncnc3c2cnn3C2CCCC2)c1)c1ccc2c(c1)OCCO2
O=S(=O)(NCC(Oc1ccc2c(cnn2-c2nnc(-c3ccco3)o2)c1)c1ccc2c(c1)OCCO2)C1CC1
c1c[nH]c(-c2noc3c2CCC3)n1
O=C(NCC(Oc1ccc2c(cnn2-c2cn(-c3ccncc3)cn2)c1)c1ccccc1)c1nncc2ccccc12
c1cc2c(cc1COc1ccc3c(cnn3-c3cnn(-c4cn[nH]c4)c3)c1)CCO2
O=C1CCC(C(=O)NCC(Oc2ccc3c(cnn3-c3cnn(-c4cccnc4)c3)c2)c2ccc3c(c2)OCCCO3)CC1
O=C(NCC(Oc1ccc2c(cnn2-c2ocnc2-c2ccccc2)c1)c1ccccc1)C1CCCN1
O=C(NCC(Oc1ccc2c(cnn2-c2cccc(-n3nccn3)n2)c1)c1ccccc1)c1cc[nH]n1
O=C(NCC(Oc1ccc2c(cnn2-c2ncnc3[nH]cnc23)c1)c1ccc2c(c1)CCNC2)C1CCCCC1
O=C(NCC(Oc1ccc2c(cnn2-c2nccc3cccnc23)c1)c1ccc2c(c1)OCCO2)c1ccccc1
O=C(NCC(Oc1ccc2c(cnn2-c2ccccn2)c1)c1ccccc1)c1cnoc1
O=C(Cc1ccccc1)NCC(Oc1ccc2c(cnn2-c2ccccc2)c1)c1ccc2c(c1)OCCO2
O=C(NCC(Oc1ccc2c(cnn2-c2nccc3conc23)c1)c1ccc2c(c1)OCCCO2)c1ccccc1
O=C(NCC(Oc1ccc2c(cnn2-c2cn(Cc3ccccc3)nn2)c1)c1ccc2c(c1)OCCO2)c1ccccc1
O=C(NCC(Oc1ccc2c(cnn2-c2ccccc2-c2cncnc2)c1)c1ccccc1)c1ccsc1
O=C(NCC(Oc1ccc2c(cnn2-c2cccc(N3CCOCC3)n2)c1)c1ccc2c(c1)CCO2)c1nccs1
O=C(NCC(Oc1ccc2c(cnn2-c2nccc3c2CCN(Cc2ccccc2)C3)c1)c1ccc2c(c1)OCCO2)c1cccnc1
O=C(NC1(C(=O)NCC(Oc2ccc3c(cnn3-c3ncnc4c3CCC4)c2)c2ccccc2)CCOC1)c1cocn1
O=C(NCC(Oc1ccc2c(cnn2-c2nccc3c2CNC3)c1)c1ccc2c(c1)OCCCO2)c1ccn[nH]1
c1ccc(-n2ncc3cc(OCc4ccc5c(c4)CCO5)ccc32)cc1
O=C(NCC(Oc1ccc2c(cnn2-c2ccnc(N3CCCCC3)n2)c1)c1ccccc1)c1cncs1
O=C(NCC(Oc1ccc2c(cnn2-c2ccc3occc3c2)c1)c1ccc2c(c1)OCCO2)c1nsc2ccccc12
O=C(NCC(Oc1ccc2c(cnn2-c2cn(-c3ccccc3)cn2)c1)c1ccc2c(c1)OCCO2)c1ccncc1
O=C(NCC(Oc1ccc2c(cnn2-c2ccccn2)c1)c1ccc2c(c1)OCCO2)c1cc(=O)n(-c2ccccc2)[nH]1
O=C(NCC(Oc1ccc2c(cnn2-c2cccc(-c3ncccn3)c2)c1)c1ccc2c(c1)OCCO2)c1cccnc1
c1cnc(-n2ncc3cc(OCc4ccc5c(c4)OCCN5)ccc32)nc1
O=C(NCC(Oc1ccc2c(cnn2-c2ccn[nH]2)c1)c1ccc2c(c1)CCO2)c1cccnn1
O=C(NCC(Oc1ccc2c(cnn2-c2ccccn2)c1)c1ccccc1)c1cscn1
N=c1[nH]c(-n2ncc3cc(OCc4ccoc4)ccc32)nc2c1ncn2C1CCCC1
O=C(NCC(Oc1ccc2c(cnn2-c2cc(-c3ccccc3)no2)c1)c1ccccc1)c1cccnn1
O=C(NCC(Oc1ccc2c(cnn2-c2cnc3ccccn23)c1)c1ccc2c(c1)CCO2)c1ccc(-c2ccncc2)cn1
O=C(NCC(Oc1ccc2c(cnn2-c2cscn2)c1)c1ccc2c(c1)OCCO2)C1COc2ccccc2NC1=O
O=C(NCC(Oc1ccc2c(cnn2-c2conc2-c2ccccc2)c1)c1ccccc1)c1ncns1
O=C(NCC(Oc1ccc2c(cnn2-c2cn(-c3nn[nH]n3)cn2)c1)c1ccccc1)c1cocn1
O=C(NCC(Oc1ccc2c(cnn2-c2cn[nH]c2)c1)c1ccc2c(c1)OCCC2)c1ccccc1
O=C(NCC(Oc1ccc2c(cnn2-c2cncc(-n3ccnc3)c2)c1)c1ccc2c(c1)CCN(C1CCOCC1)C2)C1CC2CCC1C2
N=c1nc(-n2ncc3cc(OC(CNC(=O)c4ccc[nH]4)c4ccccc4)ccc32)nc[nH]1
O=C(NCC(Oc1ccc2c(cnn2-c2cn(Cc3ccccn3)nn2)c1)c1ccc2c(c1)OCCCO2)c1cccs1
O=C(NCC(Oc1ccc2c(cnn2-c2cc[nH]n2)c1)c1ccc2c(c1)CCO2)C1CCN(c2cnc3ccccc3n2)CC1
O=C(NCC(Oc1ccc2c(cnn2-c2ccc(CN3CCCCC3)nc2)c1)c1ccc2c(c1)OCCCO2)c1cnco1
O=C(NCC(Oc1ccc2c(cnn2-c2ccncn2)c1)c1ccccc1)c1conn1
c1ccc(-n2ncc3cc(OCc4ccc5c(c4)OCCO5)ccc32)cc1
O=C(NCC(Oc1ccc2c(cnn2-c2cccc(-c3ccn[nH]3)c2)c1)c1ccc2c(c1)OCCO2)c1ccn[nH]1
O=C(NCC(Oc1ccc2c(cnn2-c2ccc3c(c2)OCO3)c1)c1ccc2c(c1)OCCO2)c1cncs1
O=C(NCC(Oc1ccc2c(cnn2-c2cccc(-c3nccc4ccccc34)c2)c1)c1ccc2c(c1)OCCO2)C1CC1
O=C(NCC(Oc1ccc2c(cnn2-c2cc3cncnc3[nH]2)c1)c1ccc2c(c1)CCC2)c1cccc2cccnc12
O=C(NCC(Oc1ccc2c(cnn2-c2cc3c(cn2)CC2(C3)C(=O)Nc3ncccc32)c1)c1ccc2c(c1)CCCO2)c1cncs1
O=C(NCC(Oc1ccc2c(cnn2-c2nc3ccccc3[nH]2)c1)c1ccc2c(c1)OCCCO2)c1cnoc1
O=C(NCC(Oc1ccc2c(cnn2-c2nnn(Cc3ccccc3)n2)c1)c1ccc2c(c1)OCCN2)c1ccnc2ccccc12
O=C(NCC(Oc1ccc2c(cnn2-c2cnc3c(c2)CCNC3=O)c1)c1ccc2c(c1)OCCCO2)c1cocn1
c1cnn(-c2ccc(-n3ncc4cc(OCc5ccc6c(c5)OCCO6)ccc43)cn2)c1
O=C(NCC(Oc1ccc2c(cnn2-c2nnn(CC3CCC3)n2)c1)c1ccccc1)c1cscn1
O=C(NCC(Oc1ccc2c(cnn2-c2cc3cccnc3cn2)c1)c1ccccc1)c1nncs1
O=C1COc2ccc(COc3ccc4c(cnn4-c4ccncc4-c4nccs4)c3)cc2N1
c1cc2c(cc1COc1ccc3c(cnn3-c3cc4c(cn3)CCCC4)c1)OCCO2
N=c1cc[nH]c(-n2ncc3cc(OC(CNC(=O)c4cnn5c4CCC5)c4ccccc4)ccc32)n1
O=C(Cc1ccccc1)NCC(Oc1ccc2c(cnn2-c2ccc3[nH]cnc3c2)c1)c1ccc2c(c1)OCCO2
O=C(COc1ccc2c(c1)CCCC2)NCC(Oc1ccc2c(cnn2-c2ccco2)c1)c1ccc2c(c1)OCCO2
O=C(CC1CC1)NCC(Oc1ccc2c(cnn2-c2nnc[nH]2)c1)c1ccc2sccc2c1
c1ccc(-n2ncc3cc(OCc4ccc5c(c4)OCCO5)ccc32)nc1
c1ccc(-n2ncc3c(-c4ccc(-n5cnc6ccncc65)cc4)cccc32)cc1
O=C(CCc1ccccc1)NCC(c1ccccc1)n1cccn1
c1ccc(-c2cc3c(-c4ccco4)ncnc3c3c2cnn3-c2ccc(N3CCCCC3)cc2)cc1
O=C(NCC(Oc1ccc2c(cnn2-c2ccc3cnncc3n2)c1)c1ccc2c(c1)OCCO2)c1cnoc1
c1nnc(-n2ncc3cc(OCc4ccc5c(c4)OCCCO5)ccc32)o1
O=C(NCC(Oc1ccc2c(cnn2-c2ncnc3c2ncn3-c2ccccc2)c1)c1ccccc1)c1csnn1
O=C(NCC(Oc1ccc2c(cnn2-c2ccncc2)c1)c1ccccc1)c1cccs1
O=C(NCC(Oc1ccc2c(cnn2-c2ccccc2)c1)c1cnccn1)c1cnc2ccncn12
O=C(NCC(Oc1ccc2c(cnn2-c2cc(-n3cccn3)ccn2)c1)c1ccccc1)c1cocn1
O=C(NCC(Oc1ccc2c(cnn2-c2nccc(N3CCOCC3)n2)c1)c1ccc2c(c1)CCO2)c1ncc[nH]1
O=C(NCC(Oc1ccc2c(cnn2-c2cccc(C3CCCOC3)n2)c1)c1ccccc1)c1ccon1
O=C(NCC(Oc1ccc2c(cnn2-c2cnc3ccccn3c2=O)c1)c1ccc2c(c1)OCCO2)c1nccs1
c1ccc(-c2csc(-n3ncc4cc(OCc5ccc6c(c5)OCCO6)ccc43)c2)cc1
O=C(NCC(Oc1ccc2c(cnn2-c2cccc3cnccc23)c1)c1ccc2c(c1)CCC2)C1CCCNC1
O=C(NCC(Oc1ccc2c(cnn2-c2ccc3n[nH]cc3c2)c1)c1ccccc1)c1cscn1
O=C(NCC(Oc1ccc2c(cnn2-c2ccccc2-c2nn[nH]n2)c1)c1ccccc1)c1cnn2ccccc12
O=C(NCC(Oc1ccc2c(cnn2-c2nnn(CC3CCNCC3)n2)c1)c1ccc2c(c1)OCCO2)c1ccccc1
O=C(Cc1ccccc1)NCC(Oc1ccc2c(cnn2-c2ncnn2-c2ccccc2)c1)c1ccc2c(c1)OCCO2
O=C1CCC(C(=O)NCC(Oc2ccc3c(cnn3-c3cccnc3)c2)c2ccccc2)CC1
O=C(NCC(Oc1ccc2c(cnn2-c2cncc(C3CC3)n2)c1)c1ccc2c(c1)OCCO2)c1ccccc1
O=C(NCC(Oc1ccc2c(cnn2-c2ccccc2)c1)c1ccc2c(c1)OCCCO2)c1csnn1
O=C(NCC(Oc1ccc2c(cnn2-c2ccccc2)c1)c1ccc2occc2c1)c1cncs1
O=C(NCC(Oc1ccc2c(cnn2-c2cnon2)c1)c1ccccc1)c1cscn1
O=C(NCC(Oc1ccc2c(cnn2-c2ccc3c(cnn3C3CC3)c2)c1)c1ccccc1)c1n[nH]c2c1CCCC2
O=C(Nc1cccc(N2C=C3C=C(C=N2)CCCN2CCCC(O3)c3ccc4c(c3)CCC42)c1)c1ccccc1
O=C(NCC(Oc1ccc2c(cnn2-c2ccc(-n3ncc4ccccc43)nn2)c1)c1ccc2c(c1)OCCO2)C1CCCOC1
O=C(NCC(Oc1ccc2c(cnn2-c2cc3cncnc3[nH]2)c1)c1ccccc1)c1cc[nH]n1
O=C(NCC(Oc1ccc2c(cnn2-c2cccnc2)c1)c1ccccc1)c1ncc2cc1N=CC=N2
O=C(NCC(Oc1ccc2c(cnn2-c2nn[nH]n2)c1)c1ccccc1)c1cc2ccccc2s1
O=C(NCC(Oc1ccc2c(cnn2-c2cccc3ccncc23)c1)c1ccc2c(c1)OCCO2)c1ccc(N2CCOCC2)[nH]1
O=C(NCC(Oc1ccc2c(cnn2-c2cccc3[nH]ncc23)c1)c1ccc2c(c1)OCCO2)c1ccccc1
O=C(NCC(Oc1ccc2c(cnn2-c2ccc3ocnc3c2)c1)c1ccc2c(c1)OCCO2)c1ccc(-c2cncnc2)o1
O=C(CCc1ccccc1)NCC(Oc1ccc2c(cnn2-c2ccn[nH]2)c1)c1ccc2c(c1)OCCO2
N=c1nc(-n2ncc3cc(OC(CNC(=O)c4cc5ccccc5[nH]4)c4ccccn4)ccc32)cc[nH]1
O=C(NCC(Oc1ccc2c(cnn2-c2nc3ccccc3[nH]2)c1)c1ccccc1)c1nnco1
O=c1[nH]c(-c2ccccc2)cc2ccccc12
O=C(NCC(Oc1ccc2c(cnn2-c2nnc(-c3ccncc3)s2)c1)c1ccccc1)c1cnco1
O=C(NCC(Oc1ccc2c(cnn2-c2cc3ccccc3[nH]2)c1)c1ccc2c(c1)OCCO2)c1ccccc1
O=C(NCC(Oc1ccc2c(cnn2-c2ccccn2)c1)c1cccnc1)c1cccnc1
O=C(NCC(Oc1ccc2c(cnn2-c2cnc3ccncc3c2)c1)c1ccccc1)c1ccn[nH]1
O=C(NCC(Oc1ccc2c(cnn2-c2cccc(N3CCOCC3)n2)c1)c1ccccc1)c1nnco1
O=C(NCC(Oc1ccc2c(cnn2-c2ncnc3sccc23)c1)c1ccccc1)C1CCCN1C(=O)C1COc2ccccc2O1
O=C(Cc1ccc2c(c1)OCCO2)NCC(Oc1ccc2c(cnn2-c2cn[nH]c2)c1)c1ccc2c(c1)OCCO2
O=C(Nc1cn2nc(-n3ncc4cc(OC(CNC(=O)C5CCCC5)c5ccc6c(c5)OCCCO6)ccc43)ccc2n1)c1ccncc1
O=C(NCC(Oc1ccc2c(cnn2-c2cnccc2-c2nccs2)c1)c1ccccc1)c1cncs1
O=C(Cc1ccsc1)NCC(Oc1ccc2c(cnn2-c2cc3ccn(-c4ccccn4)c3cn2)c1)c1ccc2c(c1)OCCO2
O=C(NCC(Oc1ccc2c(cnn2-c2nnc[nH]2)c1)c1ccccc1)c1nsc2ccccc12
c1ccc(-c2cncc(-n3ncc4cc(OCc5ccc6c(c5)OCCO6)ccc43)c2)cc1
O=C(NCC(Oc1ccc2c(cnn2-c2ncc3c(n2)NCC3)c1)c1ccc2c(c1)OCCO2)c1ccccc1
O=C(NCC(Oc1ccc2c(cnn2-c2ccc3ncccc3c2)c1)c1ccc2c(c1)OCCO2)c1ccncc1
O=C(NCC(Oc1ccc2c(cnn2-c2ccc(N3CCOCC3)nc2)c1)c1ccc2c(c1)CCC2)c1cscn1
O=C(NCC(Oc1ccc2c(cnn2-c2c[nH]nn2)c1)c1ccccc1)c1cn[nH]c1
O=C(NCC(Oc1ccc2c(cnn2-c2ccc3c(cnn3C3CC3)c2)c1)c1ccc2c(c1)OCCO2)c1cnoc1
O=C(NCC(Oc1ccc2c(cnn2-c2cccnn2)c1)c1ccccc1)c1cc2ccncc2o1
O=C(NCC(Oc1ccc2c(cnn2-c2cccc(C3CC3)n2)c1)c1ccc2c(c1)CCO2)C1CCCNC1
O=C1C=CC2Cc3nn(-c4ccccc4)cc3CC2=C1
O=C(NCC(Oc1ccc2c(cnn2-c2cnn(-c3cnccn3)c2)c1)c1ccccc1)C1CCCCC1
O=C(CCc1ccccc1)NCC(Oc1ccc2c(cnn2-c2ccnc(-c3cn[nH]c3)c2)c1)c1ccc2c(c1)OCCO2
c1ncc2c(COc3ccc4ncsc4c3)[nH]nc2n1
O=C(NCC(Oc1ccc2c(cnn2-c2cnc3n[nH]cc3n2)c1)c1ccccc1)C1(c2ccccc2)CCCO1
O=c1[nH]nc2c3c(nccc13)NC=C2c1ccc2[nH]ccc2c1
O=C(NCC(Oc1ccc2c(cnn2-c2ccccc2)c1)c1cccs1)c1cocn1
O=C(NCC(Oc1ccc2c(cnn2-c2nccc3c2CCN(Cc2ccccc2)C3)c1)c1ccc2c(c1)CCC2)c1cscn1
O=C(NCC(Oc1ccc2c(cnn2-c2ccccc2)c1)c1ccc2c(c1)OCCO2)c1ccnc2nc[nH]c12
O=C(NCC(Oc1ccc2c(cnn2-c2ccccc2-c2ncon2)c1)c1ccc2c(c1)OCCCO2)c1cscn1
N=c1[nH]cc(C(=O)NCC(Oc2ccc3c(cnn3-c3ncnc4ccsc34)c2)c2ccc3c(c2)OCCO3)s1
O=C(NCC(Oc1ccc2c(cnn2-c2cccc(-c3cnnc4c3CCCC4)c2)c1)c1ccc2c(c1)OCCO2)C1CCC1
O=C(NCC(Oc1ccc2c(cnn2-c2cccc(-c3cccc4cc[nH]c34)c2)c1)c1ccc2c(c1)CCC2)c1ncc[nH]1
c1cc2c(cc1COc1ccc3c(cnn3-c3ccc4cnncc4n3)c1)OCCO2
O=C(Cc1ccccc1)NCC(Oc1ccc2c(cnn2-c2ccc3ncnn3c2)c1)c1ccc2c(c1)OCCO2
O=C(NCC(Oc1ccc2c(cnn2-c2cc3n(n2)CCNC3)c1)c1ccc2c(c1)COC2)C1CCCCO1
O=C(NCC(Oc1ccc2c(cnn2-c2ncnc3ncccc23)c1)c1ccc2c(c1)CC2)c1cncnc1
O=C(NCC(Oc1ccc2c(cnn2-c2cccc(-n3ncc4ccccc43)c2)c1)c1cccnc1)C1CCCN1
O=C(NCC(Oc1ccc2c(cnn2-c2cccc(-n3nccn3)c2)c1)c1ccccc1)c1ncc2ccccn12
O=C(NCC(Oc1ccc2c(cnn2-c2ccc3oncc3c2)c1)c1ccccn1)c1ccno1
c1cc2c(cc1COc1ccc3c(cnn3-c3cncc(-c4cnnn4C4CCOC4)c3)c1)OCCO2
O=C(Cc1ccsc1)NCC(Oc1ccc2c(cnn2-c2nccnc2-c2cn[nH]c2)c1)c1ccc2c(c1)OCCO2
O=C(NCC(Oc1ccc2c(cnn2-c2cncnc2)c1)c1ccc2c(c1)OCCO2)c1cccc2ccccc12
O=C(NCC(Oc1ccc2c(cnn2-c2ccc3c(c2)COC3)c1)c1ccc2c(c1)OCCCO2)c1ccn[nH]1
O=C(NCC(Oc1ccc2c(cnn2-c2ccccc2-c2ncn[nH]2)c1)c1ccccc1)c1csnn1
O=C(NCC(Oc1ccc2c(cnn2-c2cccc(-c3ccccc3)n2)c1)c1ccccc1)c1cnon1
O=C(NCC(Oc1ccc2c(cnn2-c2nnc3cnccn23)c1)c1ccccc1)c1cc2ccccc2[nH]1
O=C(NCC(Oc1ccc2c(cnn2-c2cc[nH]c(=Nc3ccccc3)n2)c1)c1ccccn1)c1csc2c1CCCC2
O=C(NCC(Oc1ccc2c(cnn2-c2cccc3ccsc23)c1)c1ccc2c(c1)OCCO2)c1cnccn1
O=C(NCC(Oc1ccc2c(cnn2-c2cn[nH]c2)c1)c1ccc2c(c1)CCC2)c1cocn1
O=C(NCC(Oc1ccc2c(cnn2-c2cccc3cnncc23)c1)c1ccccc1)c1cccnc1
O=C(NCC(Oc1ccc2c(cnn2-c2nccc3c2cnn3-c2ccccc2)c1)c1ccccc1)c1cccs1
O=C(NCC(Oc1ccc2c(cnn2-c2cccnn2)c1)c1ccc2c(c1)OCCO2)c1ccccc1
O=C(CNc1cccnc1)NCC(Oc1ccc2c(cnn2-c2cncc3ccccc23)c1)c1ccc2c(c1)OCC2
O=C(NCC(Oc1ccc2c(cnn2-c2ccccc2-c2ccnc3[nH]ncc23)c1)c1ccc2c(c1)OCCO2)c1ccoc1
O=C(NCC(Oc1ccc2c(cnn2-c2cccc3cc[nH]c23)c1)c1ccccc1)C1Cc2ccccc2CN1
O=C(NCC(Oc1ccc2c(cnn2-c2cccnc2)c1)c1ccc2c(c1)OCCO2)c1ccc2[nH]ccc2c1
O=C(NCC(Oc1ccc2c(cnn2-c2c[nH]nn2)c1)c1ccc2occc2c1)C1CCCCC1
O=C(NCC(Oc1ccc2c(cnn2-c2cnccn2)c1)c1ccc2c(c1)OCCCO2)c1cnc2[nH]ccc2c1
O=C(NCC(Oc1ccc2c(cnn2-c2ccc3c(c2)NCC3)c1)c1ccc2c(c1)COC2)c1cnc[nH]1
O=C(NCC(Oc1ccc2c(cnn2-c2ccc3ccncc3n2)c1)c1ccc2c(c1)CCO2)c1ccoc1
O=C(NCC(Oc1ccc2c(cnn2-c2cnc3n[nH]cc3c2)c1)c1ccc2c(c1)CCO2)c1ccnc2ccncc12
O=C(NCC(Oc1ccc2c(cnn2-c2cnc3c(c2)CCCN3)c1)c1ccc2c(c1)CCC2)c1cnc[nH]1
O=C(NCC(Oc1ccc2c(cnn2-c2cccc3c2OCC3)c1)c1ccc2c(c1)OCCO2)c1cc2ccccc2cn1
O=C(NCC(Oc1ccc2c(cnn2-c2cc(-c3cn[nH]c3)ccn2)c1)c1ccc2c(c1)OCCO2)c1cccnc1
O=C(NCC(Oc1ccc2c(cnn2-c2cn[nH]c2)c1)c1ccccc1)c1cn[nH]c1
O=C(NCC(Oc1ccc2c(cnn2-c2cccc(=O)[nH]2)c1)c1ccc2c(c1)OCCO2)c1cnoc1
O=C(NCC(Oc1ccc2c(cnn2-c2ccc(-c3cc4ccccc4oc3=O)cc2)c1)c1ccc2c(c1)OCCO2)c1ccccn1
O=C(NCC(Oc1cnc2c(cnn2-c2ccccc2)c1)c1ccc2c(c1)OCCCO2)c1cnn2cccnc12
O=C(NCC(Oc1ccc2c(cnn2-c2ccn3c(OCCOc4cccnc4)ncc3c2)c1)c1ccc2c(c1)OCCO2)c1cccc2cnccc12
O=C(NCC(Oc1ccc2c(cnn2-c2nccc3cncn23)c1)c1ccc2c(c1)OCCO2)c1cocn1
O=C(NCC(Oc1ccc2c(cnn2-c2cnc3ccnn3c2)c1)c1ccc2c(c1)OCCCO2)c1cccnc1
O=C(NCC(Oc1ccc2c(cnn2-c2ccn(C3CC3)c(=O)n2)c1)c1ccc2c(c1)OCCO2)c1cocn1
O=C(NCC(Oc1ccc2c(cnn2-c2ccn[nH]2)c1)c1ccccc1)C1CC1
O=C(NCC(Oc1ccc2c(cnn2-c2ccncn2)c1)c1ccccc1)c1cncnc1
O=C(NCC(Oc1ccc2c(cnn2-c2ccccc2-c2cnoc2)c1)c1ccc2c(c1)OCCO2)c1ccnnc1
O=C(Cc1cccs1)NCC(Oc1ccc2c(cnn2-c2nc3cncnc3[nH]2)c1)c1ccc2c(c1)OCCO2
O=C(NCC(Oc1ccc2c(cnn2-c2cccc(N3CCCCC3)n2)c1)c1ccccc1)C1CCC1
O=C(NCC(Oc1ccc2c(cnn2-c2ccccc2)c1)c1ccc2c(c1)OCCO2)C1CC2C=CC1C2
O=C(NCC(Oc1ccc2c(cnn2-c2cnc3[nH]cnc3c2)c1)c1ccccc1)c1ccn[nH]1
O=C(NCC(Oc1ccc2c(cnn2-c2ccccn2)c1)c1ccc2c(c1)OCCO2)c1cn[nH]c1
O=C(NCC(Oc1ccc2c(cnn2-c2cncnc2)c1)c1ccc2c(c1)OCCO2)c1noc2c1CCCC2
O=C(NCC(Oc1ccc2c(cnn2-c2nccc3c2CCN(C(=O)C2CCC2)C3)c1)c1ccccc1)c1cscn1
c1ccc(-c2nnc(-n3ncc4cc(OCc5ccc6c(n5)CCCC6)ccc43)s2)cc1
O=C(NCC(Oc1ccc2c(cnn2-c2ncccn2)c1)c1ccc2c(c1)CCNC2)c1cc2ccccc2[nH]1
O=C(NCC(Oc1ccc2c(cnn2-c2cccnn2)c1)c1ccc2ccccc2n1)c1cnccn1
O=C(NCC(Oc1ccc2c(cnn2-c2cc3[nH]ccc3cn2)c1)c1ccc2c(c1)CCC2)c1ccccc1
O=C(NCC(Oc1ccc2c(cnn2-c2ccc(-n3cnc4ccccc43)cc2)c1)c1ccc2c(c1)OCCO2)c1cnoc1
O=C(NCC(Oc1ccc2c(cnn2-c2cccnn2)c1)c1ccccc1)c1ccn[nH]1
O=C(NCC(Oc1ccc2c(cnn2-c2cc(-c3cocn3)ccn2)c1)c1ccccc1)c1ccco1
O=C(NCC(Oc1ccc2c(cnn2-c2cc3ccccc3cn2)c1)c1ccccc1)c1cc[nH]c1
O=C(NCC(Oc1ccc2c(cnn2-c2ccccc2-c2ccnn2C2CNC2)c1)c1ccc2c(c1)OCCO2)c1cncs1
O=C(NCC(Oc1ccc2c(cnn2-c2ncnc3c2CCC3)c1)c1ccc2c(c1)OCCO2)C1CC1
O=C(NCC(Oc1ccc2c(cnn2-c2nccc3cnccc23)c1)c1ccccc1)c1cnco1
O=C(NCC(Oc1ccc2c(cnn2-c2ccc3ncccc3c2)c1)c1ccc2c(c1)OCCO2)c1cccc2ccccc12
O=C(NCC(Oc1ccc2c(cnn2-c2ccccc2-c2ccnn2C2CC2)c1)c1ccc2c(c1)CCO2)C1CCCOC1
O=S(=O)(NCC(Oc1ccc2c(cnn2-c2ncc(-c3ccccn3)nn2)c1)c1ccccc1)C1CCCC1
O=C(NCC(Oc1ccc2c(cnn2-c2cc3ccccc3cn2)c1)c1ccco1)C1(c2ccccc2)CCCC1
O=C(Cc1ccsc1)NCC(Oc1ccc2c(cnn2-c2ccon2)c1)c1ccc2c(c1)OCC2
O=C(NCC(Oc1ccc2c(cnn2-c2cccc(N3CCC3)n2)c1)c1ccccc1)c1cnco1
O=C(NCC(Oc1ccc2c(cnn2-c2ccccc2-c2ccccc2)c1)c1ccccc1)c1csnn1
O=C(NCC(Oc1ccc2c(cnn2-c2nc3ccccc3s2)c1)c1ccccc1)c1nccs1
O=C(NCC(Oc1ccc2c(cnn2-c2cnc3ccccc3c2)c1)c1ccccc1)C1CN=C2C=CC=CN21
O=C(NCC(Oc1ccc2c(cnn2-c2ccc3nc[nH]c3n2)c1)c1ccc2c(c1)OCCC2)c1ccccc1
O=C(NCC(Oc1ccc2c(cnn2-c2ccnc(N3CCCC3)n2)c1)c1ccccc1)c1ccccc1
O=C(NCC(Oc1ccc2c(cnn2-c2nccc3c2CCN(Cc2cncnc2)C3)c1)c1ccc2c(c1)CCO2)c1ccncc1
O=C(NCC(Oc1ccc2c(cnn2-c2ncc3c(n2)NCC3)c1)c1ccc2c(c1)CCC2)c1cnccn1
c1ccn2c(-n3ncc4cc(OCc5ccc6c(c5)OCCN6)ccc43)nnc2c1
O=C(NCC(Oc1ccc2c(cnn2-c2cncnc2)c1)c1ccc2c(c1)OCCO2)c1cnoc1
O=C(NCC(Oc1ccc2c(cnn2-c2nccc(N3CCNCC3)n2)c1)c1ccccc1)c1ccc2c(c1)OCCO2
c1cc(-c2ccc(-n3ncc4cc(OCc5ccc6c(c5)OCCO6)ccc43)cc2)cs1
O=C(NCC(Oc1ccc2c(cnn2-c2cccc(C3CC3)n2)c1)c1cccnc1)C1CC1
O=C(NCCN1CCOc2cc(COc3ccc4c(cnn4-c4ncnc5[nH]cnc45)c3)ccc21)C1CCOCC1
c1ccc(-n2ncc3cc(OCc4ccc5c(c4)OCCO5)ccc32)nc1
O=C(NCC(Oc1ccc2c(cnn2-c2nncc3ccncc23)c1)c1ccccc1)c1ccccc1
O=C(NCC(Oc1ccc2c(cnn2-c2cnc3ccccc3n2)c1)c1ccc2c(c1)OCCO2)C1CCC1
O=C(NCC(Oc1ccc2c(cnn2-c2cccnc2)c1)c1ccc2c(c1)OCCO2)c1ccc(-n2cncn2)cc1
O=C(NCC(Oc1ccc2c(cnn2-c2cnnc3c2CNCC3)c1)c1ccc2c(c1)OCCO2)c1ncc[nH]1
O=C(NCC(Oc1ccc2c(cnn2-c2cn[nH]c2)c1)c1ccc2c(c1)OCCO2)c1ccccc1
O=C(NCC(Oc1ccc2c(cnn2-c2ccccn2)c1)c1ccccc1)c1ccoc1
O=C(NCC(Oc1ccc2c(cnn2-c2cnc3c(cnn3C3CC3)c2)c1)c1ccc2c(c1)CCO2)c1ccn[nH]1
O=C(NCC(Oc1ccc2c(cnn2-c2cncc(-c3ccco3)c2)c1)c1ccc2c(c1)OCCO2)c1cnc[nH]1
O=C(NCC(Oc1ccc2c(cnn2-c2ccc3[nH]ncc3c2)c1)c1ccc2[nH]ccc2c1)C1CCC1
O=C(Cc1ccccc1)NCC(Oc1ccc2c(cnn2-c2ccc3nc[nH]c3c2)c1)c1ccc2c(c1)OCCO2
O=C(NCC(Oc1ccc2c(cnn2-c2cnc(N3CCCC3)nc2)c1)c1ccc2c(c1)OCCO2)c1cnoc1
O=C(NCC(Oc1ccc2c(cnn2-c2ncc3ccccc3n2)c1)c1ccccc1)c1csnn1
c1ccc(-c2ccnc3ccc(-n4ncc5cc(OCc6ccc7c(c6)OCCO7)ccc54)cc23)cc1
O=C(NCC(Oc1ccc2c(cnn2-c2cc[nH]n2)c1)c1ccccc1)c1ccn[nH]1
O=C(NCC(Oc1ccc2c(cnn2-c2ccc3[nH]ncc3c2)c1)c1ccc2c(c1)OCCO2)C1CCNC1
O=C(NCC(Oc1ccc2c(cnn2-c2ncccn2)c1)c1ccccc1)c1ncc[nH]1
O=C(NCC(Oc1ccc2c(cnn2-c2ccc3cnccc3c2)c1)c1ccc2cc1C=CO2)c1cnco1
O=C(NCC(Oc1ccc2c(cnn2-c2cccc(-n3cccn3)c2)c1)c1ccc2c(c1)OCCO2)c1cncnc1
O=C(NCC(Oc1ccc2c(cnn2-c2cn[nH]c2)c1)c1ccccc1)c1cc2ccccc2o1
O=C(NCC(Oc1ccc2c(cnn2-c2ccc3nc[nH]c3c2)c1)c1ccccc1)c1cnns1
O=C(NCC(Oc1ccc2c(cnn2-c2ccncc2)c1)c1ccc2ncccc2c1)c1cocn1
c1cc2c(cc1COc1ccc3c(cnn3-c3cnc4c(c3)OCCN4)c1)OCC2
O=C(NCC(Oc1ccc2c(cnn2-c2ccncn2)c1)c1ccc2c(c1)OCCC2)c1ccccn1
O=C(NCC(Oc1ccc2c(cnn2-c2ccc(-n3ccccc3=O)cc2)c1)c1ccc2c(c1)OCCO2)c1cccnc1
O=C(NCC(Oc1ccc2c(cnn2-c2nncs2)c1)c1ccc2c(c1)OCC2)c1cscn1
c1cncc(-c2cnc3c(-c4cncnc4)cccc3c2-n2cc3c(n2)CCCC3)c1
O=C(NCC(Oc1ccc2c(cnn2-c2ccccc2)c1)c1ccc2c(c1)OCCCO2)c1cccc2ccccc12
O=C(NCC(Oc1ccc2c(cnn2-c2ccn[nH]2)c1)c1ccc2c(c1)CCC2)C1CCC1
O=C(Cc1c[nH]c2ccccc12)NCC(Oc1ccc2c(cnn2-c2ccccn2)c1)c1ccc2c(c1)OCCCO2
O=C(NCC(Oc1ccc2c(cnn2-c2c[nH]nn2)c1)c1ccc2c(c1)OCCCO2)C1CCCOC1
O=C(NCC(Oc1ccc2c(cnn2-c2cccnn2)c1)c1ccc2c(c1)OCCO2)c1csc2ccccc12
O=C(NCC(Oc1ccc2c(cnn2-c2nccc(C3CC3)n2)c1)c1ccc2c(c1)OCCO2)c1cc2ccccc2[nH]1
c1nc(N2CCOCC2)cc(-n2ncc3cc(OCc4ccc5c(c4)CCNC5)ccc32)n1
O=C(NCC(Oc1ccc2c(cnn2-c2ccc3nc[nH]c3c2)c1)c1ccc2c(c1)OCCCO2)c1ccncc1
O=C(NCC(Oc1ccc2c(cnn2-c2ccccc2-c2cc[nH]c2)c1)c1ccc2c(c1)CNC2)c1cnon1
O=C(Cc1ccccc1)NCC(Oc1ccc2c(cnn2-c2cnc3ccnn3c2)c1)c1ccc2c(c1)OCCO2
c1cncc(COc2ccc3c(cnn3-c3cnc4[nH]ncc4c3)c2)c1
O=C(NCC(Oc1ccc2c(cnn2-c2ccccc2)c1)c1ccc2c(c1)CCC2)c1ccc2ccccc2c1
O=C(NCC(Oc1cc2cnn(-c3cccc4cc[nH]c34)c2cn1)c1ccc2c(c1)OCCO2)c1ccn[nH]1
O=C1CCC(C(=O)NCC(Oc2ccc3c(cnn3-c3noc(-c4ccccc4)n3)c2)c2ccc3c(c2)OCCO3)CC1
O=C1CCc2cc3n(c(=O)c2CO1)Cc1nc2ccccc2cc1-3
O=C(Cn1cc(-n2ncc3cc(OC(CNC(=O)c4cccnc4)c4ccc5c(c4)OCCO5)ccc32)nn1)c1ccccc1
O=C(NCC(Oc1ccc2c(cnn2-c2cccnc2)c1)c1ccc2c(c1)OCCCO2)c1ccccc1-n1nccn1
c1ccc(-c2nnc(-n3ncc4cc(OCc5ccc6c(c5)OCCO6)ccc43)o2)cc1
O=C(NCC(Oc1ccc2c(cnn2-c2cc3cncnc3[nH]2)c1)c1ccc2c(c1)CCO2)c1ccn[nH]1
O=C(NCC(Oc1ccc2c(cnn2-c2cccc3[nH]ccc23)c1)c1ccccc1)C1CCOC1
O=C(NCCc1ccccc1)c1c[nH]c2ccccc12
N=c1nc(-n2ncc3cc(OC(CNC(=O)C4CCOCC4)c4ccccn4)ccc32)cc[nH]1
O=C(NCC(Oc1ccc2c(cnn2-c2nccc3nccnc23)c1)c1ccc2c(c1)OCCCO2)c1cnc2sccc2c1
c1ccc(COc2ccc3c(cnn3-c3cccc(C4CCCCO4)n3)c2)cc1
O=C(NCC(Oc1ccc2c(cnn2-c2cccc3cnccc23)c1)c1ccccc1)c1ccno1
O=C(NCC(Oc1ccc2c(cnn2-c2cnn(-c3ccccn3)c2)c1)c1ccc2c(c1)OCCO2)C1CCCOC1
O=C(NCC(Oc1ccc2c(cnn2-c2cn[nH]c2)c1)c1ccc2c(c1)OCCCO2)c1cccc2[nH]ncc12
c1cn2ccc(-n3ncc4cc(OCc5ccc6c(c5)CCC6)ccc43)cc2n1
O=C(NCC(Oc1ccc2c(cnn2-c2nccc(-c3ccoc3)n2)c1)c1ccc2c(c1)OCCO2)c1ccno1
O=C(NCC(Oc1ccc2c(cnn2-c2n[nH]c3ccccc23)c1)c1ccccc1)c1cccs1
O=C(Cc1ccccc1)NCC(Oc1ccc2c(cnn2-c2c[nH]nn2)c1)c1ccc2c(c1)OCCO2
O=c1ccc2ccc(OCCc3ccccc3)cc2o1
O=C(NCC(Oc1ccc2c(cnn2-c2cc3ccncc3cn2)c1)c1ccc2c(c1)CCO2)c1cnccn1
O=C(NCC(Oc1ccc2c(cnn2-c2ccnnc2)c1)c1ccccc1)C1CCC1
O=C(NCC(Oc1ccc2c(cnn2-c2cnc3[nH]ccc3c2)c1)c1ccccc1)c1cnoc1
c1cnn(-c2ccsc2-n2ncc3c2CCCC3)n1
c1cncc(-n2ncc3cc(OCc4ccc5c(c4)OCCO5)ccc32)c1
O=C(NCC(Oc1ccc2c(cnn2-c2ccccc2)c1)c1cccnc1)c1ccsc1
O=C(NCC(Oc1ccc2c(cnn2-c2cnc3ncncc3c2)c1)c1ccccc1)c1ccn[nH]1
O=C(NCC(Oc1ccc2c(cnn2-c2n[nH]c3ncncc23)c1)c1ccc2c(c1)CCO2)c1cccc2nccnc12
O=C(NCC(Oc1ccc2c(cnn2-c2cncc(-c3ccccc3)c2)c1)c1ccc2c(c1)OCCO2)c1cccc2c1CCCC2
O=C(NCC(Oc1ccc2c(cnn2-c2ccon2)c1)c1ccc2c(c1)OCCO2)C1CCC1
O=C(NCC(Oc1ccc2c(cnn2-c2nccc(-c3ccno3)n2)c1)c1ccc2c(c1)OCCO2)c1cn[nH]c1
O=C(NCC(Oc1ccc2c(cnn2-c2ncnc3[nH]ccc23)c1)c1ccc2c(c1)OCCO2)c1ccccc1
O=C(NCC(Oc1ccc2c(cnn2-c2ccc(-c3cnoc3)nn2)c1)c1ccccc1)C1CCC1
O=C(NCC(Oc1ccc2c(cnn2-c2nc3ccccc3[nH]2)c1)c1ccc2ccccc2c1)c1cccc(-n2nccn2)c1
O=C(NCC(Oc1ccc2c(cnn2-c2nccc3cncn23)c1)c1ccc2c(c1)OCCO2)c1ccccc1
O=C(NCC(Oc1ccc2c(cnn2-c2cnc3c(cnn3-c3cccc(-n4cccn4)c3)c2)c1)c1ccccc1)C1CCCC1
O=C(NCC(Oc1ccc2c(cnn2-c2ccc3nccn3c2)c1)c1ccc2c(c1)OCCO2)c1cnoc1
O=C(NCC(Oc1ccc2c(cnn2-c2cnc3c(cnn3-c3ccccc3)c2)c1)c1ccc2c(c1)CCCC2)c1ccccc1
O=C(NCC(Oc1ccc2c(cnn2-c2ncc[nH]2)c1)c1ccccc1)c1cnco1
O=C(NCC(Oc1ccc2c(cnn2-c2ccccn2)c1)c1ccc2c(c1)OCCO2)c1cnc2ccccn12
O=C(NCC(Oc1ccc2c(cnn2-c2ccc3c(c2)OCCO3)c1)c1ccc2c(c1)OCCO2)C1(c2ccccn2)CCC1
O=C(NCC(Oc1ccc2c(cnn2-c2ccc(-c3c[nH]c4ccccc34)cc2)c1)c1ccc2c(c1)OCCO2)C1CCC1
O=C(Cn1cc2ccccc2c1)NCC(Oc1ccc2c(cnn2-c2ccc3[nH]ncc3c2)c1)c1ccc2c(c1)OCCO2
O=C(NCC(Oc1ccc2c(cnn2-c2ccccc2)c1)c1ccc2c(c1)OCCO2)c1ccncc1
O=C(NCC(Oc1ccc2c(cnn2-c2cncc3ccccc23)c1)c1ccc2c(c1)OCCCO2)c1cc[nH]n1
O=C(NCC(Oc1ccc2c(cnn2-c2ccc3ncccc3n2)c1)c1ccc2c(c1)OCCO2)C1CCCOC1
O=C(NCC(Oc1ccc2c(cnn2-c2ccccc2)c1)c1ccc2c(c1)OCCCO2)c1ccc2c(c1)OCCO2
O=C(NCC(Oc1ccc2c(cnn2-c2cc(-c3ccccc3)n[nH]2)c1)c1ccc2c(c1)OCCO2)c1ccccc1
O=C(NCC(Oc1ccc2c(cnn2-c2cn[nH]c2)c1)c1ccccc1)c1cc[nH]n1
c1cc(N2CCc3ncncc3C2)nc(-n2ncc3cc(OCc4ccc5[nH]ncc5c4)ccc32)c1
O=C(NCC(Oc1ccc2c(cnn2-c2ccccc2)c1)c1ccc2c(c1)OCCN2)C1CC1
O=C(NCC(Oc1ccc2c(cnn2-c2nncs2)c1)c1ccc2c(c1)CCC2)c1nncs1
O=C(NCC(Oc1ccc2c(cnn2-c2ccccn2)c1)c1ccc2c(c1)CCC2)c1ccco1
O=C(NCC(Oc1ccc2c(cnn2-c2nc(C3CC3)cs2)c1)c1ccc2c(c1)OCCCO2)c1ccco1
O=C(NCC(Oc1ccc2c(cnn2-c2cnc3[nH]c(=O)[nH]c3c2)c1)c1cccnc1)c1nccs1
c1ccc(N2CCN(c3ncccn3)CC2)nc1
O=C(CCc1ccccc1)NCC(Oc1ccc2c(cnn2-c2ccncn2)c1)c1ccc2c(c1)OCCO2
O=C(COc1ccccc1)NCC(Oc1ccc2c(cnn2-c2nncc3ccccc23)c1)c1ccc2c(c1)OCCO2
O=C(NCC(Oc1ccc2c(cnn2-c2nccc3c2CCNC3)c1)c1ccccc1)c1ccnc2ccccc12
O=C(NCC(Oc1ccc2c(cnn2-c2cncnc2)c1)c1ccccc1)c1cncnc1
O=C(NCC(Oc1ccc2c(cnn2-c2c[nH]nn2)c1)c1ccc2c(c1)CCO2)C1CCCN1c1ccccn1
O=C(NCC(Oc1ccc2c(cnn2-c2ccccc2)c1)c1nc2ccccc2n1-c1ccccc1)c1ccoc1
O=C(NCC(Oc1ccc2c(cnn2-c2nccc3c2cnn3-c2ccccc2)c1)c1ccccc1)c1cc2c(s1)CCC2
O=C(NCC(Oc1ccc2c(cnn2-c2ncon2)c1)c1ccc2c(c1)CCNC2)C1CCCNC1
O=C(NCC(Oc1ccc2c(cnn2-c2cnc3ncnn3c2)c1)c1ccc2c(c1)OCCO2)c1cc2cnccc2s1
O=C(NCC(Oc1ccc2c(cnn2-c2ncn[nH]2)c1)c1ccc2c(c1)OCCO2)c1cn[nH]c1
O=C(NCC(Oc1ccc2c(cnn2-c2n[nH]c3ccncc23)c1)c1ccc2c(c1)CCCC2)c1ccn[nH]1
O=C(NCC(Oc1ccc2c(cnn2-c2cc3cnccn3n2)c1)c1ccc2c(c1)OCCO2)c1cnco1
O=C(NCC(Oc1ccc2c(cnn2-c2cnc3[nH]ncc3n2)c1)c1ccc2c(c1)OCCO2)c1ccncc1
O=C(NCC(Oc1ccc2c(cnn2-c2ccccc2)c1)c1ccc2c(c1)OCCO2)c1cccnn1
O=C(NCC(Oc1ccc2c(cnn2-c2ccncn2)c1)c1ccc2c(c1)OCCC2)c1ncc2ccccn12
O=C(NCC(Oc1ccc2c(cnn2-c2nc(-c3ccncc3)cc(N3CCOCC3)n2)c1)c1ccc2c(c1)OCCO2)c1ccoc1
O=C(Cn1nc(-c2ccncc2)ccc1=O)Nc1c[nH]n(-c2ccccc2)c1=O
O=C1CCC(C(=O)NCC(Oc2ccc3c(cnn3-c3cc(-n4cccn4)cc(N4CCOCC4)n3)c2)c2ccccn2)CC1
O=C(NCC(Oc1ccc2c(cnn2-c2cnc3cccnc3c2)c1)c1ccc2c(c1)OCCO2)c1coc2ccccc12
O=C1CCC(C(=O)NCC(Oc2ccc3c(cnn3-c3nnc4ccccn34)c2)c2ccccc2)C1
O=C(NCC(Oc1ccc2c(cnn2-c2nccs2)c1)c1ccc2c(c1)OCCO2)c1nnc(-c2ccco2)o1
O=C(NCC(Oc1ccc2c(cnn2-c2nnc3ncccn23)c1)c1ccc2c(c1)OCCO2)c1ccccc1
O=C(NCC(Oc1ccc2c(cnn2-c2ccccc2-c2ncn[nH]2)c1)c1ccc2c(c1)OCCO2)c1ccnc2ccccc12
c1cncc(-n2ncc3cnc(-n4ncc5cc(OCc6ccc7c(c6)OCCCO7)ccc54)cc32)c1
O=C(NCC(Oc1ccc2c(cnn2-c2cccnn2)c1)c1ccccc1)c1ccno1
O=C(NCC(Oc1ccc2c(cnn2-c2nccc3sccc23)c1)c1ccccc1)c1cc2ccccc2[nH]1
O=C(NCC(Oc1ccc2c(cnn2-c2ccc(=O)[nH]n2)c1)c1ccc2c(c1)OCCO2)c1cncnc1
O=C(NCC(Oc1ccc2c(cnn2-c2ccccc2C2CC2)c1)c1ccc2c(c1)OCCO2)c1ccccc1
O=C(NCC(Oc1ccc2c(cnn2-c2cnn(Cc3ccccn3)c2)c1)c1ccc2c(c1)CCO2)c1ccoc1
O=C(NCC(Oc1ccc2c(cnn2-c2ccc3cn[nH]c3c2)c1)c1ccc2c(c1)OCCO2)c1cccnc1
O=C(NCC(Oc1ccc2c(cnn2-c2cccc(-c3ncnc4[nH]ccc34)c2)c1)c1ccc2c(c1)OCCO2)c1cnccn1
O=C(NCC(Oc1ccc2c(cnn2-c2ccc3c(c2)CCS3)c1)c1ccc2c(c1)OCCO2)c1coc2ccccc12
O=C(NCC(Oc1ccc2c(cnn2-c2cccnc2)c1)c1ccccc1)c1ccccn1
O=C(NCC(Oc1ccc2c(cnn2-c2ccc3ccncc3c2)c1)c1ccc2c(c1)OCCCO2)C1Cc2ccccc2C1
O=C(NCC(Oc1ccc2c(cnn2-c2ccc3oncc3c2)c1)c1ccc2c(c1)OCCO2)c1cccs1
O=C(NCC(Oc1ccc2c(cnn2-c2ncnc3c2ccn3CC2CCOC2)c1)c1ccccc1)C1CCCC1
c1cc2cc(COc3ccc4c(cnn4-c4ccc5[nH]ncc5c4)c3)ccc2o1
O=C(Cc1cccnc1)NCC(Oc1ccc2c(cnn2-c2cccc3[nH]ccc23)c1)c1ccc2c(c1)OCCCO2
O=C(NCC(Oc1ccc2c(cnn2-c2cccc(N3CCNCC3)n2)c1)c1ccc2[nH]ncc2c1)C1CCC1
O=C(NCC(Oc1ccc2c(cnn2-c2ccccn2)c1)c1ccc2c(c1)OCCO2)c1cc(-c2ccncc2)co1
O=C(NCC(Oc1ccc2c(cnn2-c2ncnc3ccsc23)c1)c1ccc2c(c1)OCCCO2)C1COc2ccccc2C1
O=C(NCC(Oc1ccc2c(cnn2-c2nncc3ccccc23)c1)c1ccco1)C1CCOCC1
O=C(NCC(Oc1ccc2c(cnn2-c2nnco2)c1)c1ccc2c(c1)OCCO2)c1ccccc1
O=C(NCC(Oc1ccc2c(cnn2-c2cnn(-c3ccccc3)c2)c1)c1cnco1)c1ncc[nH]1
O=C(NCC(Oc1ccc2c(cnn2-c2ncnc3ccccc23)c1)c1ccc2c(c1)OCCO2)c1cnoc1
O=C(NCC(Oc1ccc2c(cnn2-c2ccncn2)c1)c1ccc2c(c1)CCC2)C1CCOC1
O=C(NCC(Oc1ccc2c(cnn2-c2nn[nH]n2)c1)c1ccc2c(c1)OCCO2)c1ccon1
O=C(NCC(Oc1ccc2c(cnn2-c2cccc(N3CCOCC3)n2)c1)c1ccccc1)c1nncc2[nH]ccc12
O=C(NCC(Oc1ccc2c(cnn2-c2ccc(-n3ccnc3)cc2)c1)c1ccc2c(c1)OCCO2)C1CCC1
O=C(NCC(Oc1ccc2c(cnn2-c2nnc(-c3cccnn3)s2)c1)c1ccccc1)C1CCCN1
O=C(NCC(Oc1ccc2c(cnn2-c2ccncn2)c1)c1ccccc1)c1cnn2cccnc12
O=C(NCC(Oc1ccc2c(cnn2-c2cc3ccccc3cn2)c1)c1ccc2c(c1)OCCO2)c1cncnc1
O=C(NCC(Oc1ccc2c(cnn2-c2ccncn2)c1)c1ccc2c(c1)CCC2)C1COCCO1
O=c1cc(-c2ccccc2N=Cc2ccccc2)oc2ccccc12
O=C(NCC(Oc1ccc2c(cnn2-c2ccccc2)c1)c1ccc2c(c1)OCCO2)c1ccccc1
O=C(Cc1ccccn1)NCC(Oc1ccc2c(cnn2-c2nccc3c2CCN(C(=O)c2ccco2)C3)c1)c1ccc2c(c1)OCCO2
O=C(NCC(Oc1ccc2c(cnn2-c2cnc3[nH]c(=O)[nH]c3n2)c1)c1ccc2c(c1)OCCO2)c1ccn[nH]1
c1cc(-n2ncc3cc(OCc4ccc5c(c4)OCCCO5)ccc32)n2cncc2n1
O=C(NCC(Oc1ccc2c(cnn2-c2nccnc2C2CC2)c1)c1ccccc1)c1ccccc1-n1cccn1
c1cc(-c2ccc3ncc4nnn(C5CCCCC5)c4c3c2)c2ccncc2c1
O=C(NCC(Oc1ccc2c(cnn2-c2nccc3c2CCN(C2CCOCC2)C3)c1)c1ccc2c(c1)CCC2)c1nccc2cnncc12
O=C(NCC(Oc1ccc2c(cnn2-c2ccc3ocnc3c2)c1)c1ccccc1)C1CCOCC1
O=C1CC1CC1CCCC2CC12
O=C(NCC(Oc1ccc2c(cnn2-c2cnc3ccnn3c2)c1)c1ccc2c(c1)CCC2)c1cocn1
O=C(COc1cc2cnccc2n1-c1ccccc1)NCC(Oc1ccc2c(cnn2-c2cccnn2)c1)c1ccc2c(c1)CCNCC2
O=C(NCC(Oc1ccc2c(cnn2-c2ncnc3[nH]ccc23)c1)c1cccnc1)C1CCC1
O=C(NCC(Oc1ccc2c(cnn2-c2ncc3c(n2)CCCC3)c1)c1ccc2c(c1)OCCO2)c1ccccn1
O=C(NCC(Oc1ccc2c(cnn2-c2cccc(-n3cnc4ccccc4c3=O)c2)c1)c1ccc2c(c1)OCCO2)C1CCC1
O=C(NCC(Oc1ccc2c(cnn2-c2ccc3c(-c4cocn4)cccc3n2)c1)c1ccc2c(c1)COC2)c1ccn[nH]1
O=C(NCC(Oc1ccc2c(cnn2-c2cc(N3CCCC3)ncn2)c1)c1ccc2c(c1)OCCCO2)c1ccsc1
O=C(NCC(Oc1ccc2c(cnn2-c2ncc3c(n2)CCNC3=O)c1)c1ccc2c(c1)OCCO2)c1ccncc1
O=C(NCC(Oc1ccc2c(cnn2-c2ccc3c(OCc4ccccc4)n[nH]c3c2)c1)c1ccccc1)c1cnsn1
O=c1c(COc2ccc3c(cnn3-c3ccccc3)c2)cn(C2CC2)c2ccccc12
c1ccc(COc2ccc3c(cnn3-c3n[nH]c4ccccc34)c2)cc1
O=C(NCC(Oc1ccc2c(cnn2-c2ccc3[nH]ncc3c2)c1)c1ccc2c(c1)OCCO2)c1cocn1
O=S(=O)(Cc1ccccc1)NCC(Oc1ccc2c(cnn2-c2ccc3nccn3c2)c1)c1ccc2c(c1)OCCO2
c1ccc(-n2ncc3cc(OCc4cc5cc(OCC6CC6)ccc5[nH]4)ccc32)cc1
O=C(NCC(Oc1ccc2c(cnn2-c2cc3cc[nH]c3cn2)c1)c1ccc2c(c1)OCCCO2)c1cncs1
O=C(NCC(Oc1ccc2c(cnn2-c2nnn[nH]2)c1)c1cccc2ccccc12)c1cncnc1
O=C(NCC(Oc1ccc2c(cnn2-c2nccc3c2cnn3-c2ccccc2)c1)c1ccccn1)c1cccnn1
O=C(NCC(Oc1ccc2c(cnn2-c2ccc3c(c2)CNCC3)c1)c1ccccc1)c1cscn1
O=C(NCC(Oc1ccc2c(cnn2-c2nc(C3CC3)cn3ccnc23)c1)c1ccccn1)c1cocn1
O=C(NCC(Oc1ccc2c(cnn2-c2cncnc2)c1)c1ccc2c(c1)CCO2)c1cnn2c1CCCC2
c1ccc(Oc2ccc(-c3cccc4c3OCCNCC4)cc2)cc1
O=C(NCC(Oc1ccc2c(cnn2-c2ccccn2)c1)c1ccccc1)c1ccccn1
O=C(NCC(Oc1ccc2c(cnn2-c2cnc3ccncc3c2)c1)c1ccc2c(c1)OCCO2)c1ccn[nH]1
O=C(NCC(Oc1ccc2c(cnn2-c2nccc3c2cnn3-c2ccccc2)c1)c1ccc2c(c1)OCCO2)c1ncn2c1C(=O)NCC2
c1cc(N2CCCC(NC3CCC3)C2)nc(-n2ncc3cc(OCc4ccc5c(c4)OCCO5)ccc32)n1
c1cc2c(cc1COc1ccc3c(cnn3-c3ccc4c(c3)CCNC4)c1)CCCC2
O=C(NCC(Oc1ccc2c(cnn2-c2ncnc3[nH]cnc23)c1)c1ccc2cc[nH]c2c1)C1CC1
O=C(NCC(Oc1ccc2c(cnn2-c2cc3ccccc3cn2)c1)c1ccccc1)c1cc[nH]n1
O=C(NC1CCCC1)c1cccc(-n2ncc3cc(OC(CNC(=O)c4cnc[nH]4)c4ccc5c(c4)OCCO5)ccc32)c1
O=C(Cc1csc2ccccc12)NCC(Oc1ccc2c(cnn2-c2nnc3ccccn23)c1)c1ccc2c(c1)OCCO2
O=C(Cc1ccnc2ccccc12)NCC(Oc1ccc2c(cnn2-c2nccc3[nH]ncc23)c1)c1ccc2c(c1)OCCO2
O=C(NCC(Oc1ccc2c(cnn2-c2ccn[nH]2)c1)c1ccccn1)C1CCC1
O=C(Cc1ccoc1)NCC(Oc1ccc2c(cnn2-c2ccccc2)c1)c1ccc2c(c1)OCCO2
O=C(NCC(Oc1ccc2c(cnn2-c2ccncn2)c1)c1ccc2c(c1)OCCCO2)c1nccs1
O=C(Cc1ccccc1)NCC(Cn1ccc(=O)c2ccccc21)c1ccccc1
O=C(CCc1ccccc1)NCC(Oc1ccc2c(cnn2-c2cnccn2)c1)c1ccc2c(c1)OCCCO2
O=C(NCC(Oc1ccc2c(cnn2-c2cncc(-c3cnn(C4CCC4)c3)c2)c1)c1ccc2c(c1)OCCO2)c1ccccn1
O=C(NCC(Oc1ccc2c(cnn2-c2ccccc2-c2ccn[nH]2)c1)c1ccccc1)c1cccs1
O=C(Cc1ccccc1)NCC(Oc1ccc2c(cnn2-c2cc3ccc(N4CCOCC4)nc3cn2)c1)c1ccc2c(c1)OCCO2
O=C(NCC(Oc1ccc2c(cnn2-c2ccc3c(c2)CCC3)c1)c1ccoc1)c1cnc2ccccn12
O=C(NCC(Oc1ccc2c(cnn2-c2cc(C3CC3)ncn2)c1)c1ccccc1)c1cnc[nH]1
O=C(NCC(Oc1ccc2c(cnn2-c2cnc(=NC3CC3)[nH]c2)c1)c1ccccc1)c1cnccn1
O=C(Cc1ccccc1)NCC(Oc1ccc2c(cnn2-c2nncs2)c1)c1ccc2c(c1)OCCS2
O=C(NCC(Oc1ccc2c(cnn2-c2ccc3[nH]ncc3c2)c1)c1ccc2c(c1)OCCO2)c1cnns1
O=C(NCC(Oc1ccc2c(cnn2-c2ncccn2)c1)c1ccc2c(c1)OCCO2)c1cnn2cccnc12
O=C(NCC(Oc1ccc2c(cnn2-c2ccncn2)c1)c1ccc2c(c1)OCCO2)c1cn[nH]c1
O=C(NCC(Oc1ccc2c(cnn2-c2ncnc3nccnc23)c1)c1ccccc1)c1cccnc1
O=C(NCC(Oc1ccc2c(cnn2-c2ncnc3c2CCC3)c1)c1ccc2c(c1)CCC2)c1ccccc1
O=C(NCC(Oc1ccc2c(cnn2-c2ccccc2-c2cncnc2)c1)c1ccccc1)C1CCCCC1
O=C(NCC(Oc1ccc2c(cnn2-c2cccnc2)c1)c1ccccc1)c1cnco1
O=C(NCC(Oc1ccc2c(cnn2-c2ccccc2-c2nn[nH]n2)c1)c1ccccc1)c1ccsc1
O=C(NCC(Oc1ccc2c(cnn2-c2ccc3ccccc3n2)c1)c1ccccn1)c1ccsc1
O=C(Cc1ccsc1)NCC(Oc1ccc2c(cnn2-c2nnn[nH]2)c1)c1ccc2c(c1)OCCO2
O=C(NCC(Oc1ccc2c(cnn2-c2cnnc3ncccc23)c1)c1ccc2c(c1)OCCO2)c1ccccc1
O=C(NCC(Oc1ccc2c(cnn2-c2ccc3ccncc3c2)c1)c1ccccc1)c1c[nH]nn1
O=C(NCC(Oc1ccc2c(cnn2-c2cnc3ccccc3n2)c1)c1ccc2c(c1)OCCCO2)c1cnccn1
O=C(NCC(Oc1ccc2c(cnn2-c2nc3ccccc3[nH]2)c1)c1cnccn1)c1cn[nH]c1
O=C(NCC(Oc1ccc2c(cnn2-c2ccncn2)c1)c1ccc2c(c1)OCCO2)C1CCOCC1
O=C(NCC(Oc1ccc2c(cnn2-c2ncccc2-c2cccnc2)c1)c1ccc2c(c1)OCCO2)c1cscn1
O=c1[nH]c2cc(-n3ncc4cc(OC(CNCc5cccc6ccccc56)c5ccc6c(c5)OCCO6)ccc43)cnc2[nH]1
O=c1c2cc(-n3ncc4cc(OCc5ccc6c(c5)OCCO6)ccc43)ccc2ccn1C1CCCO1
O=C(Cc1cccnc1)NCC(Oc1ccc2c(cnn2-c2ccc3c(c2)NC(=O)CC3)c1)c1ccc2c(c1)OCCO2
O=C(NCC(Oc1ccc2c(cnn2-c2ccccn2)c1)c1ccc2c(c1)OCCO2)c1csnn1
c1ccc(COc2ccc3c(cnn3-c3[nH]nc4ccccc34)c2)cc1
O=C(NCC(Oc1ccc2c(cnn2-c2nnc(-c3ccno3)s2)c1)c1ccc2c(c1)OCCO2)C1CC1
O=C(NCC(Oc1ccc2c(cnn2-c2ccc(-c3ccoc3)nc2)c1)c1ccc2c(c1)OCCO2)C1CCCOC1
O=C(NCC(Oc1ccc2c(cnn2-c2cccc(-c3ccccc3)n2)c1)c1ccc2c(c1)OCCO2)C1CCCCC1
O=C(NCC(Oc1ccc2c(cnn2-c2cnc3ccccc3c2)c1)c1ccc2c(c1)OCCO2)c1ccc(-n2cccn2)s1
O=C(NCC(Oc1ccc2c(cnn2-c2ccc(-c3ccno3)cc2)c1)c1ccc2c(c1)OCCO2)C1CC1
N=c1ncc(C(=O)NCC(Oc2ccc3c(cnn3-c3cnc4n[nH]cc4c3)c2)c2ccccc2)c[nH]1
O=C(NCC(Oc1ccc2c(cnn2-c2c[nH]nn2)c1)c1ccccc1)c1cocn1
O=C(Cc1cccnc1)NCC(Oc1ccc2c(cnn2-c2nccc3c2cnn3-c2ccccc2)c1)c1ccc2c(c1)OCCCO2
O=C(Cc1ccccc1)NCC(Oc1ccc2c(cnn2-c2nncs2)c1)c1ccc2c(c1)OCCO2
O=C(NCC(Oc1ccc2c(cnn2-c2cnc3cnccc3n2)c1)c1ccc2c(c1)OCCO2)c1cncs1
O=C(NCC(Oc1ccc2c(cnn2-c2ncccn2)c1)c1ccc2c(c1)OCCO2)c1ccccc1
O=C(NCC(Oc1ccc2c(cnn2-c2cccc(-n3ncc4ccccc43)c2)c1)c1ccc2c(c1)OCCO2)c1ccno1
c1cc2c(cc1COc1ccc3c(cnn3-c3ccc4[nH]ncc4c3)c1)CCC2
c1cc2c(cc1COc1ccc3c(cnn3-c3cnc4cc5c(cc4c3)CCC5)c1)OCCO2
O=C(Cc1ccsc1)NCC(Oc1ccc2c(cnn2-c2nccc3cccnc23)c1)c1ccc2c(c1)OCCO2
O=C(Cc1ccccc1)NCC(Oc1ccc2c(cnn2-c2cccc(-c3ccn[nH]3)c2)c1)c1ccc2c(c1)OCCO2
O=C(NCC(Oc1ccc2c(cnn2-c2cc3ccccc3cn2)c1)c1ccc2c(c1)CCC2)c1cnco1
O=C(NCC(Oc1ccc2c(cnn2-c2ccncc2)c1)c1ccc2c(c1)OCCO2)c1ccc[nH]1
O=C(NCC(Oc1ccc2c(cnn2-c2ccnc(C3CC3)n2)c1)c1ccc2c(c1)OCCO2)C1CC1
O=C(NCC(Oc1ccc2c(cnn2-c2ccc(-c3nnco3)cc2)c1)c1ccccc1)c1cnoc1
O=C(Cc1cccc2[nH]ccc12)NCC(Oc1ccc2c(cnn2-c2ccccc2)c1)c1ccc2c(c1)OCCN2
O=C(NCC(Oc1ccc2c(cnn2-c2cccc(-c3cccc4cn[nH]c34)c2)c1)c1ccccc1)c1cccc(-n2nccn2)c1
O=C(CCCN1CCCCC1)NCC(Oc1ccc2c(cnn2-c2ncnc3c2CCC3)c1)c1ccc2c(c1)OCCCO2
c1cc2c(cc1COc1ccc3c(cnn3-c3cn[nH]c3)c1)OCCO2
N=c1cc(-n2cnc(-n3ncc4cc(OC(CNC(=O)c5ccsc5)c5ccccc5)ccc43)c2)cn[nH]1
O=C(NCC(Oc1ccc2c(cnn2-c2ccncn2)c1)c1ccccc1)c1ccccc1
O=C(Cc1ccncc1)NCC(Oc1ccc2c(cnn2-c2ccccn2)c1)c1cccnc1
O=C(NCC(Oc1ccc2c(cnn2-c2ncc3ccccc3n2)c1)c1ccccc1)c1ccccn1
O=C(NCC(Oc1ccc2c(cnn2-c2cc3ccccc3cn2)c1)c1ccc2c(c1)OCCO2)c1cccnc1
O=C(Cc1cccc2cnccc12)NCC(Oc1ccc2c(cnn2-c2ccc(-c3ccco3)nn2)c1)c1ccc2c(c1)OCCO2
N=c1nc(-n2ncc3cc(OC(CNC(=O)Cc4ccccc4)c4ccc5c(c4)OCCO5)ccc32)n(-c2ccncn2)[nH]1
O=C(NCC(Oc1ccc2c(cnn2-c2ccc3ccncc3c2)c1)c1ccc2c(c1)CCC2)c1cc[nH]n1
O=C(Cc1ccsc1)NCC(Oc1ccc2c(cnn2-c2cnc3c(c2)CCN(C2CCC2)CC3)c1)c1ccc2c(c1)OCCO2
O=C(NCC(Oc1ccc2c(cnn2-c2cncnc2)c1)c1ccc2c(c1)OCCO2)c1cnoc1
O=C(CCNCc1ccccc1)Nc1ccc(C2CCCCC2)cc1
O=C(NCC(Oc1ccc2c(cnn2-c2ncc(N3CCOCC3)nn2)c1)c1ccccc1)c1cc[nH]n1
O=C(NCC(Oc1ccc2c(cnn2-c2ccc(-n3cnnc3)cc2)c1)c1ccc2c(c1)OCCO2)c1cccnc1
c1ccc2nc(-n3ncc4cc(OCc5ccc6c(c5)OCCO6)ccc43)cnc2c1
O=C(NCC(Oc1ccc2c(cnn2-c2nccc3c2CCC3)c1)c1ccc2c(c1)CCC2)c1ccsc1
O=C(NCC(Oc1ccc2c(cnn2-c2ccc(CN3CCOCC3)nc2)c1)c1ccc2c(c1)OCCO2)C1CC=CCC1
c1cncc(-c2cncc(-n3ncc4cc(OCc5ccc6c(c5)OCCO6)ccc43)c2)c1
O=C(NCC(Oc1ccc2c(cnn2-c2ncnc3ccccc23)c1)c1ccc2c(c1)OCCCO2)c1cc2ccccc2s1
O=C(NCC(Oc1ccc2c(cnn2-c2cnc3cc(NC4CCOCC4)cn3n2)c1)c1ccc2c(c1)OCCO2)c1ccccc1
O=C(NCC(Oc1ccc2c(cnn2-c2c[nH]cn2)c1)c1ccccc1)c1cscn1
N=c1[nH]oc2ccc(-n3ncc4cc(OC(CNC(=O)c5cnn6c5OCCC6)c5ccc6c(c5)OCCO6)ccc43)cc12
O=C(NCC(Oc1ccc2c(cnn2-c2ncon2)c1)c1ccc2c(c1)CCC2)c1cnc2c(c1)CCC2
O=C(NCC(Oc1ccc2c(cnn2-c2cnc3cnccc3c2)c1)c1ccc2c(c1)OCCO2)c1ccco1
O=C(NCC(Oc1ccc2c(cnn2-c2ccncn2)c1)c1ccc2c(c1)CCC2)c1cccs1
O=C(NCC(Oc1ccc2c(cnn2-c2cccnn2)c1)c1ccncc1)C1CCCCN1
O=C(NCC(Oc1ccc2c(cnn2-c2nncc3ncccc23)c1)c1ccc2c(c1)OCCO2)c1ccncc1
c1ccc(COc2ccc3c(cnn3-c3ccc(-c4ccc5cnn(C6CCNCC6)c5n4)cc3)c2)cc1
O=C(NCC(Oc1ccc2c(cnn2-c2cnccn2)c1)c1ccc2c(c1)OCCO2)c1ccncc1
O=C(NCC(Oc1ccc2c(cnn2-c2cnn(-c3cncnc3)c2)c1)c1ccc2c(c1)OCCO2)C1CCC1
O=C(NCC(Oc1ccc2c(cnn2-c2ncccc2-c2ncccn2)c1)c1ccncc1)c1cnco1
O=C(NCC(Oc1ccc2c(cnn2-c2ncccn2)c1)c1ccco1)c1cc2ccccc2[nH]1
c1cn2c(n1)-c1nc(-n3ncc4cc(OCc5ccc6c(c5)OCCO6)ccc43)ncc1CC2
O=C(NCC(Oc1ccc2c(cnn2-c2ccc(-c3cocn3)nc2)c1)c1ccccc1)c1ccon1
O=C(NCC(Oc1ccc2c(cnn2-c2cncc(-n3ccnc3)c2)c1)c1ccc2c(c1)OCCO2)c1ccncn1
O=C(NCC(Oc1ccc2c(cnn2-c2cncnc2)c1)c1ccc2c(c1)CCC2)c1cnn2cccnc12
O=C(NCC(Oc1ccc2c(cnn2-c2ccnc(N3CCOCC3)n2)c1)c1ccc2c(c1)CCCC2)c1cccnc1
O=C(NCC(Oc1ccc2c(cnn2-c2cn(C3CCCCC3)nn2)c1)c1ccc2cnoc2c1)c1cnc2nccn2c1
O=C(NCC(Oc1ccc2c(cnn2-c2ncccn2)c1)c1ccc2c(c1)OCCO2)c1nsc2ccccc12
O=C(NCC(Oc1ccc2c(cnn2-c2ccoc2)c1)c1ccc2c(c1)CCO2)c1ccccc1
O=C(NCC(Oc1ccc2c(cnn2-c2nnc3ccc(-c4cn[nH]c4)cn23)c1)c1ccccc1)c1cnc[nH]1
O=C(NCC(Oc1ccc2c(cnn2-c2ccncn2)c1)c1ccc2c(c1)OCCO2)c1csc2cccnc12
c1nc(-n2ncc3cc(OCc4ccc5c(c4)OCCO5)ccc32)c2sccc2n1
O=C(NCC(Oc1ccc2c(cnn2-c2cc[nH]c(=NC3CCOCC3)n2)c1)c1ccccc1)c1nnco1
O=C(NCC(Oc1ccc2c(cnn2-c2cc3ccn(-c4ccccn4)c3cn2)c1)c1ccc2c(c1)OCCO2)c1nncs1
N=c1nc(-n2ncc3cc(OC(CNC(=O)c4cccc5c4OCC5)c4ccc5c(c4)OCC5)ccc32)cc[nH]1
O=C(NCC(Oc1ccc2c(cnn2-c2ccccc2)c1)c1ccc2c(c1)OCCO2)c1nnco1
O=C(CCc1ccccc1)NCC(Oc1ccc2c(cnn2-c2noc3ccccc23)c1)c1ccc2c(c1)CCC2
O=C(NCC(Oc1ccc2c(cnn2-c2cccnn2)c1)c1ccc2c(c1)OCCO2)c1cccc2ccsc12
O=C(NCC(Oc1ccc2c(cnn2-c2ncon2)c1)c1ccc2c(c1)OCCCO2)c1ccno1
O=C(NCC(Oc1ccc2c(cnn2-c2ccc(-c3cc[nH]n3)cc2)c1)c1ccc2c(c1)OCCO2)c1cccc2ccccc12
O=C(NCC(Oc1ccc2c(cnn2-c2ccc3n[nH]cc3c2)c1)c1ccc2c(c1)OCCO2)c1cocn1
O=C(Cc1ccccc1)NCC(Oc1ccc2c(cnn2-c2ncc3ccncc3n2)c1)c1ccc2c(c1)OCCCO2
O=C(NCC(Oc1ccc2c(cnn2-c2cc(-c3ccccc3)ccn2)c1)c1ccc2c(c1)OCCO2)c1cnsc1
O=C(NCC(Oc1ccc2c(cnn2-c2ccc3[nH]ncc3c2)c1)c1ccc2c(c1)OCCO2)c1cncs1
O=C(NCC(Oc1ccc2c(cnn2-c2cc3ccccc3cn2)c1)c1ccc2c(c1)OCCCO2)c1cccnc1
O=C(NCC(Oc1ccc2c(cnn2-c2cccc(-n3cccn3)c2)c1)c1ccccc1)c1csnn1
O=C(NCC(Oc1ccc2c(cnn2-c2ncnc3c2ncn3CC2CC2)c1)c1ccccc1)c1ccccc1
c1ccc(-n2ncc3cc(OCc4ccc5c(c4)CNc4ccccc4-5)ccc32)cc1
O=C(Nc1cnn(C2CCCC2)n1)c1cnc(-n2ncc3cc(-c4cccnc4)ccc32)[nH]c1=Nc1ccncn1
O=C(NCC(Oc1ccc2c(cnn2-c2cn(-c3ccncc3)nn2)c1)c1ccc2c(c1)OCCO2)C1CCCCC1
O=C(NCC(Oc1ccc2c(cnn2-c2cnn(CC(=O)N3CCNCC3)c2)c1)c1ccc2c(c1)OCCO2)c1cn[nH]c1
c1ccc(-n2ncc3cc(OCc4ccc5c(c4)CNCC5)ccc32)cc1
O=c1[nH]c2n[nH]cc2c2nc(-c3ccc(N4CCCCC4)cc3)nn12
c1cc2c(cc1COc1ccc3c(cnn3-c3cc4c(cn3)CCCC4)c1)CCO2
O=C(NCC(Oc1ccc2c(cnn2-c2cn[nH]c2)c1)c1ccc2c(c1)OCCO2)c1cc2ccccc2[nH]1
O=C(NCC(Oc1ccc2c(cnn2-c2nncs2)c1)c1ccc2c(c1)OCO2)c1cccnc1
O=C(CC(Oc1ccc2c(cnn2-c2cnccn2)c1)c1ccc2c(c1)OCCO2)N1CCCC1
O=C(NCC(Oc1ccc2c(cnn2-c2ccccc2)c1)c1ccc2c(c1)CCC2)c1cccc2[nH]ncc12
O=C(NCC(Oc1ccc2c(cnn2-c2cccc(N3CCC3)n2)c1)c1ccc2c(c1)OCCCO2)C1CCCNC1
O=S(=O)(NCC(Oc1ccc2c(cnn2-c2ccon2)c1)c1ccc2c(c1)OCCO2)C1CC2CCC1C2
O=C(NCC(Oc1ccc2c(cnn2-c2ccccc2)c1)c1cccnc1)c1ccc(-n2cncn2)s1
O=C(NCC(Oc1ccc2c(cnn2-c2nccn2-c2ccccc2)c1)c1ccc2c(c1)OCCO2)c1ccsc1
O=S(=O)(NCC(Oc1ccc2c(cnn2-c2cnccn2)c1)c1ccc2c(c1)OCCO2)c1ccccc1
O=C(Oc1ccc2c(cnn2-c2cccnc2)c1)c1ccc2c(c1)OCCO2
c1cc2c(cc1COc1ccc3c(cnn3-c3cnn(CC45CCC(CC4)CC5)c3)c1)OCCO2
O=C(NCC(Oc1ccc2c(cnn2-c2cc3cn[nH]c3cn2)c1)c1cccnc1)C1CC1
O=C(NCC(Oc1ccc2c(cnn2-c2cc(=O)[nH]c(=O)[nH]2)c1)c1ccc2c(c1)OCCO2)c1ccccc1
c1cnnc(-n2ncc3cc(OCc4ccc5c(c4)CCN(C4COC4)CC5)ccc32)c1
O=C(NCC(Oc1ccc2c(cnn2-c2ccc3[nH]c(=O)cnc3c2)c1)c1ccc2c(c1)OCCO2)c1nccc2ccccc12
O=C(NCC(Oc1ccc2c(cnn2-c2ccccc2)c1)c1ccc2c(c1)OCCO2)c1cscn1
O=C(NCC(Oc1ccc2c(cnn2-c2cc3c([nH]2)CCN(C2CCOCC2)C3)c1)c1ccccc1)c1ccccn1
O=C(NCC(Oc1ccc2c(cnn2-c2cnc3sccn23)c1)c1ccc2c(c1)OCCO2)c1ccon1
O=C(NCC(Oc1ccc2c(cnn2-c2cnn(C3COC3)c2)c1)c1ccccc1)c1cnc(-c2cnccn2)s1
O=C(NCC(Oc1ccc2c(cnn2-c2nccc3cccnc23)c1)c1ccc2c(c1)OCCCO2)c1ccnc2ccccc12
O=C(NCC(Oc1ccc2c(cnn2-c2cc3c(cn2)CNCC3)c1)c1ccc2[nH]ncc2c1)c1cccs1
O=C(CNC(=O)Nc1ccccc1)Nc1cnc2c(c1)CNCC2
O=C(NCC(Oc1ccc2c(cnn2-c2cnn(CCC3CCOCC3)c2)c1)c1ccc2c(c1)OCCO2)c1ccccc1
O=C(Cc1ccccc1)NCC(Oc1ccc2c(cnn2-c2cccc3cc[nH]c23)c1)c1ccc2c(c1)OCCO2
O=C(NCC(Oc1ccc2c(cnn2-c2ccnc(N3CCOCC3)n2)c1)c1ccccc1)c1cccnc1
O=C(NCC(Oc1ccc2c(cnn2-c2cnc(-c3ccsc3)nn2)c1)c1ccccc1)c1ccccn1
c1cc(-n2ncc3cc(OCc4ccc5c(c4)OCCO5)ccc32)cs1
c1cncc(-c2nc3cnc(-n4ncc5cc(OCc6ccc7c(c6)OCCO7)ccc54)cc3[nH]2)c1
O=C(NCC(Oc1ccc2c(cnn2-c2ccc3c(c2)CCCC3)c1)c1ccc2c(c1)CCC2)c1cocn1
O=C(NCC(Oc1ccc2c(cnn2-c2cc3ccccc3cn2)c1)c1ccc2c(c1)OCCO2)c1ccn[nH]1
O=C(NCC(Oc1ccc2c(cnn2-c2ccccc2)c1)c1nnn[nH]1)c1cc2c(C3CC3)nn(-c3ccccc3)c2cn1
O=C(Cc1csc2ccccc12)NCC(Oc1ccc2c(cnn2-c2cnccn2)c1)c1ccc2c(c1)CCO2
O=C(NCC(Oc1ccc2c(cnn2-c2cnc3nc2N=CC=C3)c1)c1ccc2c(c1)OCCO2)C1(c2ccccc2)CCC1
O=C(NCC(Oc1ccc2c(cnn2-c2cc(C3CC3)ncn2)c1)c1ccc2c(c1)OCCO2)c1ncco1
O=C(NCC(Oc1ccc2c(cnn2-c2cc3[nH]ncc3cn2)c1)c1ccccc1)c1cccs1
O=C(NCC(Oc1ccc2c(cnn2-c2cnn(C3COC3)c2)c1)c1ccccc1)c1cscn1
O=C(NCC(Oc1ccc2c(cnn2-c2cc[nH]c(=NCC3CC3)n2)c1)c1ccc2c(c1)OCCCO2)c1ccccc1
O=C(NCC(Oc1ccc2c(cnn2-c2cccnn2)c1)c1ccc2c(c1)OCCCO2)c1cc2ccccc2s1
O=C(NCC(Oc1ccc2c(cnn2-c2ncncn2)c1)c1ccc2c(c1)OCCCO2)c1ccoc1
O=C(NCC(Oc1ccc2c(cnn2-c2cnn(Cc3ccccc3)c2)c1)c1ccc2c(c1)OCCO2)c1ccccc1
O=C(NCC(Oc1ccc2c(cnn2-c2cc3[nH]cnc3cn2)c1)c1ccc2c(c1)OCCO2)c1ccncc1
O=C(NCC(Oc1ccc2c(cnn2-c2ccn[nH]2)c1)c1ccccc1)c1cnoc1
O=C(NCC(Oc1ccc2c(cnn2-c2cccc(C3CC3)n2)c1)c1ccc2c(c1)CCO2)c1ccncc1
O=C(NCC(Oc1ccc2c(cnn2-c2ccc3c(c2)OCCO3)c1)c1ccc2ccccc2c1)c1ccc(-n2cncn2)s1
c1nc(-n2ncc3cc(OCc4ccc5c(c4)OCCCO5)ccc32)c2nc[nH]c2n1
O=C(NCC(Oc1ccc2c(cnn2-c2cccc(-c3nn[nH]n3)c2)c1)c1ccc2c(c1)OCCO2)c1cnc2[nH]ccc2c1
O=C(NCC(Oc1ccc2c(cnn2-c2cccc3[nH]c(=O)cnc23)c1)c1ccc2c(c1)OCC2)c1coc2ccccc12
O=C(NCC(Oc1ccc2c(cnn2-c2ccc(N3CCOCC3)nn2)c1)c1ccccc1)C1CCCN1
O=C(NCC(Oc1ccc2c(cnn2-c2cnc3nc(N4CCCC4)ncc3c2)c1)c1ccc2c(c1)OCCO2)c1cncs1
O=C(NCC(Oc1ccc2c(cnn2-c2cnc3ncnn3c2)c1)c1ccccc1)c1cccs1
O=C(NCC(Oc1ccc2c(cnn2-c2nnn(Cc3cccs3)n2)c1)c1ccc2c(c1)OCCO2)c1cncs1
O=C(NCC(Oc1ccc2c(cnn2-c2nnc[nH]2)c1)c1ccccc1)c1cc2ccccc2o1
O=C(NCC(Oc1ccc2c(cnn2-c2cc3c(cn2)CN(C(=O)c2ccccc2)CC3)c1)c1ccc2c(c1)OCCO2)c1cnccn1
O=C(Cc1ccccc1)NCC(Oc1ccc2c(cnn2-c2[nH]nc3ncncc23)c1)c1ccccn1
O=C(NCC(Oc1ccc2c(cnn2-c2nccs2)c1)c1ccccc1)C1CCCN1C(=O)Nc1cccnc1
O=C(Cc1ccccc1)NCC(Oc1ccc2c(cnn2-c2ncnc3c[nH]c(CNc4cccnc4)c23)c1)c1ccc2c(c1)OCCO2
O=C(NCC(Oc1ccc2c(cnn2-c2cccc(N3CCC3)n2)c1)c1ccc2c(c1)OCCO2)c1ccncn1
O=C(NCC(Oc1ccc2c(cnn2-c2cccc(-c3ncccn3)c2)c1)c1ccccc1)c1nnco1
O=C(NCC(Oc1ccc2c(cnn2-c2ncn[nH]2)c1)c1ccccc1)c1cscn1
O=C(NCC(Oc1ccc2c(cnn2-c2ccc(N3CCCCC3)nc2)c1)c1ccc2c(c1)OCCO2)c1cnoc1
O=C(NCc1nc2ccccn2n1)C1CC1
O=C(NCC(Oc1ccc2c(cnn2-c2cccnc2)c1)c1ccccc1)C1CCc2nc3ccccc3cc21
c1cc2ncc(-n3ncc4cc(OCc5ccc6c(c5)OCCCO6)ccc43)cc2cn1
O=C(NCC(Oc1ccc2c(cnn2-c2ccn[nH]2)c1)c1ccc2c(c1)OCCCO2)c1cnco1
O=C(Cn1ccnc1)NCC(Oc1ccc2c(cnn2-c2ccccn2)c1)c1ccc2ocnc2c1
O=C(NCC(Oc1ccc2c(cnn2-c2nccnc2-c2ccsc2)c1)c1ccc2c(c1)OCCO2)c1cccnc1
O=C(NCC(Oc1ccc2c(cnn2-c2cnc3cccnn23)c1)c1ccc2c(c1)OCCO2)C1CCCCO1
O=C(NCC(Oc1ccc2c(cnn2-c2nccs2)c1)c1ccc2c(c1)CCO2)c1csc2ccccc12
O=C(NCC(Oc1ccc2c(cnn2-c2ccccc2)c1)c1ccn[nH]1)c1ccc2c(c1)OCCCO2
O=C(NCC(Oc1ccc2c(cnn2-c2cc3c(cn2)NCCN3)c1)c1ccc2c(c1)OCCO2)c1ccn[nH]1
O=C(NCC(Oc1ccc2c(cnn2-c2ccccc2)c1)c1ccc2c(c1)OCCO2)c1ccccc1
c1ccc(-c2nnc(-n3ncc4cc(OCc5ccc6c(c5)OCCCO6)ccc43)o2)cc1
O=C(NCC(Oc1ccc2c(cnn2-c2cccc(-c3ccccc3)c2)c1)c1ccccc1)c1cccs1
O=C(NCC(Oc1ccc2c(cnn2-c2ccc(-n3ccnn3)cc2)c1)c1ccc2c(c1)OCCO2)c1ccccc1
c1nc2c(c(-n3ncc4cc(OCc5ccc6c(c5)OCCO6)ccc43)n1)CCCC2
c1cc2nc(-n3ncc4cc(OCc5ccc6c(c5)OCCO6)ccc43)ccc2s1
O=C(NCC(Oc1ccc2c(cnn2-c2cccc3nccn23)c1)c1ccc2c(c1)OCCO2)c1cccnc1
O=C(NCC(Oc1ccc2c(cnn2-c2cccc3cnccc23)c1)c1ccc2c(c1)CCO2)c1cccc2ncccc12
O=C(Cc1cccnc1)NCC(Oc1ccc2c(cnn2-c2c[nH]nn2)c1)c1ccc2c(c1)OCCO2
O=C(NCC(Oc1ccc2c(cnn2-c2cc3cc[nH]c3cn2)c1)c1ccccc1)c1ccon1
O=C(NCC(Oc1ccc2c(cnn2-c2ccnc(N3CCCC3)n2)c1)c1ccc2c(c1)OCCO2)c1ccncc1
O=C(CCc1ccccc1)NCC(Oc1ccc2c(cnn2-c2ccccn2)c1)c1ccc2c(c1)OCCO2
O=C(Cn1ccc2ccccc21)NCC(Oc1ccc2c(cnn2-c2ncnc3[nH]ccc23)c1)c1ccc2c(c1)OCCCO2
c1cn2ccc(-n3ncc4cc(OCc5ccc6ncsc6c5)ccc43)nc2n1
O=C(NCC(Oc1ccc2c(cnn2-c2cccc(N3CCCCC3)n2)c1)c1ccc2c(c1)OCCO2)c1ccn[nH]1
c1cc(-n2ncc3cc(OCc4ccc5c(c4)CNC5)ccc32)c2cn[nH]c2n1
O=C(NCC(Oc1ccc2c(cnn2-c2ccn[nH]2)c1)c1ccc2c(c1)CCO2)c1ccco1
O=C(NCC(Oc1ccc2c(cnn2-c2nccc3c2CCNC3)c1)c1ccc2c(c1)OCCO2)c1cn[nH]c1
O=C(NCC(Oc1ccc2c(cnn2-c2cccc3[nH]ncc23)c1)c1ccc2[nH]ccc2c1)C1CCCCC1
O=C(NCC(Oc1ccc2c(cnn2-c2cccc3c2cnn3-c2ccccc2)c1)c1ccc2c(c1)OCCO2)c1cncc2c1CCCC2
O=C(Cc1cocn1)NCC(Oc1ccc2c(cnn2-c2cc3c(cn2)CNCC3)c1)c1ccc2c(c1)OCCO2
O=C(NCC(Oc1ccc2c(cnn2-c2cnc3cnccn23)c1)c1ccc2c(c1)OCCCO2)c1ncon1
O=S(=O)(NCC(Oc1ccc2c(cnn2-c2ccncn2)c1)c1ccccc1)c1cnoc1
O=C(NCC(Oc1ccc2c(cnn2-c2ncnc3c2CCC3)c1)c1ccccc1)c1ccc2cnccc2c1
O=C(NCC(Oc1ccc2c(cnn2-c2ccccc2)c1)c1ccc2ccccc2c1)c1nccc2ccccc12
O=C(NCC(Oc1ccc2c(cnn2-c2ccn[nH]2)c1)c1cc2ccccc2o1)c1ccccc1
O=C(NCC(Oc1ccc2c(cnn2-c2cccc3[nH]ccc23)c1)c1ccccc1)c1ccc[nH]1
O=C(NCC(Oc1ccc2c(cnn2-c2cccc3ccncc23)c1)c1ccc2c(c1)OCCO2)c1cnccn1
c1cc(-c2ccsc2)cc(-n2ncc3cc(OCc4ccc5c(c4)CCO5)ccc32)n1
O=C(NCC(Oc1ccc2c(cnn2-c2ccncn2)c1)c1ccc2c(c1)OCCCO2)c1cnco1
O=C(CNc1ccccc1)NCC(Oc1ccc2c(cnn2-c2ccc3oc(=O)ccc3c2)c1)c1ccc2c(c1)OCCO2
O=C(NCC(Oc1ccc2c(cnn2-c2nccc3c2cnn3-c2ccccn2)c1)c1ccc2c(c1)OCCO2)c1csnn1
O=C(NCC(Oc1ccc2c(cnn2-c2ncnc3ccsc23)c1)c1ccc2[nH]ncc2c1)c1cccs1
O=C(COc1ccccc1)NCC(Oc1ccc2c(cnn2-c2cnc(N3CCOCC3)nc2)c1)c1ccc2c(c1)OCCO2
O=C(NC1(C(=O)NCC(Oc2ccc3c(cnn3-c3ncccn3)c2)c2ccccc2)CCSC1)c1cccs1
O=C(Cc1ccccc1)NCC(Oc1ccc2c(cnn2-c2ccncc2)c1)c1ccc2c(c1)OCCO2
O=C(NCC(Oc1ccc2c(cnn2-c2cccc3ccccc23)c1)c1cncnc1)c1cnco1
O=C(NCC(Oc1ccc2c(cnn2-c2cnc3ccccn3c2=O)c1)c1ccccc1)c1cn[nH]c1
O=C(NCC(Oc1ccc2c(cnn2-c2cn[nH]c2)c1)c1ccc2c(c1)CCC2)C1CCCNC1
O=C(NCC(Oc1ccc2c(cnn2-c2ccnc3ccccc23)c1)c1ccc2c(c1)OCCO2)c1ccccc1
O=C(NCC(Oc1ccc2c(cnn2-c2ccn[nH]2)c1)c1ccco1)C1CCCNC1
O=C(NCC(Oc1ccc2c(cnn2-c2nncc3[nH]ncc23)c1)c1ccccc1)c1ccsc1
c1cc(NCCCOc2ccc3[nH]c4cnccc4c3c2)c2nsnc2c1
O=C(NCC(Oc1ccc2c(cnn2-c2cccc(-c3ccncc3)c2)c1)c1ccc2c(c1)OCCO2)c1ccccc1
O=C(NCC(Oc1ccc2c(cnn2-c2ccccc2)c1)c1ccccc1)c1cccc2cccnc12
O=C(NCC(Oc1ccc2c(cnn2-c2cncc(-c3cccs3)n2)c1)c1ccc2c(c1)OCCO2)c1cc[nH]n1
O=C(NCC(Oc1ccc2c(cnn2-c2ccc3c(c2)NCC3)c1)c1ccc2c(c1)OCCO2)c1ccco1
O=C(NCC(Oc1ccc2c(cnn2-c2cnc3ccnn3c2)c1)c1ccc2c(c1)OCCCO2)c1ccn[nH]1
O=C(NCC(Oc1ccc2c(cnn2-c2ccon2)c1)c1ccc2c(c1)OCCN2)c1cccnc1
O=C(Cc1ccsc1)NCC(Oc1ccc2c(cnn2-c2nnco2)c1)c1ccc2c(c1)OCCCO2
O=C(NCC(Oc1ccc2c(cnn2-c2cnc3c(cnn3-c3ccccc3)c2)c1)c1ccccc1)c1csnn1
O=C(NCC(Oc1ccc2c(cnn2-c2cccnn2)c1)c1ccccc1)c1c[nH]cn1
O=C(NCC(Oc1ccc2c(cnn2-c2ccccn2)c1)c1ccc2c(c1)OCCO2)c1cscn1
c1cc2cnnc(-n3ncc4cc(OCc5ccc6c(c5)OCCCO6)ccc43)c2cn1
O=C(NCC(Oc1ccc2c(cnn2-c2nnco2)c1)c1ccc2c(c1)OCCO2)C1(c2ccccc2)CCCC1
O=C(NCC(Oc1ccc2c(cnn2-c2ccn(C3CCNCC3)n2)c1)c1ccccc1)C1Cc2ccccc2O1
O=C(NCC(Oc1ccc2c(cnn2-c2cc3ncccc3cn2)c1)c1ccccc1)c1ncc[nH]1
O=C(NCC(Oc1ccc2c(cnn2-c2cc[nH]n2)c1)c1ccc2c(c1)OCCO2)c1cccnc1
O=C(NCC(Oc1ccc2c(cnn2-c2cccc(-c3ccn[nH]3)c2)c1)c1ccccc1)c1cnoc1
O=C(NCC(Oc1ccc2c(cnn2-c2cncc(-c3cnn(C4COC4)c3)c2)c1)c1ccccc1)c1cc[nH]n1
O=C(NCC(Oc1ccc2c(cnn2-c2cnc3[nH]ccc3c2)c1)c1ccc2c(c1)CCC2)c1cccs1
O=C(NCC(Oc1ccc2c(cnn2-c2ncn(-c3ccccc3)n2)c1)c1ccc2c(c1)OCCO2)C1COc2ccccc2C1
O=C(NCC(Oc1ccc2c(cnn2-c2ccc3c(c2)CCC3)c1)c1ccccc1)c1ccc2c(c1)CCCO2
O=C(NCC(Oc1ccc2c(cnn2-c2cncc(-n3ccnn3)c2)c1)c1ccccc1)c1cc[nH]n1
O=C(NCC(Oc1ccc2c(cnn2-c2ccc3ccncc3c2)c1)c1ccc2c(c1)OCCO2)C1CCCCC1
O=S(=O)(Cc1ccccc1)NCC(Oc1ccc2c(cnn2-c2cccc3cccnc23)c1)c1ccc2c(c1)OCCO2
O=S(=O)(NCC(Oc1ccc2c(cnn2-c2ccccc2)c1)c1ccc2c(c1)OCCCO2)c1cnoc1
O=C(NCC(Oc1ccc2c(cnn2-c2ccc3nc[nH]c3c2)c1)c1ccc2c(c1)OCCO2)c1cccnc1
O=C(Cc1ccsc1)NCC(Oc1ccc2c(cnn2-c2cnn(CC3CC3)c2)c1)c1ccc2c(c1)CCC2
O=C(NCC(Oc1ccc2c(cnn2-c2ccc(-c3ccccc3)nn2)c1)c1ccc2c(c1)OCCO2)c1ccccn1
O=C(NCC(Oc1ccc2c(cnn2-c2cccc(C3CC3)n2)c1)c1ccccc1)c1cncs1
O=C(NCC(Oc1ccc2c(cnn2-c2ccc3c(c2)[nH]c2ccccc23)c1)c1ccc2c(c1)OCCO2)c1cncnc1
O=C(NCC(Oc1ccc2c(cnn2-c2cccc(-c3nccs3)c2)c1)c1ccc2c(c1)OCCO2)C1CC1
O=C(NCC(Oc1ccc2c(cnn2-c2cccc(-n3ncc4cccnc43)c2)c1)c1ccc2c(c1)OCCO2)c1cnoc1
O=C(Cc1ccc(-n2cncn2)cc1)NCC(Oc1ccc2c(cnn2-c2ncnc3c2CCC3)c1)c1ccc2c(c1)OCCO2
O=C(CCc1ccccc1)NCC(Oc1ccc2c(cnn2-c2ccc3ncnn3c2)c1)c1ccc2c(c1)OCCCO2
O=C(NCC(Oc1ccc2c(cnn2-c2ccncn2)c1)c1ccccn1)c1ccco1
O=C(NCC(Oc1ccc2c(cnn2-c2ncc3c(n2)NCC32CC2)c1)c1ccc2c(c1)CCC2)C1CCNCC1
O=C(NCC(Oc1ccc2c(cnn2-c2noc3cccnc23)c1)c1ccc2c(c1)OCCO2)C1COc2ccccc2C1
c1cc(-c2nnn(-c3cncnc3)n2)ccn1
O=C(NCC(Oc1ccc2c(cnn2-c2cccc3cccnc23)c1)c1ccc2c(c1)OCCO2)c1ccccc1
O=C(NCC(Oc1ccc2c(cnn2-c2cnc3ccccc3c2)c1)c1ccc2c(c1)OCCO2)C1(c2ccccc2)CCC1
O=C(NCC(Oc1ccc2c(cnn2-c2ccccc2-c2cnco2)c1)c1ccc2c(c1)OCCO2)c1ncc[nH]1
c1cc2c(cc1COc1ccc3c(cnn3-c3cnc(N4CCCC4)nc3)c1)OCCO2
O=C(NCC(Oc1ccc2c(cnn2-c2ccc3scnc3c2)c1)c1ccccc1)c1cnoc1
O=C(NCC(Oc1ccc2c(cnn2-c2ccc3ncnn3n2)c1)c1ccc2c(c1)OCCO2)c1cnc2ccccn12
O=C(NCC(Oc1ccc2c(cnn2-c2ccc(-n3cncn3)cc2)c1)c1ccc2c(c1)OCCO2)c1cnoc1
c1nc2cc(-n3ncc4cc(OC5Cc6ccc5cc6)ncc43)ccc2o1
O=C(NCC(Oc1ccc2c(cnn2-c2ccc3c(c2)CCN3)c1)c1ccc2c(c1)CCCO2)c1nccc2ccccc12
O=C(NCC(Oc1ccc2c(cnn2-c2ccc3sccc3c2)c1)c1ccccc1)C1CCNCC1
O=C(NCC(Oc1ccc2c(cnn2-c2ccc3ccccc3n2)c1)c1ccc2c(c1)OCCO2)c1ccn2cc[nH]c12
O=C(C1CCC1)N1CCOc2cc(COc3ccc4c(cnn4-c4ccncc4)c3)ccc21
O=C(NCC(Oc1ccc2c(cnn2-c2ccccc2-c2cnccn2)c1)c1ccccc1)c1cncs1
O=C(N=c1cco[nH]1)N1CCOc2cc(COc3ccc4c(cnn4-c4nnco4)c3)ccc21
O=C(NCC(Oc1ccc2c(cnn2-c2ccnc(N3CC4CC3CO4)c2)c1)c1ccccc1)c1c2cccc1NN=C2
O=C(CC1NCCc2ccccc21)NC1CCCCc2sccc21
O=C(NCC(Oc1ccc2c(cnn2-c2ccccn2)c1)c1ccc2c(c1)OCCCO2)c1cnc[nH]1
O=C(NCC(Oc1ccc2c(cnn2-c2nc3cccnc3[nH]2)c1)c1ccccc1)c1c[nH]cn1
O=C(NCC(Oc1ccc2c(cnn2-c2ccccn2)c1)c1ccc2c(c1)OCCO2)c1cccc2cnccc12
O=C(NCC(Oc1ccc2c(cnn2-c2ccccc2)c1)c1ccc2c(c1)OCCO2)c1cccc2ccccc12
O=C(NCC(Oc1ccc2c(cnn2-c2cc3cnccc3cn2)c1)c1ccccc1)c1cccnc1
O=C(NCC(Oc1cnc2c(cnn2-c2ccccc2)c1)c1ccc2c(c1)OCCO2)c1ncn2ccccc12
O=C(NCC(Oc1ccc2c(cnn2-c2cn(-c3cncnc3)cn2)c1)c1ccc2c(c1)OCCO2)c1nccs1
O=C(NCC(Oc1ccc2c(cnn2-c2ccncc2)c1)c1ccccc1)c1nsc2ccccc12
c1cncc(CN2CCc3ccc(-n4ncc5cc(OCc6ccc7c(c6)OCCO7)ccc54)cc3CC2)c1
O=C(COc1ccccc1)NCC(Oc1ccc2c(cnn2-c2cccc(-c3nc4ccccc4[nH]3)c2)c1)c1ccccc1
O=C(NCC(Oc1ccc2c(cnn2-c2cncc(N3CCNCC3)n2)c1)c1ccccc1)c1cnoc1
O=C(Cc1cccs1)NCC(Oc1ccc2c(cnn2-c2cccc(-c3ncnc4[nH]cnc34)c2)c1)c1ccc2c(c1)OCCO2
O=C(NCC(Oc1ccc2c(cnn2-c2cccc(C(=O)N3CC4CCCC3C4)c2)c1)c1ccc2c(c1)OCCO2)c1cnoc1
O=C(NCC(Oc1ccc2c(cnn2-c2ccc3c(=O)ccn(C4CC4)c3c2)c1)c1ccc2c(c1)OCCO2)c1ccccn1
O=C(NCC(Oc1ccc2c(cnn2-c2cnccn2)c1)c1ccc2ncccc2c1)C1CCC1
O=C(NCC(Oc1ccc2c(cnn2-c2cc3c(cn2)ncn3C2CCCCC2)c1)c1ccc2c(c1)OCCCO2)c1nccs1
O=C(NCC(Oc1ccc2c(cnn2-c2ncnc3c2CCC3)c1)c1ccccc1)c1ncns1
O=C(NCC(Oc1ccc2c(cnn2-c2ccncn2)c1)c1ccc2c(c1)OCCO2)c1cccs1
N=c1cc[nH]c(-n2ncc3cc(OC(CNC(=O)c4cccnc4)c4ccc5c(c4)OCCO5)ccc32)n1
c1cnc(-c2ccn3cc(-n4ncc5cc(OCc6ccc7c(c6)OCCCO7)ccc54)nc3c2)cn1
O=C(NCC(Oc1ccc2c(cnn2-c2nccn2-c2ccccc2)c1)c1ccc2c(c1)OCCO2)c1cccs1
O=C(NCC(Oc1ccc2c(cnn2-c2cscn2)c1)c1ccccc1)c1cnoc1
c1ccc(-n2nc(-c3cncnc3)c3c(=NCCCNc4cccc5cnccc45)cc[nH]c32)cc1
N=c1ccc(CC(=O)NCC(Oc2ccc3c(cnn3-c3cncc(-n4cccn4)c3)c2)c2ccc3c(c2)OCCO3)c[nH]1
O=C(NCC(Oc1ccc2c(cnn2-c2ncnc3[nH]ccc23)c1)c1ccccc1)C1CCC1
O=C(NCC(Oc1ccc2c(cnn2-c2ccn[nH]2)c1)c1ccc2c(c1)OCCO2)c1cccnc1
O=C(NCC(Oc1ccc2c(cnn2-c2cccc3nccn23)c1)c1ccc2c(c1)OCCO2)C1CCCCC1
O=C(NCC(Oc1ccc2c(cnn2-c2ccncc2)c1)c1cc2ccccc2s1)c1ncc[nH]1
O=C(Cc1ccccc1)NCC(Oc1ccc2c(cnn2-c2cc3c(cn2)CNC3)c1)c1ccc2c(c1)OCCO2
O=C(NCC(Oc1ccc2c(cnn2-c2cccc3ncoc23)c1)c1ccc2c(c1)OCCO2)c1ccn[nH]1
O=C(NCC(Oc1ccc2c(cnn2-c2cccc(N3CCNCC3)n2)c1)c1ccccc1)c1ccc2ccccn12
O=C(NCC(Oc1ccc2c(cnn2-c2cccc(N3CCOCC3)n2)c1)c1ccccc1)c1cnccn1
c1cncc(-c2cnc3ncc(-n4ncc5cc(OCc6ccc7c(c6)OCCO7)ccc54)cc3c2)c1
O=C(NCC(Oc1ccc2c(cnn2-c2cnn(-c3ccncc3)c2)c1)c1ccc2c(c1)OCCO2)c1nnco1
O=C(NCC(Oc1ccc2c(cnn2-c2ncc3cccnc3n2)c1)c1ccc2c(c1)OCCCO2)C1CCCN1
O=C(Cc1ccsc1)NCC(Oc1ccc2c(cnn2-c2cc3nccnc3cn2)c1)c1ccc2c(c1)OCCO2
O=C(NCC(Oc1ccc2c(cnn2-c2ccc(-c3cn[nH]c3)nc2)c1)c1ccc2c(c1)OCCO2)c1ccncc1
O=C(NCC(Oc1ccc2c(cnn2-c2nccc3c2CCN(Cc2ccncc2)C3)c1)c1ccc2c(c1)OCCO2)c1cnc2ccccn12
c1ccc(-c2ccnn2-c2cccnc2)cc1
O=C(NCC(Oc1ccc2c(cnn2-c2cnc3ccccc3n2)c1)c1ccc2c(c1)OCCO2)c1ccccc1
c1ccc(C2CC3CCC(C2)N3C(c2ccccc2)c2ccccc2)cc1
O=C(NCC(Oc1ccc2c(cnn2-c2nnc(-c3ccccc3)o2)c1)c1ccc2c(c1)OCCO2)c1ccccc1
O=C(NCC(Oc1ccc2c(cnn2-c2ccc(-c3cccnc3)cn2)c1)c1ccccc1)c1ccccc1
O=C1CCC(C(=O)NCC(Oc2ccc3c(cnn3-c3nc4cncnc4[nH]3)c2)c2ccc3c(c2)OCCO3)CC1
O=C(NCC(Oc1ccc2c(cnn2-c2ncnc3c2CCCC3)c1)c1ccccc1)c1cccc2cnccc12
O=C(NCC(Oc1ccc2c(cnn2-c2cn[nH]c2)c1)c1ccc2c(c1)CCC2)c1noc2c1CCCC2
O=C(NCC(Oc1ccc2c(cnn2-c2cccnn2)c1)c1ccc2c(c1)OCCO2)c1cccnc1
c1ccc(-c2ccc3c(c2)ncn3-c2nc(-c3ccccc3)cs2)cc1
O=C(NCC(Oc1ccc2c(cnn2-c2ncccn2)c1)c1ccc2c(c1)CCNC2)C1CCC1
O=C(NCC(Oc1ccc2c(cnn2-c2ccccc2-c2ccccn2)c1)c1ccc2c(c1)CCC2)c1ccn[nH]1
O=C(NCC(Oc1ccc2c(cnn2-c2c[nH]cn2)c1)c1ccncc1)c1cc[nH]n1
O=C(NCC(Oc1ccc2c(cnn2-c2cnc3[nH]ncc3c2)c1)c1cccnc1)c1ccccc1
O=C(NCC(Oc1ccc2c(cnn2-c2ccc3ccccc3c2)c1)c1ccc2c(c1)CCC2)c1cnn(-c2ccccc2)c1
O=C(NCC(Oc1ccc2c(cnn2-c2cc(N3CCCC3)ncn2)c1)c1ccc2c(c1)OCCO2)c1cc[nH]n1
O=C(NCC(Oc1ccc2c(cnn2-c2cnc3ccccn23)c1)c1ccc2c(c1)OCCCO2)c1cc2cccnc2[nH]1
O=C(NCC(Oc1ccc2c(cnn2-c2cccc(-c3cnccn3)c2)c1)c1ccccc1)c1cncnc1
O=C(NCC(Oc1ccc2c(cnn2-c2cnc3cnccc3c2)c1)c1ccc2c(c1)OCC2)c1ccccc1
N=c1nc(-n2ncc3cc(OC(CNC(=O)c4ccccc4)c4ccccc4)ccc32)cc[nH]1
O=C(NCC(Oc1ccc2c(cnn2-c2cc(-c3ccccn3)n[nH]2)c1)c1ccc2c(c1)OCCO2)C1CCC1
O=C(NCC(Oc1ccc2c(cnn2-c2ccc3[nH]ncc3c2)c1)c1ccccc1)c1nccs1
O=C(CCc1cnoc1)NCC(Oc1ccc2c(cnn2-c2ncccn2)c1)c1ccc2c(c1)OCCO2
O=S(=O)(NCC(Oc1ccc2c(cnn2-c2ccnc(N3CCC3)n2)c1)c1ccn[nH]1)C1CC1
O=C(NCC(Oc1ccc2c(cnn2-c2ccccn2)c1)c1ccccc1)c1ccco1
O=C(NCC(Oc1ccc2c(cnn2-c2cccc(C3CC3)n2)c1)c1ccccc1)c1ccn[nH]1
O=C(NCC(Oc1ccc2c(cnn2-c2ccnc(-c3ccccn3)c2)c1)c1ccc2c(c1)OCCO2)c1ccn[nH]1
O=C(NCC(Oc1ccc2c(cnn2-c2ccccn2)c1)c1ccc2c(c1)CCNC2)c1nccs1
O=C(Cc1cccnc1)NCC(Oc1ccc2c(cnn2-c2cccc3ncsc23)c1)c1ccccc1
O=C(Cc1ccccn1)NCC(Oc1ccc2c(cnn2-c2cccnc2)c1)c1ccc2c(c1)OCCN2
O=C(NCC(Oc1ccc2c(cnn2-c2ccc3cc[nH]c3c2)c1)c1ccccc1)C1CCCOC1
O=C(NCC(Oc1ccc2c(cnn2-c2ccccc2)c1)c1ccncc1)C(Oc1ccc2ccncc2c1)c1ccc2c(c1)OCCO2
O=C(NCC(Oc1ccc2c(cnn2-c2cccc(C3CC3)n2)c1)c1ccc2c(c1)CCC2)C1CCC=NO1
c1cc2c(cc1COc1ccc3c(cnn3-c3cncc(N4CCNCC4)n3)c1)OCCCO2
O=C(NCC(Oc1ccc2c(cnn2-c2cc3cncnc3[nH]2)c1)c1ccccc1)c1cnc[nH]1
O=C(NCC(Oc1ccc2c(cnn2-c2cn(-c3cccnc3)nn2)c1)c1ccc2c(c1)CCO2)C1CCCCC1
O=C(NCC(Oc1ccc2c(cnn2-c2ccn3nccc3c2)c1)c1ccc2c(c1)OCCO2)c1[nH]nc2c1CCC2
O=C(NCC(Oc1ccc2c(cnn2-c2ccccc2-c2ncon2)c1)c1ccc2c(c1)OCCO2)c1cocn1
O=C(NCC(Oc1ccc2c(cnn2-c2ccccc2)c1)c1ccc2c(c1)CCC2)c1ccncc1
O=C(NCC(Oc1ccc2c(cnn2-c2ccccc2)c1)c1ccccc1)C1CCC(Oc2ccnc3ccccc23)CC1
O=C(NCC(Oc1ccc2c(cnn2-c2ccc(-n3cncn3)cc2)c1)c1ccccc1)c1cn[nH]c1
O=C(NCC(Oc1ccc2c(cnn2-c2nccc3cncnc23)c1)c1ccc2c(c1)OCCCO2)c1cccc2[nH]ncc12
c1ccc(COc2ccc3c(cnn3-c3cc(-c4cncnc4)cnn3)c2)cc1
O=C(NCC(Oc1ccc2c(cnn2-c2nccc3c2CCNC3)c1)c1ccc2c(c1)CCC2)c1cscn1
O=C(NCC(Oc1ccc2c(cnn2-c2nccc3c2CCN(Cc2ccncc2)C3)c1)c1ccc2c(c1)CCO2)c1cnoc1
O=C(NCC(Oc1ccc2c(cnn2-c2nc(-c3ccccc3)cc(N3CCOCC3)n2)c1)c1ccccc1)c1cnccn1
O=C(NCC(Oc1ccc2c(cnn2-c2ccccc2)c1)c1ccc2c(c1)OCCCO2)c1ccsc1
O=S(=O)(NCC(Oc1ccc2c(cnn2-c2cncc3ccccc23)c1)c1ccc2c(c1)OCCO2)C1CC1
O=C(NCC(Oc1ccc2c(cnn2-c2cc3c(cn2)CNCC3)c1)c1ccc2c(c1)CCN(C1CCOCC1)CC2)C1CCCO1
c1ccc(CCCCc2cc3ccncc3[nH]2)cc1
c1ccc(CCOc2ccc3c(cnn3-c3ccc4c(c3)CCC4)c2)cc1
O=C(Cc1coc2ccccc12)NCC(Oc1ccc2c(cnn2-c2ccccn2)c1)c1ccc2c(c1)OCCCO2
O=C(NCC(Oc1ccc2c(cnn2-c2ccccc2)c1)c1cc2ccccc2[nH]1)c1cnn(-c2ccccc2)c1
O=C(NCC(Oc1ccc2c(cnn2-c2cccc3ccncc23)c1)c1ccsc1)c1csnn1
O=C(NCC(Oc1ccc2c(cnn2-c2ccc3[nH]ncc3c2)c1)c1ccccc1)c1cncnc1
O=C(Cc1coc2ccccc12)NCC(Oc1ccc2c(cnn2-c2ccn3ncnc3c2)c1)c1ccc2c(c1)OCCO2
N=c1[nH]cnc2c1ncn2C1CCCO1
O=C(NCC(Oc1ccc2c(cnn2-c2ccnc(C3CC3)n2)c1)c1ccccc1)c1cccnc1
O=C(CCc1ccccc1)NCC(Oc1ccc2c(cnn2-c2cccc(N3CCNCC3)n2)c1)c1ccc2c(c1)OCCO2
O=C(NCC(Oc1ccc2c(cnn2-c2nc3cccnc3[nH]2)c1)c1ccc2ccccc2c1)c1ccno1
O=C(CNc1ccccc1)NCC(Oc1ccc2c(cnn2-c2cscn2)c1)c1ccc2c(c1)CCO2
O=C(CC1CC2CCC1C2)NCC(Oc1ccc2c(cnn2-c2ccc3nonc3c2)c1)c1ccc2c(c1)OCCO2
N=c1cc[nH]c(-n2ncc3cc(OC(CNC(=O)c4ncc[nH]4)c4ccccc4)ccc32)n1
O=C(NCC(Oc1ccc2c(cnn2-c2conc2-c2ccccc2)c1)c1ccc2c(c1)OCCO2)c1cncs1
O=C(NCC(Oc1ccc2c(cnn2-c2ccc(-n3ccnc3)cn2)c1)c1ccc2c(c1)CCC2)c1ccccn1
O=C(NCC(Oc1ccc2c(cnn2-c2ccccc2)c1)c1ccc2c(c1)OCCO2)c1cccc2[nH]ccc12
O=C(Oc1ccc2c(cnn2-c2ccccc2)c1)c1cccnc1
O=C(NCC(Oc1ccc2c(cnn2-c2cccc3ncccc23)c1)c1ccc2ccccc2c1)c1cnn2cccnc12
O=C(Cc1cccs1)NCC(Oc1ccc2c(cnn2-c2cccnn2)c1)c1ccc2c(c1)OCC2
O=C(NCC(Oc1cnc2c(cnn2-c2ncon2)c1)c1ccc2c(c1)OCCO2)c1cccc(-c2ccccn2)c1
O=C(NCC(Oc1ccc2c(cnn2-c2ccsc2)c1)c1ccccc1)c1cscn1
O=C(NCC(Oc1ccc2c(cnn2-c2ncc3ccccc3n2)c1)c1ccc2c(c1)OCCO2)c1csc2ccccc12
O=C(NCC(Oc1ccc2c(cnn2-c2cnc3c(c2)CCN(C2CC2)C3)c1)c1ccc2c(c1)CCC2)c1ccccc1
O=C(NCC(Oc1ccc2c(cnn2-c2ccccc2)c1)c1ccc2c(c1)OCCO2)c1cnccn1
O=C(NCC(Oc1ccc2c(cnn2-c2ccc[nH+]c2)c1)c1ccc2c(c1)CCO2)c1cnoc1
O=C(NCC(Oc1ccc2c(cnn2-c2ccc3[nH]ncc3c2)c1)c1ccc2c(c1)OCCCO2)c1cnccn1
O=C(NCC(Oc1ccc2c(cnn2-c2ccc3ccccc3c2)c1)c1ccc2[nH]ccc2c1)C1CCC1
c1ccn2ccc(-n3ncc4cc(OCc5ccc6c(c5)OCCO6)ccc43)c2c1
O=C(NCC(Oc1ccc2c(cnn2-c2cc(-c3cccnc3)nc(N3CCOCC3)n2)c1)c1ccc2c(c1)OCCO2)C1CC1
N=c1[nH]cnc2ncc(-n3ncc4cc(OC(CNC(=O)CCNCc5ccccc5)c5ccc6c(c5)OCCO6)ccc43)cc12
O=C(Cc1ccccc1)NCC(Oc1ccc2c(cnn2-c2cnc3[nH]ncc3n2)c1)c1ccc2c(c1)CCC2
O=C(NCC(Oc1ccc2c(cnn2-c2ccc3cnccc3n2)c1)c1ccc2c(c1)OCCCO2)c1cccs1
O=C(NCC(Oc1ccc2c(cnn2-c2cn(CC3CC3)nn2)c1)c1ccc2c(c1)OCCO2)c1ccno1
c1ccc(COc2ccc3c(cnn3-c3ccc(N4CCOCC4)nc3)c2)cc1
O=C(NCC(Oc1ccc2c(cnn2-c2cccnc2)c1)c1ccc2c(c1)OCCO2)c1cocn1
c1ccc(CCC(Oc2ccc3c(cnn3-c3ccccc3)c2)c2ccc3c(c2)CN(Cc2cccnc2)CC3)cc1
O=C(NCC(Oc1ccc2c(cnn2-c2ncccn2)c1)c1ccc2c(c1)OCCO2)c1ncc[nH]1
O=C(NCC(Oc1ccc2c(cnn2-c2cncc(N3CCCC3)n2)c1)c1ccc2c(c1)OCCO2)c1ccccc1
O=C(NCC(Oc1ccc2c(cnn2-c2cccnc2)c1)c1ccc2c(c1)OCCO2)c1ccc[nH]1
O=C(NCC(Oc1ccc2c(cnn2-c2ccnnc2-c2cccnc2)c1)c1ccc2c(c1)OCCO2)C1CCCNC1
O=C(NCC(Oc1ccc2c(cnn2-c2cn[nH]c2)c1)c1ccccc1)c1ccc(-n2cccn2)s1
O=C(NCC(Oc1ccc2c(cnn2-c2cccc(-c3ncon3)c2)c1)c1ccccc1)c1cc2ncccc2cn1
O=C(NCC(Oc1ccc2c(cnn2-c2nc3cccnc3o2)c1)c1ccc2c(c1)CCC2)c1cnoc1
O=C(NCC(Oc1ccc2c(cnn2-c2cn(-c3cncnc3)cn2)c1)c1ccc2c(c1)OCCO2)c1ccccc1
c1ccc(-n2ncc3cc(OCc4ccc5c(c4)OCCO5)ccc32)c(-c2ncon2)c1
O=C(NCC(Oc1ccc2c(cnn2-c2ncnc3c2nc(N2CCCC2)n3CC2CCCCC2)c1)c1ccccc1)c1cccnc1
O=C(NCC(Oc1ccc2c(cnn2-c2ccc3cnoc3c2)c1)c1ccc2[nH]ncc2c1)C1COCCO1
O=C(NCC(Oc1ccc2c(cnn2-c2nnc3n2N=C(c2ccccc2)CC3)c1)c1ccccc1)c1cocn1
O=C(NCC(Oc1ccc2c(cnn2-c2ccccc2)c1)c1ccc2c(c1)OCCO2)c1cncs1
c1cc(N2CCNCC2)nc(-n2ncc3cc(OCc4ccc5c(c4)OCCO5)ccc32)c1
O=C(NCC(Oc1ccc2c(cnn2-c2cc3c(cn2)CN(Cc2ccccn2)CC3)c1)c1ccc2c(c1)OCCO2)C1CCC1
O=C(NCC(Oc1ccc2c(cnn2-c2cccc(N3CCCC3)n2)c1)c1ccc2c(c1)OCCO2)c1ncc[nH]1
O=C(NCC(Oc1ccc2c(cnn2-c2ccc3[nH]ccc3c2)c1)c1ccc2c(c1)OCCCO2)C1CCC1
O=C(NCC(Oc1ccc2c(cnn2-c2cccc(=O)[nH]2)c1)c1ccc2c(c1)OCCO2)c1ccccc1
O=C1Nc2ncccc2C12Cc1cc(N3C=C4C=C(C=N3)C=C3OCCOC3=CC=C3C=CC3O4)cnc1C2
O=C(COc1ccc2c(c1)OCCO2)NCC(Oc1ccc2c(cnn2-c2cnccn2)c1)c1ccc2occc2c1
O=C(Cc1ccccc1)NCC(Oc1ccc2c(cnn2-c2ccc3c(c2)OCCO3)c1)c1ccc2c(c1)OCCO2
O=C(NCC(Oc1ccc2c(cnn2-c2ccc(N3CCCCCC3)nc2)c1)c1ccc2c(c1)OCCCO2)c1cn[nH]c1
O=C(NCC(Oc1ccc2c(cnn2-c2cc3ccncn3c2)c1)c1cccnc1)C1CCCN1
O=C(NCC(Oc1ccc2c(cnn2-c2nccc3[nH]ccc23)c1)c1ccc2c(c1)OCCCO2)c1ccoc1
O=C(NCC(Oc1ccc2c(cnn2-c2cccc(N3CCCCC3)n2)c1)c1ccccc1)c1cnccn1
O=C(NCC(Oc1ccc2c(cnn2-c2ccnc(N3CCOCC3)n2)c1)c1ccccc1)c1cncs1
O=C(NCC(Oc1ccc2c(cnn2-c2cccn(Cc3ccccc3)c2=O)c1)c1ccccc1)c1cscn1
O=C(NCC(Oc1ccc2c(cnn2-c2cncc(-n3cnc4ncccc43)c2)c1)c1ccccc1)c1cn[nH]c1
c1ccc(-n2ncc3cc(OCc4ccnc5c4cnn5-c4ccccc4)ccc32)cc1
O=C(NCC(Oc1ccc2c(cnn2-c2cn[nH]c2)c1)c1ccc2c(c1)OCCCO2)c1ccccc1
O=C(NCCCNc1cccc2[nH]ncc12)c1ncoc1-c1ccncc1
c1ccc(-c2cc(-n3ncc4cc(OCc5ccc6c(c5)CCN(C5CCOCC5)CC6)ccc43)[nH]n2)cc1
c1ccc(-c2nc(N3CCOCC3)c3cnn(-c4ccccc4)c3n2)cc1
O=C(Cc1ccco1)NCC(Oc1ccc2c(cnn2-c2cnc3cccnn23)c1)c1ccc2c(c1)OCCO2
N=c1[nH]oc2ccc(-n3ncc4cc(OC(CNC(=O)c5ccnc6ncccc56)c5ccccc5)ccc43)cc12
O=C(NCC(Oc1ccc2c(cnn2-c2ocnc2-c2ccccc2)c1)c1ccc2c(c1)OCCO2)c1ccn[nH]1
N=c1[nH]oc2cccc(-n3ncc4cc(OC(CNC(=O)c5ccccc5)c5ccc6c(c5)CCO6)ccc43)c12
c1ncc(-n2ncc3cc(OC4COCc5ccc4cc5CCNC4CCCO4)ccc32)cn1
O=C(NCC(Oc1ccc2c(cnn2-c2cn(-c3cccnc3)nn2)c1)c1ccc2c(c1)OCCO2)c1ccoc1
O=C(NCC(Oc1ccc2c(cnn2-c2ccc3cnccc3c2)c1)c1ccc2c(c1)OCCO2)c1cccs1
O=C(NCC(Oc1ccc2c(cnn2-c2ccn3nccc3n2)c1)c1ccc2c(c1)OCCO2)c1cccnc1
O=C(NCC(Oc1ccc2c(cnn2-c2ccnc3ccccc23)c1)c1ccc2c(c1)OCCC2)c1cscn1
O=C(NCC(Oc1ccc2c(cnn2-c2ccn(C3CCC3)c(=O)n2)c1)c1ccccc1)c1cscn1
O=C(NCC(Oc1ccc2c(cnn2-c2ccc3ccccc3c2)c1)c1ccc2c(c1)OCCN2)c1cccs1
O=C(NCC(Oc1ccc2c(cnn2-c2ncccn2)c1)c1ccccn1)c1cocn1
O=C(NCC(Oc1ccc2c(cnn2-c2cnn(C3CCOCC3)c2)c1)c1ccccc1)c1ccncn1
O=C(NCC(Oc1ccc2c(cnn2-c2cncc(-c3nnc[nH]3)c2)c1)c1ccccc1)c1nnco1
O=C(NCC(Oc1ccc2c(cnn2-c2ccn[nH]2)c1)c1ccccc1)c1n[nH]c(=O)o1
O=C(NCC(Oc1ccc2c(cnn2-c2ccccn2)c1)c1ccc2c(c1)OCCO2)c1cnc2ccccc2c1
c1ccc(C(CNCCC(Oc2ccc3c(cnn3-c3ccccc3)c2)c2cccnc2)c2ccccn2)cc1
O=C(NCC(Oc1ccc2c(cnn2-c2nc(-c3ccccc3)cs2)c1)c1ccc2c(c1)OCCO2)C1CNC1
c1ccc(COc2ccc3c(cnn3-c3cc[nH]c(=NCc4ccncc4)n3)c2)cc1
O=C(NCC(Oc1ccc2c(cnn2-c2cncc3c2CCNC3)c1)c1ccccc1)c1ncco1
O=C(NCC(Oc1ccc2c(cnn2-c2ncncc2-c2cccnc2)c1)c1ccccc1)c1cocn1
O=C(NCC(Oc1ccc2c(cnn2-c2n[nH]c3ccncc23)c1)c1ccccc1)c1cscn1
O=C(NCC(Oc1ccc2c(cnn2-c2ccccc2)c1)c1ccc2c(c1)OCCCO2)c1cncs1
O=C(Cc1cccc2[nH]ccc12)NCC(Oc1ccc2c(cnn2-c2ccn3ccnc3c2)c1)c1ccc2c(c1)OCCO2
O=C(NCC(Oc1ccc2c(cnn2-c2ccccn2)c1)c1ccc2c(c1)OCCO2)C1(c2ccc3c(c2)OCCO3)CC1
O=C(Cc1cnccn1)NCC(Oc1ccc2c(cnn2-c2cccc(-c3cnoc3)c2)c1)c1ccc2c(c1)OCCO2
O=C(NCC(Oc1ccc2c(cnn2-c2ccccn2)c1)c1ccc2c(c1)OCCO2)c1cnco1
O=C(NCC(Oc1ccc2c(cnn2-c2ccccn2)c1)c1ccc2c(c1)OCCO2)c1cnsn1
O=C(NCC(Oc1ccc2c(cnn2-c2cnn(-c3ccccn3)c2)c1)c1ccc2c(c1)OCCO2)c1cnoc1
O=C(NCC(Oc1ccc2c(cnn2-c2cnc3[nH]ncc3c2)c1)c1ccc2cc[nH]c2c1)C1CCCC1
O=C(NCC(Oc1ccc2c(cnn2-c2nc3ccccc3[nH]2)c1)c1ccc2c(c1)OCCO2)c1cccnn1
O=C(NCC(Oc1ccc2c(cnn2-c2cc[nH]n2)c1)c1ccc2c(c1)CCC2)c1ccccc1
O=C(Cc1c[nH]c2ccccc12)NCC(Oc1ccc2c(cnn2-c2nc3ccncc3[nH]2)c1)c1ccco1
O=C(NCC(Oc1ccc2c(cnn2-c2ccc3cc[nH]c3c2)c1)c1ccc2ccccc2n1)c1nncs1
O=C(NCC(Oc1ccc2c(cnn2-c2ccc3ncoc3c2)c1)c1ccc2c(c1)OCCO2)c1c[nH]c2ccncc12
O=C(NCC(Oc1ccc2c(cnn2-c2ccc3nncn3c2)c1)c1ccc2c(c1)OCCO2)c1ccccn1
O=C(NCC(Oc1ccc2c(cnn2-c2nnc[nH]2)c1)c1ccccc1)c1cc[nH]n1
O=C(NCC(Oc1ccc2c(cnn2-c2c[nH]nn2)c1)c1ccc2c(c1)OCCO2)c1cnc[nH]1
O=C(NCC(Oc1ccc2c(cnn2-c2cn(-c3ccccc3)cn2)c1)c1ccc2c(c1)CCO2)c1ccccc1
O=C(NCC(Oc1ccc2c(cnn2-c2ccccc2)c1)c1ccc2c(c1)CCN(Cc1cnc[nH]1)C2)C1CC1
O=C(NCC(Oc1ccc2c(cnn2-c2cccc(C3CC3)n2)c1)c1ccc2c(c1)OCCO2)c1cncnc1
O=C(NCC(Oc1ccc2c(cnn2-c2nccc(N3CCNCC3)n2)c1)c1ccccc1)c1cnccn1
O=C(NCC(Oc1ccc2c(cnn2-c2cn(-c3cc[nH]n3)cn2)c1)c1ccccc1)c1ccccc1
c1ccc(-n2ncc3cc(OC(Cn4cnnn4)c4ccc5c(c4)OCCO5)ccc32)c(-c2nn[nH]n2)c1
O=C(NCC(Oc1ccc2c(cnn2-c2cccnn2)c1)c1ccccc1)c1ccoc1
O=C(NCC(Oc1ccc2c(cnn2-c2nccc3c2cnn3-c2ccccc2)c1)c1ccc2c(c1)OCCN2)c1cccnn1
O=C(NCC(Oc1ccc2c(cnn2-c2nccc3c2CNC3)c1)c1ccc2c(c1)CCCC2)c1ncc[nH]1
O=C(NCC(Oc1ccc2c(cnn2-c2nccc3c2CN(Cc2ccccc2)C3)c1)c1ccc2c(c1)COC2)c1cccs1
O=C(NCC(Oc1ccc2c(cnn2-c2cncnc2-c2ccccn2)c1)c1ccncc1)c1ccccc1
N=c1nc(-n2ncc3cc(OC(CNC(=O)c4nc[nH]n4)c4ccccc4)ccc32)cn[nH]1
O=C(Cc1ccsc1)NCC(Oc1ccc2c(cnn2-c2nccnc2-c2ccon2)c1)c1ccc2c(c1)OCCO2
O=C(NCC(Oc1ccc2c(cnn2-c2ccnc(N3CCCC3)n2)c1)c1ccccc1)c1ncon1
O=C(NCC(Oc1ccc2c(cnn2-c2ccccn2)c1)c1ccccc1)c1cncs1
O=C(NCC(Oc1ccc2c(cnn2-c2ccc3c[nH]nc3c2)c1)c1ccc2c(c1)OCCO2)c1cnco1
O=C(NCC(Oc1ccc2c(cnn2-c2cccnc2)c1)c1ccccc1)c1ccon1
c1ccc2cc(C(CNC3CCCC3)Oc3ccc4c(cnn4-c4ncnc5[nH]ccc45)c3)ccc2c1
O=C(NCC(Oc1ccc2c(cnn2-c2ccc3nonc3c2)c1)c1ccccc1)c1cnc2ccccn12
O=C(NCC(Oc1ccc2c(cnn2-c2cc(=NCc3ccncc3)[nH]cn2)c1)c1ccc2c(c1)OCCO2)c1cc[nH]n1
O=C(NCC(Oc1ccc2c(cnn2-c2nncc3ccncc23)c1)c1ccccc1)c1cccnc1
O=C(NCC(Oc1ccc2c(cnn2-c2cccc(-n3cccn3)n2)c1)c1ccccc1)c1ccn[nH]1
O=C(NCC(Oc1ccc2c(cnn2-c2cnc3c(cnn3C3CC3)c2)c1)c1ccccc1)C1CCCO1
O=C(NCC(Oc1cc2cnn(-c3ccccc3)c2s1)c1ccc2c(c1)OCCO2)c1ccnn1-c1ccccc1
O=C(NCC(Oc1ccc2c(cnn2-c2nc[nH]n2)c1)c1ccc2c(c1)OCCCO2)c1ccccc1
O=C(NCC(Oc1ccc2c(cnn2-c2ccncn2)c1)c1ccc2c(c1)CCC2)c1cncnc1
O=C(NCC(Oc1ccc2c(cnn2-c2ccccc2-c2ccncn2)c1)c1ccc2c(c1)OCCO2)c1csnn1
c1cc(N2CCCCC2)nc(-n2ncc3cc(OCc4ccc5c(c4)CCN(C4CCC4)CC5)ccc32)c1
O=C(NCC(Oc1ccc2c(cnn2-c2cccnc2)c1)c1cccnc1)c1cnco1
O=C(NCC(Oc1ccc2c(cnn2-c2ncnc3c2CCC3)c1)c1ccc2c(c1)CCC2)c1cc2cnccc2[nH]1
O=C(NCC(Oc1ccc2c(cnn2-c2c[nH]nn2)c1)c1ccc2c(c1)OCCCO2)c1ccnnc1
O=C(NCC(Oc1ccc2c(cnn2-c2ccccc2-c2ccsc2)c1)c1ccc2c(c1)OCCO2)c1ncc[nH]1
O=C(NCC(Oc1ccc2c(cnn2-c2ccc3nccnc3c2)c1)c1ccccc1)c1ccccc1
O=C(NCC(Oc1ccc2c(cnn2-c2cnc3ncccc3c2)c1)c1ccc2c(c1)OCCCO2)c1ccsc1
O=C(NCC(Oc1ccc2c(cnn2-c2ncnc3c2cnn3C2CCOCC2)c1)c1ccccc1)c1ccsc1
O=C(NCC(Oc1ccc2c(cnn2-c2ncc3c(n2)CCCC3)c1)c1ccc2c(c1)OCCO2)c1cnc2ccccc2n1
O=C(NCC(Oc1ccc2c(cnn2-c2cnc3[nH]ncc3c2)c1)c1ccncc1)c1ccn[nH]1
O=C(NCC(Oc1ccc2c(cnn2-c2cnc3c(cnn3C3CCCC3)c2)c1)c1ccc2ccccc2c1)c1ccco1
O=C(NCC(Oc1ccc2c(cnn2-c2nccc3ccccc23)c1)c1ccc2c(c1)CNCC2)c1ccc2c(c1)OCCO2
O=C(NCC(Oc1ccc2c(cnn2-c2ccncc2)c1)c1ccc2c(c1)OCCO2)c1cccs1
O=C(NCC(Oc1ccc2c(cnn2-c2cnn(CC3CCCCO3)c2)c1)c1ccccc1)c1cncs1
O=C(NCC(Oc1ccc2c(cnn2-c2ccc3[nH]cnc3c2)c1)c1ccccc1)c1csnn1
O=C(NCC(Oc1ccc2c(cnn2-c2cnn(CCN3CCCC3)c2)c1)c1ccc2c(c1)OCCO2)c1cc2ccccc2[nH]1
c1ccc(-c2nnc(-n3ncc4cc(OCc5ccc6c(c5)CNC6)ccc43)s2)cc1
O=C(NCC(Oc1ccc2c(cnn2-c2cc(C3CC3)ncn2)c1)c1ccc2c(c1)CCO2)c1ccsc1
O=C(NCC(Oc1ccc2c(cnn2-c2ccnc(N3CCCCC3)n2)c1)c1ccc2c(c1)OCCO2)c1ccn[nH]1
O=C(NCC(Oc1ccc2c(cnn2-c2nncc3ccccc23)c1)c1ccc2c(c1)CCC2)C1CNC1
O=C(NCC(Oc1ccc2c(cnn2-c2ncon2)c1)c1ccc2c(c1)CCO2)c1ccnnc1
c1ccc(-n2ncc3cc(OCc4cn[nH]c4)ccc32)cc1
O=C(NCC(Oc1ccc2c(cnn2-c2nnco2)c1)c1ccncc1)c1ccncc1
O=C(NCC(Oc1ccc2c(cnn2-c2cccc3oc(=O)[nH]c23)c1)c1ccccc1)c1cccs1
O=C(NCC(Oc1ccc2c(cnn2-c2ccncn2)c1)c1ccc2occc2c1)c1ncc[nH]1
c1cc(N2CCCC23CCCC3)nc(-n2ncc3cc(OCc4ccc5c(c4)OCCO5)ccc32)c1
O=C(NCC(Oc1ccc2c(cnn2-c2ccc3nc[nH]c3c2)c1)c1ccc2c(c1)OCCO2)c1cnc(-c2ncco2)s1
O=C(NCC(Oc1ccc2c(cnn2-c2nccc(N3CCNCC3)n2)c1)c1ccccc1)c1ccn[nH]1
O=C(NCC(Oc1ccc2c(cnn2-c2ccccc2)c1)c1ccc2c(c1)OCCO2)c1ccccc1
O=C(NCC(Oc1ccc2c(cnn2-c2ccncn2)c1)c1ccc2c(c1)CNC2)c1ccccc1
O=C(NCC(Oc1ccc2c(cnn2-c2ccccc2-c2ncn[nH]2)c1)c1ccccc1)C1CCCCC1
O=C(NCC(Oc1ccc2c(cnn2-c2ccccc2-c2ccon2)c1)c1ccc2c(c1)CCC2)c1cccnc1
c1nnc(-n2ncc3cc(OCc4ccc5c(c4)OCCO5)ccc32)s1
O=C(NCC(Oc1ccc2c(cnn2-c2ccccc2-c2cnn[nH]2)c1)c1ccc2c(c1)OCCO2)c1cccnc1
O=C(NCC(Oc1ccc2c(cnn2-c2nccc(-c3ccsc3)n2)c1)c1ccc2c(c1)CCC2)c1cnccn1
O=C(NCC(Oc1ccc2c(cnn2-c2nccc3c2CNC3)c1)c1ccc2c(c1)CCC2)c1cc2ccncc2[nH]1
O=C(NCC(Oc1ccc2c(cnn2-c2cc3c(cn2)ncn3C2CCOCC2)c1)c1ccccc1)c1cnoc1
O=C(NCC(Oc1ccc2c(cnn2-c2cn[nH]c2)c1)c1ccc2c(c1)OCCCO2)c1cnn2ccccc12
O=C(NCC(Oc1ccc2c(cnn2-c2cnc3ccccn23)c1)c1cccnc1)C1CCCN1
O=C(NCC(Oc1ccc2c(cnn2-c2cc(N3CCCC3)ncn2)c1)c1ccccc1)c1cnoc1
O=C(Cc1ccsc1)NCC(Oc1ccc2c(cnn2-c2cccnn2)c1)c1ccc2c(c1)OCCC2
O=C(NCC(Oc1ccc2c(cnn2-c2cncnc2)c1)c1ccccc1)c1nnco1
O=C(NCC(Oc1ccc2c(cnn2-c2cc[nH]n2)c1)c1ccc2c(c1)OCCO2)C12CCC1=CC=Cc1ccccc12
O=C(NCC(Oc1ccc2c(cnn2-c2cnc[nH]2)c1)c1ccc2c(c1)CCO2)C1CCCN1c1ncccn1
O=C(N=c1cc(-n2ncc3cc(OCCNC(=O)C4Cc5ccccc5C4)ccc32)cc[nH]1)C1CC1
c1cc2c(cc1COc1ccc3c(cnn3-c3cn[nH]c3)c1)OCCN2
O=C(NCC(Oc1ccc2c(cnn2-c2ccncn2)c1)c1ccc2c(c1)CCC2)c1cnoc1
O=C(NCC(Oc1ccc2c(cnn2-c2ccc3c(n2)OCCC3)c1)c1ccc2c(c1)OCCO2)c1cncs1
O=C(NCC(Oc1ccc2c(cnn2-c2cccnn2)c1)c1ccccc1)C1(c2ccccc2)CCCC1
c1cc(-n2ncc3cc(OCc4ccc5c(c4)OCCO5)ccc32)nc(N2CCC2)n1
O=S(=O)(NCC(Oc1ccc2c(cnn2-c2cccc(-c3cncnc3)c2)c1)c1ccc2c(c1)OCCO2)C1CC1
O=C(NCC(Oc1ccc2c(cnn2-c2cccnn2)c1)c1ccccc1)c1cnc2ccccn12
O=C(NCC(Oc1ccc2c(cnn2-c2nccc3c2CCN(C(=O)c2cncnc2)C3)c1)c1ccc2c(c1)CCO2)c1cccs1
O=C(NCC(Oc1ccc2c(cnn2-c2c[nH]cn2)c1)c1ccc2c(c1)CCO2)C1CCCC1
N=c1ncc(-c2cncc(-n3ncc4cc(OC(CNC(=O)c5cocn5)c5ccccc5)ccc43)c2)c[nH]1
O=C(NCC(Oc1ccc2c(cnn2-c2ccc3nncn3n2)c1)c1ccc2c(c1)CCC2)c1ccccn1
c1cnc(-c2ccccc2-n2ncc3cc(OCc4cccnc4)ccc32)nc1
O=C(NCC(Oc1ccc2c(cnn2-c2nccc(-c3ccno3)n2)c1)c1ccc2c(c1)OCCO2)c1ccn[nH]1
O=C(NCC(Oc1ccc2c(cnn2-c2cc(C3CC3)ncn2)c1)c1ccc2c(c1)OCCO2)c1cnco1
O=C(NCC(Oc1ccc2c(cnn2-c2cncnc2)c1)c1ccccc1)c1ccn(-c2ccccc2)c1
O=C(NCC(Oc1ccc2c(cnn2-c2nccc3cncnc23)c1)c1ccccc1)c1cnn2cccnc12
O=C(NCC(Oc1ccc2c(cnn2-c2cc3ccccc3cn2)c1)c1ccccc1)c1cccs1
O=C(NCC(Oc1ccc2c(cnn2-c2nnnn2-c2ccccc2)c1)c1ccc2c(c1)OCCO2)c1ccsc1
O=C(NCC(Oc1ccc2c(cnn2-c2cc3c(cn2)ncn3C2CC2)c1)c1ccc2c(c1)OCCO2)c1cccc2cnccc12
O=C(NCC(Oc1ccc2c(cnn2-c2cn(Cc3ccc4c(c3)CCCC4)nn2)c1)c1ccc2c(c1)CCC2)c1ccn[nH]1
O=C(NCC(Oc1ccc2c(cnn2-c2cc3c(cn2)CN(Cc2ccncc2)CC3)c1)c1ccccc1)c1cnon1
O=C(NCC(Oc1ccc2c(cnn2-c2ccc3cnoc3c2)c1)c1ccccc1)c1nccs1
O=C(NCC(Oc1ccc2c(cnn2-c2ccccc2)c1)c1ccnc2ccccc12)C1CC1
O=S(=O)(NCC(Oc1ccc2c(cnn2-c2ccnc(N3CCOCC3)n2)c1)c1ccc2c(c1)CCC2)C1CC1
O=C(NCC(Oc1ccc2c(cnn2-c2cncc(-c3ccccn3)c2)c1)c1ccccc1)c1cc[nH]n1
O=C(NCC(Oc1ccc2c(cnn2-c2ccc3[nH]ncc3c2)c1)c1ccccc1)c1cnc2n[nH]cc2c1
O=C(Cc1ccsc1)NCC(Oc1ccc2c(cnn2-c2ncnc3ccsc23)c1)c1ccno1
O=C(NCC(Oc1ccc2c(cnn2-c2ccncn2)c1)c1ccc2c(c1)OCCO2)c1cc[nH]n1
O=C(NCC(Oc1ccc2c(cnn2-c2cnc3[nH]c(=O)[nH]c3n2)c1)c1ccc2c(c1)OCCO2)c1ccsc1
O=C(NCc1ccccc1)C(Oc1ccc2c(cnn2-c2ccccc2)c1)c1ccccc1
O=C(NCC(Oc1ccc2c(cnn2-c2ccccc2)c1)c1ccc2c(c1)OCCO2)c1ccon1
O=C(NCC(Oc1ccc2c(cnn2-c2nccc3[nH]ncc23)c1)c1ccc2c(c1)OCCO2)c1cccc2c1OCCC2
O=C(NCC(Oc1ccc2c(cnn2-c2ccccn2)c1)c1ccc2c(c1)CCN(C1CCOCC1)CC2)c1ccc[nH]1
O=C(NCC(Oc1ccc2c(cnn2-c2ncnc3c2CCCC3)c1)c1ccc2c(c1)OCCCO2)c1cccs1
O=C(NCC(Oc1ccc2c(cnn2-c2cccc(C3CC3)n2)c1)c1ccc2c(c1)OCCO2)c1cnn2c1CCCC2
O=C(NCC(Oc1ccc2c(cnn2-c2cccc(N3CCNCC3)n2)c1)c1ccccc1)c1c[nH]c(=O)s1
O=C(NCC(Oc1ccc2c(cnn2-c2ccncn2)c1)c1ccccc1)c1cnccn1
O=C(NCC(Oc1ccc2c(cnn2-c2cnn(CC3CCCN3)c2)c1)c1ccc2c(c1)CCC2)c1cccnc1
O=C(NCC(Oc1ccc2c(cnn2-c2nc(N3CCNCC3)cc(-n3nccn3)n2)c1)c1ccccc1)c1nccs1
O=C(NCC(Oc1ccc2c(cnn2-c2cn[nH]c2)c1)c1ccccc1)c1coc(=O)[nH]1
O=C1NCCc2cc(-n3ncc4cc(OC(CNC(=O)C5CCc6ccncc65)c5ccccc5)ccc43)cnc21
O=C(NCC(Oc1ccc2c(cnn2-c2ccnc3ccccc23)c1)c1ccccc1)c1ccccc1
O=C(CCCc1ccccc1)NCC(Oc1ccc2c(cnn2-c2ncccn2)c1)c1ccc2c(c1)OCCO2
O=C(NCC(Oc1ccc2c(cnn2-c2cc(N3CCCCC3)ncn2)c1)c1ccc2c(c1)OCCO2)c1ccccc1
O=C(NCC(Oc1ccc2c(cnn2-c2ccccc2)c1)c1ccccc1)C12CCCC1CCC2
O=C(NCC(Oc1ccc2c(cnn2-c2nncs2)c1)c1ccccc1)c1cncs1
c1ccc(-n2ncc3cc(OCc4nc5ccccc5[nH]4)ccc32)cc1
c1ccc(-c2cncc(-n3ncc4cc(OCc5ccc6c(c5)OCCO6)ccc43)c2)cc1
O=C(Cc1c[nH]c2ccccc12)NCC(Oc1ccc2c(cnn2-c2ccccc2)c1)c1ccc2c(c1)OCCO2
O=C(NCC(Oc1ccc2c(cnn2-c2noc3ccccc23)c1)c1ccncc1)c1cccs1
O=C(NCC(Oc1ccc2c(cnn2-c2ncnc3c2CCC3)c1)c1ccc2c(c1)OCCO2)c1ccc[nH]1
O=C(c1ccno1)N1CCC(c2cccc(C3=CCCCC3)c2)CC1
O=C(NCC(Oc1ccc2c(cnn2-c2cn[nH]c2)c1)c1ccccc1)c1ccccc1
O=C(Cc1ccsc1)NCC(Oc1ccc2c(cnn2-c2cncnc2)c1)c1ccc2c(c1)OCCO2
O=C(NCC(Oc1ccc2c(cnn2-c2nccc3ccncc23)c1)c1ccc2c(c1)OCCO2)c1ccncc1
O=C(NCC(Oc1ccc2c(cnn2-c2cscn2)c1)c1ccc2c(c1)CCC2)c1ccnn1-c1ccccc1
O=C(NCC(Oc1ccc2c(cnn2-c2ncnc3c2CCC3)c1)c1ccc2c(c1)CCNC2)C1CCCOC1
O=C(NCC(Oc1ccc2c(cnn2-c2ccnc(N3CCCC3)n2)c1)c1ccccc1)c1cc[nH]n1
O=C(NCC(Oc1ccc2c(cnn2-c2ccccc2-c2ncn[nH]2)c1)c1ccccc1)C1CCCN1
O=C(NCC(Oc1ccc2c(cnn2-c2ncccn2)c1)c1ccc2ccccc2n1)c1cscn1
O=C(NCC(Oc1ccc2c(cnn2-c2cncc(C3CC3)n2)c1)c1ccc2c(c1)OCCO2)C1CCCOC1
O=C(NCC(Oc1ccc2c(cnn2-c2ncccc2-c2ncon2)c1)c1ccc2c(c1)OCCO2)c1ccccc1
O=C(NCC(Oc1ccc2c(cnn2-c2nccc3c2cnn3-c2ccccc2)c1)c1ccccc1)c1ccccc1
O=C(NCC(Oc1ccc2c(cnn2-c2ccncc2)c1)c1ccc2c(c1)OCCCO2)c1cc2ccccc2o1
O=C(NCC(Oc1ccc2c(cnn2-c2nnco2)c1)c1ccc2c(c1)CCO2)c1ccncc1
O=C(NCC(Oc1ccc2c(cnn2-c2ccccc2)c1)c1ccc2c(c1)OCCO2)c1ccno1
c1ccc(-c2nc(-c3ccc4c(c3)nnn4-c3cnoc3)[nH]c2-c2ccccc2)cc1
O=S(=O)(NCC(Oc1ccc2c(cnn2-c2cnn(-c3cn[nH]c3)c2)c1)c1ccsc1)C1CC1
O=C(NCC(Oc1ccc2c(cnn2-c2ccccc2-c2ccccn2)c1)c1ccccc1)c1ccn[nH]1
O=C(NCC(Oc1ccc2c(cnn2-c2ccccc2)c1)c1ccoc1)Nc1cccnc1
O=C(NCC(Oc1ccc2c(cnn2-c2ncccn2)c1)c1ccccc1)c1nnco1
O=C(NCC(Oc1ccc2c(cnn2-c2cc3c(cn2)N(Cc2ccccc2)CC3)c1)c1ccccc1)c1ncc[nH]1
O=C(NCC(Oc1ccc2c(cnn2-c2cncnc2-c2ccncc2)c1)c1ccccc1)C1CCC1
c1ccc(-n2ncc3cc(OCc4ccc5c(c4)OCCO5)ccc32)nc1
O=C(NCC(Oc1ccc2c(cnn2-c2cccnc2)c1)c1ccc2c(c1)OCCO2)C1CCCC1
O=C(NCC(Oc1ccc2c(cnn2-c2ccccn2)c1)c1ccccc1)c1cncnc1
O=C(NCC(Oc1ccc2c(cnn2-c2nccc3c2CCN(Cc2cncnc2)C3)c1)c1ccc2c(c1)CCO2)c1cc[nH]c1
O=C(NCC(Oc1ccc2c(cnn2-c2cccnc2)c1)c1ccc2c(c1)OCCO2)c1[nH]nc2c1CCCC2
O=C(NCC(Oc1ccc2c(cnn2-c2ccc(-n3cccn3)cn2)c1)c1ccc2c(c1)OCCO2)c1ccncc1
O=C(NCC(Oc1ccc2c(cnn2-c2ncccn2)c1)c1ccccn1)c1ccccn1
O=C(NCC(Oc1ccc2c(cnn2-c2ccn[nH]2)c1)c1ccc2c(c1)OCCCO2)C1COc2ccccc2C1
O=C(Cc1ccccc1)NCC(Oc1ccc2c(cnn2-c2cncnc2)c1)c1ccncc1
O=C(NCC(Oc1ccc2c(cnn2-c2cnc3c(c2)CCNC3=O)c1)c1ccccc1)c1cn[nH]c1
O=C(NCC(Oc1ccc2c(cnn2-c2ncnc3c2CCCC3)c1)c1ccccc1)c1ncco1
O=C(NCC(Oc1ccc2c(cnn2-c2ncnc3[nH]ccc23)c1)c1ccc2c(c1)OCCO2)c1cccs1
O=C(NCC(Oc1ccc2c(cnn2-c2ccc3ncccc3c2)c1)c1ccc2c(c1)OCCO2)c1cccc2cncnc12
O=C(NCC(Oc1ccc2c(cnn2-c2cc3ccccc3cn2)c1)c1ccc2c(c1)OCCCO2)C1COC1
O=C(CCCc1ccccc1)NCC(Oc1ccc2c(cnn2-c2ccc3[nH]ccc3c2)c1)c1ccc2c(c1)OCCO2
O=C1CCc2cc(NC(=O)C3CCOCC3)ccc21
O=C(NCC(Oc1ccc2c(cnn2-c2cccnn2)c1)c1ccc2c(c1)OCCN2)C1CC1
O=C(Cn1cccn1)NCC(Oc1ccc2c(cnn2-c2ccnc(N3CCOCC3)n2)c1)c1ccccc1
c1cc2c(cc1COc1ccc3c(cnn3-c3ccc4[nH]cc(CCN5CCCCC5)c4c3)c1)OCCO2
c1ccc2c(-n3ncc4cc(OCc5ccc6c(c5)OCCN6)ccc43)cccc2c1
O=C(NCC(Oc1ccc2c(cnn2-c2nccnc2-c2ccncc2)c1)c1ccc2c(c1)OCCO2)c1ccc2c(c1)OCCO2
O=C(NCC(Oc1ccc2c(cnn2-c2cc3ccccc3cn2)c1)c1ccc2c(c1)OCCO2)c1ccco1
O=C(NCC(Oc1ccc2c(cnn2-c2ccccc2-c2ncccn2)c1)c1ccc2c(c1)OCCO2)c1ccn[nH]1
O=C(NCC(Oc1ccc2c(cnn2-c2cnc3ccccc3c2)c1)c1ccc2c(c1)OCCO2)C1CCCN1
O=C(NCC(Oc1ccc2c(cnn2-c2ccc(-n3cnnn3)cc2)c1)c1ccc2c(c1)OCCO2)C1CCC1
O=C(NCC(Oc1ccc2c(cnn2-c2cn[nH]c2)c1)c1ccc2c(c1)OCCO2)c1ccccc1
O=C(NCC(Oc1ccc2c(cnn2-c2ccncc2-c2cccnc2)c1)c1ccccc1)c1cnc[nH]1
O=C(NCC(Oc1ccc2c(cnn2-c2nn[nH]n2)c1)c1ccccc1)c1nn[nH]n1
c1nc2c(c(-n3ncc4cc(OCc5ccc6c(c5)OCCO6)ccc43)n1)CCN2
O=C(NCC(Oc1ccc2c(cnn2-c2ccc3ncccc3c2)c1)c1ccc2c(c1)OCCCO2)c1ccc(-n2cncn2)s1
O=C(NCC(Oc1ccc2c(cnn2-c2ccccn2)c1)c1ccc2c(c1)OCCO2)c1cnc2c(c1)CCCN2
O=C(Cn1ccccc1=O)NCC(Oc1ccc2c(cnn2-c2ccc3c(n2)CCC3)c1)c1ccc2c(c1)OCCO2
O=C(NCC(Oc1ccc2c(cnn2-c2cn(CC3CC3)nn2)c1)c1ccc2c(c1)CCC2)C1CCOCC1
O=C(NCC(Oc1ccc2c(cnn2-c2ccccc2-c2nnn[nH]2)c1)c1ccc2c(c1)OCCO2)c1cnco1
O=C(Cc1ccccc1)NCC(Oc1ccc2c(cnn2-c2ccn[nH]2)c1)c1ccc2c(c1)OCCO2
O=C(NCC(Oc1ccc2c(cnn2-c2cnn(C3CCOCC3)c2)c1)c1ccc2c(c1)OCCO2)c1ccccc1
O=C(c1ccccc1)N1CCC(N2CCN(C(=O)c3ccc(-n4ncc5cc(OCc6ccc7[nH]ccc7c6)ccc54)cc3)CC2)CC1
c1cn2cc(-n3ncc4cc(OCc5ccc6c(c5)OCCO6)ccc43)nc2cn1
O=C(NCC(Oc1ccc2c(cnn2-c2cc3cn[nH]c3cn2)c1)c1ccccc1)c1ccsc1
O=C(Cc1ccccc1)NCC(Oc1ccc2c(cnn2-c2cccc3[nH]ccc23)c1)c1ccc2c(c1)OCCO2
O=C(NCC(Oc1ccc2c(cnn2-c2cc[nH]n2)c1)c1ccccc1)c1cccc2ncccc12
O=C(NCC(Oc1ccc2c(cnn2-c2cnn(-c3cccnc3)c2)c1)c1ccc2c(c1)OCCO2)c1cccs1
O=C(NCC(Oc1ccc2c(cnn2-c2ncnc3ccccc23)c1)c1ccc2c(c1)OCCO2)C1CCCOC1
O=C(NCC(Oc1ccc2c(cnn2-c2cn(-c3ccccc3)nn2)c1)c1ccccc1)c1ccc(-c2cscn2)s1
O=C(NCC(Oc1ccc2c(cnn2-c2ncnc3ccccc23)c1)c1cccc2c1COC2)C1CCC1
O=C(NCC(Oc1ccc2c(cnn2-c2ccccn2)c1)c1ccccc1)c1ccccc1
N=c1cc[nH]c(-n2ncc3cc(OC(CNC(=O)c4ccc5c(c4)OCC5)c4ccc5c(c4)OCCO5)ccc32)n1
O=C(NCC(Oc1ccc2c(cnn2-c2cnc3ncnn3c2)c1)c1ccccc1)c1cn[nH]c1
c1cncc(COc2ccc3c(cnn3-c3cncc(-c4ccn[nH]4)c3)c2)c1
O=C(NCC(Oc1ccc2c(cnn2-c2ccc3cc[nH]c3c2)c1)c1ccc2c(c1)CCCO2)c1ccn[nH]1
O=C(Cc1ccccc1)NCC(Oc1ccc2c(cnn2-c2ccccn2)c1)c1ccc2c(c1)OCCC2
O=C(NCC(Oc1ccc2c(cnn2-c2ccccc2-c2cnn[nH]2)c1)c1ccc2c(c1)OCCO2)c1ccc2c(c1)OCCO2
O=C(NCC(Oc1ccc2c(cnn2-c2ncccn2)c1)c1ccc2c(c1)CCC2)c1ccn[nH]1
O=C(NCC(Oc1ccc2c(cnn2-c2ccccc2)c1)c1ccc2c(c1)OCCCO2)c1c[nH]nn1
O=C(Cc1ccccc1)NCC(Oc1ccc2c(cnn2-c2nccc3c2CNC3)c1)c1ccc2c(c1)OCCCO2
O=C(NCC(Oc1ccc2c(cnn2-c2nccc3c2cnn3-c2nccs2)c1)c1ccc2c(c1)OCCO2)c1ncc(-n2cccn2)s1
O=C(Cc1ccccc1)NCC(Oc1ccc2c(cnn2-c2ncns2)c1)c1ccoc1
O=C(NCC(Oc1ccc2c(cnn2-c2[nH]ncc2-c2ccncc2)c1)c1ccc2c(c1)OCCO2)c1ccn[nH]1
c1cc2c(cnn2-c2cncn2C2CCCCC2)cc1OCc1ccc2c(n1)CCCC2
O=C(NCC(Oc1ccc2c(cnn2-c2cn3cccc3cn2)c1)c1ccc2c(c1)CCC2)c1cnccn1
O=C(NCC(Oc1ccc2c(cnn2-c2n[nH]c3ccccc23)c1)c1ccc2c(c1)OCCO2)C1CCCO1
O=C(CCCc1ccccc1)c1ccn(-c2ccc(-c3ccsc3)cc2)c1-c1cccnc1
O=C(NCC(Oc1ccc2c(cnn2-c2ccc3ocnc3c2)c1)c1ccc2c(c1)OCCO2)c1nccs1
O=C(NCC(Oc1ccc2c(cnn2-c2cccc(N3CCOCC3)n2)c1)c1ccc2c(c1)OCCCO2)c1csnn1
O=C(NCC(Oc1ccc2c(cnn2-c2ccn[nH]2)c1)c1ccc2c(c1)CCC2)c1cccs1
O=C(Cc1ccc(-n2nnc(-c3cccnc3)n2)cc1)Nc1cccc2ccccc12
O=C(NCC(Oc1ccc2c(cnn2-c2cccc(OCc3ccccc3)c2)c1)c1ccc2c(c1)OCCO2)c1cnoc1
O=C(NCC(Oc1ccc2c(cnn2-c2ccccc2)c1)c1ccc2c(c1)CCC2)c1ncc[nH]1
O=C(NCC(Oc1ccc2c(cnn2-c2ncnn3cccc23)c1)c1ccc2c(c1)OCCO2)c1ccccn1
O=C(NCC(Oc1ccc2c(cnn2-c2nccnc2-c2ccsc2)c1)c1ccccc1)c1nccs1
O=C(NCC(Oc1ccc2c(cnn2-c2ccccc2-c2ncccn2)c1)c1ccc2c(c1)OCCO2)c1ccccc1
O=C(NCC(Oc1ccc2c(cnn2-c2cc(-c3ccc4n[nH]cc4c3)ccn2)c1)c1ccccc1)c1cnns1
O=S(=O)(NCC(Oc1ccc2c(cnn2-c2cnn(-c3ccccc3)n2)c1)c1ccccc1)c1ccccc1
O=C(NCC(Oc1ccc2c(c1)ncn2-c1cc2ccsc2cn1)c1ccc2c(c1)OCCO2)c1ccco1
O=C(Cc1ccncc1)NCC(Oc1ccc2c(cnn2-c2nccc3cncnc23)c1)c1ccc2c(c1)OCCCO2
O=C(NCC(Oc1ccc2c(cnn2-c2cccc(C3CC3)n2)c1)c1ccc2c(c1)OCCO2)c1ccccc1
c1ccc(-n2nccc2-c2ccc3c(c2)CCCC3)cc1
O=C(NCC(Oc1ccc2c(cnn2-c2cccc(-c3ccccc3)c2)c1)c1ccc2c(c1)OCCO2)C1CC1
O=C(NCC(Oc1ccc2c(cnn2-c2cncs2)c1)c1ccccc1)c1c[nH]c(=O)cn1
O=C(NCC(Oc1ccc2c(cnn2-c2nncnc2-c2ccccn2)c1)c1ccccc1)c1nccs1
O=C(NCC(Oc1ccc2c(cnn2-c2nnc(-n3ccnc3)s2)c1)c1ccc2c(c1)OCCO2)C1CC1
O=C(NCC(Oc1ccc2c(cnn2-c2cccnc2)c1)c1ccc2c(c1)OCCCO2)c1ccc(-c2ccc(=O)[nH]c2)s1
O=C(NCC(Oc1ccc2c(cnn2-c2cnc3c(cnn3C3CCCC3)c2)c1)c1ccccc1)c1cc[nH]n1
O=C(NCC(Oc1ccc2c(cnn2-c2cnccn2)c1)c1ccc2c(c1)CCC2)c1ccc[nH]1
O=C(NCC(Oc1ccc2c(cnn2-c2nncc3cc[nH]c23)c1)c1ccc2c(c1)OCCO2)c1ccnnc1
c1ncc(-n2ncc3cc(OCc4ccc5c(c4)CCCO5)ccc32)cn1
O=C(NCC1CCCCCC1)c1ccc2n[nH]c(-c3ccncc3)c2c1
O=C(NCC(Oc1ccc2c(cnn2-c2cccc(-c3ccn[nH]3)c2)c1)c1ccc2c(c1)OCCO2)c1cnc2ccccn12
O=C(NCC(Oc1ccc2c(cnn2-c2cnc3c(c2)OCCN3)c1)c1ccc2c(c1)OCCO2)C1CCCC1
O=C(Cc1ccsc1)NCC(Oc1ccc2c(cnn2-c2ccccc2-n2nccn2)c1)c1ccncc1
O=C(NCC(Oc1ccc2c(cnn2-c2cn[nH]c2)c1)c1ccc2c(c1)CCO2)c1cncnc1
O=C(NCC(Oc1ccc2c(cnn2-c2cccc3[nH]cnc23)c1)c1ccc2c(c1)OCCO2)c1ccsc1
O=C(NCC(Oc1ccc2c(cnn2-c2cccc(N3CCCNCC3)n2)c1)c1ccc2c(c1)CCC2)c1nc[nH]n1
O=C(NCC(Oc1ccc2c(cnn2-c2ccccc2)c1)c1ccccc1)c1cnoc1
O=C(NCC(Oc1ccc2c(cnn2-c2cc[nH]n2)c1)c1ccc2c(c1)OCCO2)c1cnco1
O=C(NCC(Oc1ccc2c(cnn2-c2ccnc(-c3ccncc3)c2)c1)c1cccnc1)C1CCC1
O=C(NCC(Oc1ccc2c(cnn2-c2cc(N3CCNCC3)ncn2)c1)c1ccc2c(c1)OCCO2)c1cnco1
O=C(NCC(Oc1ccc2c(cnn2-c2ccccc2-c2ccnn2-c2ccccc2)c1)c1ccccc1)c1cccnc1
O=C(NCC(Oc1ccc2c(cnn2-c2cnc3c(cnn3C3CCCC3)c2)c1)c1ccccc1)c1cn[nH]c1
O=C(NCC(Oc1ccc2c(cnn2-c2cnn(C3CC3)c2)c1)c1ccccc1)c1cnccn1
O=C(NCC(Oc1ccc2c(cnn2-c2cccc(-c3ccccn3)c2)c1)c1ccc2[nH]ccc2c1)C1CCCCC1
O=C(NCC(Oc1ccc2c(cnn2-c2ccncc2)c1)c1ccccc1)c1cnccn1
O=C(NCC(Oc1ccc2c(cnn2-c2cccnc2)c1)c1ccc2c(c1)CCC2)c1ccccc1
O=C(NCC(Oc1ccc2c(cnn2-c2ccnc(N3CCOCC3)n2)c1)c1ccc2c(c1)CCC2)c1ccccc1
O=C(NCC(Oc1ccc2c(cnn2-c2cn3c(C4CC4)nnc3cn2)c1)c1ccccc1)c1cccnc1
O=C(NCC(Oc1ccc2c(cnn2-c2nccc3cccnc23)c1)c1ccc2c(c1)OCCO2)c1ccccn1
O=C(NCC(Oc1ccc2c(cnn2-c2ccc3c(c2)CNCC3)c1)c1ccccn1)c1cnc[nH]1
O=C(NCC(Oc1ccc2c(cnn2-c2ccccc2-c2ncon2)c1)c1ccccc1)c1ncon1
O=C(NCC(Oc1ccc2c(cnn2-c2ccccc2-c2ncc[nH]2)c1)c1ccccc1)C1COC1
O=C(NCC(Oc1ccc2c(cnn2-c2cncc3ncccc23)c1)c1ccc2c(c1)OCCCO2)c1ccccc1
O=C(NCC(Oc1ccc2c(cnn2-c2ccccc2-c2ncccn2)c1)c1cccnc1)c1cnc[nH]1
O=C(NCC(Oc1ccc2c(cnn2-c2cc(-c3ccccc3)no2)c1)c1ccc2c(c1)OCCO2)c1cnccn1
O=C(NCC(Oc1ccc2c(cnn2-c2cnn(-c3cnccn3)c2)c1)c1ccccc1)c1cnco1
C1=C2CCCC(Cc3cccnc3)C2Cc2cnn(-c3ccccc3)c21
N=c1nc(-n2ncc3cc(OC(CNC(=O)C4CCS(=O)(=O)C4)c4ccc5c(c4)OCCO5)ccc32)cc[nH]1
O=C(NCC(Oc1ccc2c(cnn2-c2cccc3c2cnn3-c2ccncc2)c1)c1ccc2c(c1)OCCO2)c1ccccn1
O=C(NCC(Oc1cnc2c(cnn2-c2cnn(CC3CCC3)c2)c1)c1ccc2c(c1)OCCO2)C1Cc2ccccc2CN1
O=C(CCc1ccc2c(c1)CCO2)NCC(Oc1ccc2c(cnn2-c2cc3ccccc3cn2)c1)c1ccc2c(c1)OCCCO2
O=C(NCC(Oc1ccc2c(cnn2-c2cnc3n(c2=O)CCC3)c1)c1ccccc1)c1csnn1
N=c1nc(-n2ncc3cc(OC(CNC(=O)c4cccnc4)c4ccc5c(c4)CCC5)ccc32)cn[nH]1
O=C(NCC(Oc1ccc2c(cnn2-c2cccc3c[nH]nc23)c1)c1ccc2c(c1)OCCO2)c1ccccc1
O=C(NCC(Oc1ccc2c(cnn2-c2ccccc2)c1)c1ccc2c(c1)CCC2)c1nccc2cnccc12
O=c1[nH]c2ccc(-n3ncc4cc(OCc5ccc6c(c5)OCCN6)ccc43)nc2[nH]1
O=C(NCC(Oc1ccc2c(cnn2-c2cccc(-n3cncn3)c2)c1)c1ccc2c(c1)OCCO2)c1csnn1
O=C(NCC(Oc1ccc2c(cnn2-c2nncc3ccccc23)c1)c1ccc2c(c1)OCCO2)c1cccnc1
O=C(NCC(Oc1ccc2c(cnn2-c2cccc(-c3ccccc3)c2)c1)c1ccccc1)c1cnc[nH]1
O=C(NCC(Oc1ccc2c(cnn2-c2ccn[nH]2)c1)c1ccc2c(c1)CCO2)c1ccccc1
O=C(NCC(Oc1ccc2c(cnn2-c2cc[nH]c(=NCC3CC3)n2)c1)c1ccccc1)c1ccsc1
O=C(NCC(Oc1ccc2c(cnn2-c2cncc(-c3cncc[nH+]3)c2)c1)c1cccnc1)C1CCCN1
O=C(Cc1ccccc1)NCC(Oc1ccc2c(cnn2-c2ccncn2)c1)c1ccc2c(c1)OCCCO2
c1ccc(COc2ccc3c(cnn3-c3nnc(-c4cnoc4)s3)c2)cc1
O=C(NCC(Oc1ccc2c(cnn2-c2ccsc2)c1)c1ccc2c(c1)CCO2)c1csc2cccnc12
O=C(NCC(Oc1cnc2c(cnn2-c2ccccc2-c2ncc[nH]2)c1)c1cccnc1)C1CCC1
O=C(NCC(Oc1ccc2c(cnn2-c2cnc3[nH]ncc3c2)c1)c1ccc2cc[nH]c2c1)c1cnoc1
O=C(NCC(Oc1ccc2c(cnn2-c2cncnc2)c1)c1ccc2c(c1)OCCN(Cc1cccnc1)C2)c1csc2ccccc12
O=C(NCC(Oc1ccc2c(cnn2-c2cc3[nH]cnc3cn2)c1)c1ccccc1)c1ncc[nH]1
O=C(NCC(Oc1ccc2c(cnn2-c2ncc3cc[nH]c3n2)c1)c1ccc2c(c1)OCCO2)c1cnc[nH]1
O=C(NCC(Oc1ccc2c(cnn2-c2nccc3[nH]ncc23)c1)c1cccnc1)c1cscn1
O=C(NCC(Oc1ccc2c(cnn2-c2ncnc3ccccc23)c1)c1ccc2c(c1)OCC2)c1ccsc1
O=C(NCC(Oc1ccc2c(cnn2-c2ncnc3ccsc23)c1)c1ccc2c(c1)OCCO2)c1ccncc1
c1cnn(-c2ccc(-n3ncc4cc(OCc5ccc6c(c5)OCCO6)ccc43)cc2)c1
O=C(NCC(Oc1ccc2c(cnn2-c2cccc(N3CCOCC3)n2)c1)c1ccc2c(c1)OCCCO2)c1ncccn1
C1=C2CCCC(Cc3cncnc3)C2CCc2cnn(-c3ccccc3)c21
O=C(NCC(Oc1ccc2c(cnn2-c2c[nH]c(=O)c3nn(-c4ccccc4)cc23)c1)c1ccc2c(c1)OCCO2)c1ccn[nH]1
c1ccc(-n2ncc3cc(OCc4ccc5c(c4)OCCN5)ccc32)cc1
O=C(NCC(Oc1cc2cnn(-c3ccccc3)c2nn1)c1ccc2c(c1)OCCO2)C1CCCC2C3CCC(C3)C12
O=C(NCC(Oc1ccc2c(cnn2-c2cc3c([nH]2)C(=O)NCC3)c1)c1ccccc1)c1ccoc1
O=C(NCC(Oc1ccc2c(cnn2-c2ccc3ccccc3c2)c1)c1ccc2c(c1)OCCO2)c1ccsc1
O=C(NCC(Oc1ccc2c(cnn2-c2cc3ccnnc3cn2)c1)c1ccc2c(c1)OCCO2)c1cn[nH]c1
O=C(NCC(Oc1ccc2c(cnn2-c2ccnc(-c3ccccc3)c2)c1)c1ccc2c(c1)OCCO2)c1ccon1
O=C(NCC(Oc1ccc2c(cnn2-c2cnc3scnn23)c1)c1ccc2cc[nH]c2c1)C1CCCOC1
c1ccc(-c2cncc(-n3ncc4cc(OCc5ccc6c(c5)OCCN6)ccc43)c2)nc1
O=C(NCC(Oc1ccc2c(cnn2-c2cncc(N3CCOCC3)n2)c1)c1ccccc1)c1cnoc1
O=C(NCC(Oc1ccc2c(cnn2-c2ncncn2)c1)c1ccc2c(c1)OCCO2)c1cscn1
O=C(NCC(Oc1ccc2c(cnn2-c2ccc3c(n2)NCCO3)c1)c1ccc2c(c1)OCCO2)c1ccccc1
O=C(NCC(Oc1ccc2c(cnn2-c2n[nH]c3c2CCC3)c1)c1ccc2c(c1)OCCO2)c1cnco1
O=C(NCC(Oc1ccc2c(cnn2-c2cnn(-c3ccccc3)c2)c1)c1ccc2c(c1)OCCCO2)c1ccon1
O=C(NCC(Oc1ccc2c(cnn2-c2ccnc3cccnc23)c1)c1ccc2c(c1)OCCO2)c1cncs1
O=C(NCC(Oc1ccc2c(cnn2-c2cc3ccncc3o2)c1)c1ccc2c(c1)OCCO2)c1cnn2cccnc12
O=C(NCC(Oc1ccc2c(cnn2-c2ccccc2)c1)c1ccc2c(c1)OCCO2)c1cncnc1
O=C(NCC(Oc1ccc2c(cnn2-c2nc(C3CC3)no2)c1)c1ccccc1)c1ccn[nH]1
O=C(Cc1ccccc1)NCCOc1ccc2c(cnn2-c2ccn[nH]2)c1
c1cc(-n2cc(CN3CCN(c4nccs4)CC3)nn2)nc(-n2ncc3cnc(-c4cnccn4)cc32)c1
O=C(NCC(Oc1ccc2c(cnn2-c2ccccc2-c2ccccc2)c1)c1ccc2c(c1)OCCO2)c1cnoc1
O=C(NCC(Oc1ccc2c(cnn2-c2cc3ccccc3[nH]2)c1)c1ccc2c(c1)CCO2)c1ccncc1
O=C(NCC(Oc1ccc2c(cnn2-c2cnn(-c3ccncn3)c2)c1)c1ccccc1)c1ccccc1
N=c1cc(-n2ncc3cc(OC(CNC(=O)c4cccs4)c4ccc5c(c4)OCC=C5)ccc32)cc[nH]1
O=C(NCC(Oc1ccc2c(cnn2-c2nccc3c2CCCC3)c1)c1ccccc1)c1cc2ccccc2[nH]1
O=C(NCC(Oc1ccc2c(cnn2-c2ncnc3[nH]ccc23)c1)c1ccc2c(c1)OCCCO2)c1cnco1
O=C(NCC(Oc1ccc2c(cnn2-c2ncnc3ccsc23)c1)c1ccccc1)c1ccncc1
O=C(NCC(Oc1ccc2c(cnn2-c2nnc[nH]2)c1)c1ccc2c(c1)OCCO2)c1ccsc1
O=C(NCC(Oc1ccc2c(cnn2-c2cnccn2)c1)c1ccc2c(c1)CCC2)c1[nH]nc2c1CCC2
O=C(NCC(Oc1ccc2c(cnn2-c2ccccc2)c1)c1ccccc1)c1cncnc1
O=C(NCC(Oc1ccc2c(cnn2-c2cnccn2)c1)c1ccc2c(c1)OCCCO2)c1ccc(-n2cncn2)cc1
O=C(NCC(Oc1ccc2c(cnn2-c2cccc(-c3ccccc3)c2)c1)c1ccc2ncccc2c1)C1CCCCC1
O=C(NCC(Oc1ccc2c(cnn2-c2c[nH]cn2)c1)c1ccc2c(c1)OCCO2)c1cocn1
O=C(NCC(Oc1ccc2c(cnn2-c2nncs2)c1)c1ccc2c(c1)OCCO2)c1csc2ccccc12
N=c1[nH]cc(C2CCCOC2)nc1-n1ncc2cc(OCc3ccc4c(c3)OCCCO4)ccc21
c1ccc(Oc2cc[nH]c2)cc1
O=C(NCC(Oc1ccc2c(cnn2-c2cn[nH]c2)c1)c1ccccc1)C1CCOCC1
O=C(CNC(=O)Nc1cccc2ccccc12)Nc1cccc(-c2ccccc2)c1
c1cc2c(cc1COc1ccc3c(cnn3-c3c[nH]nn3)c1)CNCC2
O=C(NCC(Oc1ccc2c(cnn2-c2nccc3sccc23)c1)c1ccc2c(c1)OCCCO2)c1ccncc1
O=C(NCC(Oc1ccc2c(cnn2-c2cnc3c(c2)CCN(C(=O)C2CC2)C3)c1)c1ccccc1)c1csnn1
O=C(NCC(Oc1ccc2c(cnn2-c2cnc3ncnn3c2)c1)c1ccc2c(c1)OCCO2)C1CCCC1
O=C(NCC(Oc1ccc2c(cnn2-c2nccc3cncnc23)c1)c1ccc2c(c1)OCCO2)c1cocn1
O=C(NCC(Oc1ccc2c(cnn2-c2c[nH]nn2)c1)c1ccccc1)c1ccc(-n2cccn2)cc1
O=C(NCC(Oc1ccc2c(cnn2-c2cncnc2)c1)c1ccc2c(c1)CCC2)c1cnc(-c2ccco2)s1
O=C(NCC(Oc1ccc2c(cnn2-c2ncnc3ccccc23)c1)c1ccc2c(c1)OCCO2)C1(c2ccccc2)CCC1
N=c1[nH]cc(C(=O)NCC(Oc2ccc3c(cnn3-c3nccc4c3CNC4=O)c2)c2ccccc2)s1
O=C(NCC(Oc1ccc2c(cnn2-c2cccc3[nH]ncc23)c1)c1ccc2c(c1)CCCO2)c1ccco1
O=C(NCC(Oc1ccc2c(cnn2-c2nc(C3CC3)no2)c1)c1ccccc1)c1cnsn1
O=C(NCC(Oc1ccc2c(cnn2-c2nnc(-c3ccccc3)o2)c1)c1ccccc1)c1cccs1
O=C(NCC(Oc1ccc2c(cnn2-c2cccc(-n3ccnc3)c2)c1)c1ccccc1)c1cscn1
O=C(NCC(Oc1ccc2c(cnn2-c2nccc(N3CCNCC3)n2)c1)c1ccccc1)c1cnn2cccnc12
O=C(NCC(Oc1ccc2c(cnn2-c2cccnn2)c1)c1ccsc1)c1cc2ccccc2s1
O=C(NCC(Oc1ccc2c(cnn2-c2nccc3c2CCNC3)c1)c1ccccc1)c1n[nH]c2ccccc12
O=C(NCC(Oc1ccc2c(cnn2-c2cccc3c2NCCO3)c1)c1ccc2c(c1)OCCO2)c1ccnc2ccccc12
O=C(NCC(Oc1ccc2c(cnn2-c2cc(-c3cn[nH]c3)ccn2)c1)c1ccccc1)c1cnco1
O=C(COc1cccc2ccccc12)NCC(Oc1ccc2c(cnn2-c2cccc(C(=O)N3CCS(=O)(=O)CC3)c2)c1)c1ccc2c(c1)OCCO2
O=C(Cc1ccncc1)NCC(Oc1ccc2c(cnn2-c2ccccc2-n2ccnn2)c1)c1ccc2c(c1)OCCO2
O=C(NCC(Oc1ccc2c(cnn2-c2ccc3nnn(-c4ccccc4)c3c2)c1)c1ccc2ccccc2c1)c1cocn1
O=C(NCC(Oc1ccc2c(cnn2-c2ncccn2)c1)c1ccc2c(c1)OCCO2)c1cccc2[nH]ncc12
O=c1nc(-c2ccccc2-c2ccccc2)[nH]o1
N=c1[nH]onc1-n1ncc2cc(OC(CNC(=O)c3cncs3)c3ccc4cccnc4c3)ccc21
O=C(NCC(Oc1ccc2c(cnn2-c2ncnc3c2CCCC3)c1)c1ccc2c(c1)OCCO2)c1ccccc1
O=C(NCC(Oc1ccc2c(cnn2-c2cccc(-n3ncc4ccccc43)c2)c1)c1ccccc1)c1snc2ccccc12
O=C(NCC(Oc1ccc2c(cnn2-c2cc3cncnc3[nH]2)c1)c1ccc2c(c1)CCC2)c1ccnc2ccccc12
O=C(NCC(Oc1ccc2c(cnn2-c2ccccn2)c1)c1ccccc1)c1cnccn1
O=C(NCC(Oc1ccc2c(cnn2-c2ccc3c(c2)CCC3)c1)c1ccccc1)c1coc2ccccc12
c1ccc(-n2ncc3cc(OCc4ccc5ccccc5c4)ccc32)cc1
O=C(CCc1ccccc1)NCC(Oc1ccc2c(cnn2-c2cnc3c(cnn3-c3ccccc3)c2)c1)c1ccc2c(c1)OCCO2
O=C(NCC(Oc1ccc2c(cnn2-c2cccnn2)c1)c1ccc2c(c1)OCCO2)c1cc2ccncc2[nH]1
O=C(NCC(Oc1ccc2c(cnn2-c2ncc(-c3cn[nH]c3)cn2)c1)c1ccc2c(c1)OCCO2)c1cnc[nH]1
O=C(NCC(Oc1ccc2c(cnn2-c2nccc3c2CCN(CC2CC2)C3)c1)c1ccc2c(c1)OCCO2)c1cccnc1
O=C(COc1ccccc1)NCC(Oc1ccc2c(cnn2-c2ncnc3ccsc23)c1)c1ccc2c(c1)OCCCO2
O=C(NCC(Oc1ccc2c(cnn2-c2ccccn2)c1)c1ccc2c(c1)OCCO2)c1cnco1
O=C(NCC(Oc1ccc2c(cnn2-c2cncc(N3CCOCC3)n2)c1)c1ccc2c(c1)OCCO2)c1cccs1
O=C(NCC(Oc1ccc2c(cnn2-c2cnccn2)c1)c1ccc2c(c1)CCCO2)c1ccn(-c2ccccc2)c1
O=C(NCC(Oc1ccc2c(cnn2-c2cnccn2)c1)c1ccccc1)c1cccnc1
O=C(CCc1ccc2[nH]c3ccccc3c2c1)Nc1ccc2c(=O)oncc2c1
O=C(NCC(Oc1ccc2c(cnn2-c2cnn(-c3ccon3)c2)c1)c1ccc2c(c1)OCCO2)c1ccncc1
O=C(NCC(Oc1ccc2c(cnn2-c2nccc(-c3cncs3)n2)c1)c1ccccc1)c1c[nH]nn1
O=C(NCC(Oc1ccc2c(cnn2-c2ccncn2)c1)c1ccc2c(c1)OCCCO2)c1cnco1
O=C(NCC(Oc1ccc2c(cnn2-c2ccc(=O)[nH]n2)c1)c1ccc2c(c1)OCCO2)c1cccs1
O=C(NCC(Oc1ccc2c(cnn2-c2cnccn2)c1)c1ccccc1)c1cncs1
O=C(NCC(Oc1ccc2c(cnn2-c2nccc(N3CCCCC3)n2)c1)c1ccccc1)c1ncc[nH]1
O=C(Cc1ccccc1)NCC(Oc1ccc2c(cnn2-c2ccc3c(cnn3CCN3CCCC3)c2)c1)c1ccc2c(c1)OCCO2
O=C(NCC(Oc1ccc2c(cnn2-c2cccc3ncncc23)c1)c1ccccc1)C1CCCCN1
O=C(NCC(Oc1ccc2c(cnn2-c2cnc3cnccc3n2)c1)c1ccc2ccoc2c1)c1ccncc1
O=C(NCC(Oc1ccc2c(cnn2-c2ccc3cccnc3n2)c1)c1ccc2c(c1)OCCO2)c1cccnc1
O=C(NCC(Oc1ccc2c(cnn2-c2ccc(-n3cccn3)nc2)c1)c1ccoc1)C1CCCN1
O=C(NCC(Oc1ccc2c(cnn2-c2cccc(N3CCNCC3)n2)c1)c1ccc2c(c1)CCC2)c1ccn[nH]1
O=C(NCC(Oc1ccc2c(cnn2-c2ncc3c(n2)CCCC3)c1)c1ccc2c(c1)OCCO2)c1ccc2c(c1)OCCO2
O=C(NCC(Oc1ccc2c(cnn2-c2ccc(C3CC3)cn2)c1)c1ccc2c(c1)OCCO2)c1cccs1
O=C(NCC(Oc1ccc2c(cnn2-c2csc(N3CCNCC3)n2)c1)c1ccccc1)c1ccno1
O=c1cc2c(n[nH]1)CCNC2
O=C(NCC(Oc1ccc2c(cnn2-c2cnc3n[nH]cc3c2)c1)c1ccc2c(c1)CCC2)c1nccc2ccccc12
O=C(NCC(Oc1ccc2c(cnn2-c2c[nH]nn2)c1)c1ccc2c(c1)OCCO2)c1ccncc1
N=c1cc[nH]c(-n2ncc3cc(OC(CNC(=O)c4cc5ccccc5[nH]4)c4ccc5c(c4)OCCO5)ccc32)n1
O=C(NCC(Oc1ccc2c(cnn2-c2cn(-c3cccnc3)cn2)c1)c1ccc2c(c1)OCCO2)C1CC=CCN1
O=C(NCC(Oc1ccc2c(cnn2-c2cc(-c3cncnc3)ccn2)c1)c1ccc2c(c1)OCCO2)c1csnn1
O=C(NCC(Oc1ccc2c(cnn2-c2cc3c(cn2)OCCN3)c1)c1ccccc1)c1ccccc1
O=C(NCC(Oc1ccc2c(cnn2-c2nn[nH]n2)c1)c1ccccn1)c1cc2ccccc2s1
C1=C2CCC(c3ccccc3)C2Cc2cnn(-c3ccccc3)c21
O=C(NCC(Oc1ccc2c(cnn2-c2cccnc2)c1)c1ccc2c(c1)CCCO2)c1c(-c2ccccc2)nc2ccccn12
O=c1c2cnn(-c3ccccc3)c2ncn1CC(Cn1cncn1)c1ccccc1
O=C(NCC(Oc1ccc2c(cnn2-c2ccccc2)c1)c1ccc2c(c1)OCCO2)c1cnccn1
c1cc(-c2cnoc2)cc(-n2ncc3cc(OCc4ccc5c(c4)CNC5)ccc32)c1
c1ccc(COc2ccc3c(cnn3-c3ccnc(-c4ccncc4)c3)c2)cc1
O=C(NCC(Oc1ccc2c(cnn2-c2nnc(N3CCOCC3)s2)c1)c1ccc2c(c1)OCCO2)C1CCOCC1
O=C(NCC(Oc1ccc2c(cnn2-c2nccnc2C2CC2)c1)c1cccnc1)c1ccccc1
O=C(NCc1ccccc1)NCC(Oc1ccc2c(cnn2-c2ccc3cnccc3c2)c1)c1ccc2c(c1)OCCO2
O=C(NCC(Oc1ccc2c(cnn2-c2cnn(CCN3CCOCC3)c2)c1)c1cccs1)c1c[nH]cn1
O=C(NCC(Oc1ccc2c(cnn2-c2ccncn2)c1)c1cccnc1)C1CCCN1S(=O)(=O)c1ccccc1
N=c1ccc(-n2ncc3cc(OC(CNC(=O)c4ccn[nH]4)c4ccccc4)ccc32)c[nH]1
O=C(COc1ccccc1)NCC(Oc1ccc2c(cnn2-c2ccccn2)c1)c1ccc2c(c1)CCO2
O=C(NCC(Oc1ccc2c(cnn2-c2ccc3cccnc3c2)c1)c1ccc2c(c1)OCCO2)c1ncco1
O=C1CCC(C(=O)NCC(Oc2ccc3c(cnn3-c3cccc(C(=O)N4CCOCC4)c3)c2)c2ccc3c(c2)OCCO3)N1
O=C(NCC(Oc1ccc2c(cnn2-c2ccncc2)c1)c1ccc2c(c1)OCCCO2)c1ccc2ccccc2c1
O=C(NCC(Oc1ccc2c(cnn2-c2cc(-c3ccncc3)cc(N3CCOCC3)n2)c1)c1ccccc1)c1ccsc1
O=C(Cc1cncnc1)NCC(Oc1ccc2c(cnn2-c2cn[nH]c2)c1)c1ccc2c(c1)OCCO2
O=C(NCC(Oc1ccc2c(cnn2-c2ccccc2-c2ccn[nH]2)c1)c1ccc2c(c1)CCC2)C1CCCOC1
O=C(NCC(Oc1ccc2c(cnn2-c2cc3cc[nH]c3cn2)c1)c1ccc2c(c1)CCO2)c1ccccn1
O=C(NCC(Oc1ccc2c(cnn2-c2cccc(C3CC3)n2)c1)c1cccnc1)c1ccno1
c1ccc(-n2ncc3c(-n4ncc5cc(OCc6ccc7c(c6)CNCC7)ccc54)nccc32)cc1
O=C(NCCNc1cccc2c1cnn2-c1ccc2c(c1)CCC2)c1ccc2cccc(CN3CCOCC3)c2n1
O=C(NCC(Oc1ccc2c(cnn2-c2cccc(-c3cccnc3)c2)c1)c1ccc2c(c1)OCCO2)C1CCC1
O=C(NCC(Oc1ccc2c(cnn2-c2cn(CC3CC3)nn2)c1)c1ccc2c(c1)OCCO2)c1cocn1
O=C(NCC(Oc1ccc2c(cnn2-c2ncccn2)c1)c1ccc2c(c1)OCCO2)c1ccc2nncn2c1
O=C(NCC(Oc1cnc2c(cnn2-c2ncccn2)c1)c1ccc2c(c1)OCCO2)c1ccco1
O=C(Cc1ccc2ncccc2c1)NCC(Oc1ccc2c(cnn2-c2ccnn2-c2cccnc2)c1)c1ccc2c(c1)OCCO2
O=C(NCC(Oc1ccc2c(cnn2-c2ccccc2)c1)c1ccc2c(c1)OCCO2)c1cn[nH]c1
O=C(NCC(Oc1ccc2c(cnn2-c2ccncn2)c1)c1ccc2c(c1)OCCCO2)c1ccc2c(c1)OCCO2
O=C(Cc1ccccc1)NCC(Oc1ccc2c(cnn2-c2ccccc2)c1)c1ccc2c(c1)CCC2
O=C(NCC(Oc1ccc2c(cnn2-c2nccc3sccc23)c1)c1ccc2c(c1)OCCO2)c1cncc2[nH]ccc12
O=C(NCC(Oc1ccc2c(cnn2-c2cnon2)c1)c1ccccc1)C1(c2ccccc2)CCC1
O=C(NCC(Oc1ccc2c(cnn2-c2ccc3ccccc3n2)c1)c1ccc2c(c1)OCCO2)c1cc2cnccc2o1
O=C(NCC(Oc1ccc2c(cnn2-c2ncnc3[nH]cnc23)c1)c1ccc2c(c1)OCCO2)c1cc(-c2ccncc2)co1
O=C(NCC(Oc1ccc2c(cnn2-c2ccc3[nH]ncc3c2)c1)c1ccc2c(c1)OCCO2)c1ccn[nH]1
O=C(NCC(Oc1ccc2c(cnn2-c2nnco2)c1)c1ccc2c(c1)OCCCO2)c1ccccc1
O=C(NCC(Oc1ccc2c(cnn2-c2ccc3c(c2)OCCO3)c1)c1ccccc1)c1ccco1
O=C(NCC(Oc1ccc2c(cnn2-c2cccc3cc[nH]c23)c1)c1ccc2c(c1)OCCO2)c1ccccc1
O=C(NCC(Oc1ccc2c(cnn2-c2ncnc3c2ncn3C2CCCO2)c1)c1ccccc1)c1nncs1
O=C(NCC(Oc1ccc2c(cnn2-c2ccccc2)c1)c1ccc2c(c1)OCCCO2)c1cccs1
O=C(NCC(Oc1ccc2c(cnn2-c2nncc3ccccc23)c1)c1ccccc1)c1csnn1
O=C(CCCc1ccccc1)NCC(Oc1ccc2c(cnn2-c2nncc3c2cnn3-c2ccccc2)c1)c1ccc2c(c1)OCCO2
O=C(CCNCc1ccccc1)NCC(Oc1ccc2c(cnn2-c2cnc3ccncc3c2)c1)c1ccc2c(c1)CCO2
O=C(NCC(Oc1ccc2c(cnn2-c2cc(N3CCC3)ncn2)c1)c1ccccc1)C1CCOCC1
O=C(NCC(Oc1ccc2c(cnn2-c2cnn(-c3cncnc3)c2)c1)c1ccc2c(c1)OCCN2)C1CCCCC1
O=C(NCC(Oc1ccc2c(cnn2-c2ccnn2-c2ccccc2)c1)c1ccc2c(c1)CCC2)C1CCCCN1
O=c1cc(COc2ccc3c(cnn3-c3ccsc3)c2)cc[nH]1
O=C(COc1ccc2[nH]ncc2c1)NCC(Oc1ccc2c(cnn2-c2cn(-c3ccccc3)nn2)c1)c1ccc2c(c1)OCCO2
O=C(NCC(Oc1ccc2c(cnn2-c2nccnc2-c2ccnnc2)c1)c1ccccc1)C1CCOCC1
O=C(Cc1ccc2c(c1)CCO2)NCC(Oc1ccc2c(cnn2-c2nnc[nH]2)c1)c1ccc2c(c1)OCCCO2
O=C(Cc1ccccc1)NCC(Oc1ccc2c(cnn2-c2ccc(N3CCOCC3)c(-n3cccn3)c2)c1)c1ccccc1
O=C(NCC(Oc1ccc2c(cnn2-c2ccc3ncsc3c2)c1)c1ccc2c(c1)OCCO2)c1cnccn1
O=C(NCC(Oc1ccc2c(cnn2-c2c[nH]nn2)c1)c1ccc2c(c1)OCCCO2)c1ccn[nH]1
O=C(CSc1nnc(-c2ccc3ccccc3c2)[nH]1)c1ccccc1
O=C(NCC(Oc1ccc2c(cnn2-c2ccncn2)c1)c1ccc2c(c1)OCCO2)c1cc[nH]n1
O=C(NCC(Oc1ccc2c(cnn2-c2cc3c(cn2)CNCC3)c1)c1ccc2c(c1)OCCO2)c1ccc2c(c1)OCCO2
O=C(NCC(Oc1ccc2c(cnn2-c2ccccc2)c1)c1ccc2c(c1)OCCO2)c1ccccc1
O=C(NCC(Oc1ccc2c(cnn2-c2ccc(-c3ncon3)nc2)c1)c1ccc2c(c1)OCCO2)c1ccccc1
O=C(NCC(Oc1ccc2c(cnn2-c2cc3ccccc3cn2)c1)c1ccccc1)c1cccc2ccccc12
O=C(NCC(Oc1ccc2c(cnn2-c2ccnn2-c2ccccc2)c1)c1ccc2c(c1)OCCO2)c1cccc2nccnc12
c1cc2c(cc1COc1ccc3c(cnn3-c3cnoc3)c1)OCCO2
O=C(NCC(Oc1ccc2c(cnn2-c2cccc(N3CCNCC3)n2)c1)c1ccc2c(c1)CCCO2)C1CCCCC1
O=C(NCC(Oc1ccc2c(cnn2-c2cccc(N3CCC3)n2)c1)c1ccc2c(c1)OCCO2)c1ccn[nH]1
c1cc2c(cc1-c1cn3cnnc3cn1)CCO2
O=C(NCC(Oc1ccc2c(cnn2-c2nccc3c2CCNC3)c1)c1ccc2c(c1)CCC2)c1ccccc1
O=C(NCC(Oc1ccc2c(cnn2-c2ccc(N3C4CCCC3CC4)nc2)c1)c1ccccc1)c1nnco1
O=C(NCC(Oc1ccc2c(cnn2-c2ccc(-c3ccc4c(c3)CCC4)cc2)c1)c1ccc2c(c1)OCCO2)C1CCCCC1
O=C(NCC(Oc1ccc2c(cnn2-c2cnn(C3CCC3)c2)c1)c1ccccc1)c1cc(-c2cccnc2)n[nH]1
O=C(NCC(Oc1ccc2c(cnn2-c2cccc3[nH][nH]c23)c1)c1ccc2c(c1)OCCO2)c1ccn[nH]1
O=C(NCC(Oc1ccc2c(cnn2-c2cccc3cnncc23)c1)c1ccc2c(c1)OCCO2)C1CC1
O=C(NCC(Oc1ccc2c(cnn2-c2nccnc2-c2ccon2)c1)c1ccc2c(c1)OCCO2)c1ccn[nH]1
O=C1CC(c2cccc(-c3ccccc3)c2)c2ccccc2O1
O=C(Cc1cccc2ncccc12)NCC(Oc1ccc2c(cnn2-c2c[nH]cn2)c1)c1ccc2c(c1)OCCO2
O=C(NCC(Oc1ccc2c(cnn2-c2ccc3c(C4CC4)ncn3c2)c1)c1ccc2c(c1)OCCCO2)c1nsc2ccccc12
O=C(NCC(COc1ccc2c(cnn2-c2cccnc2)c1)Cc1ccccc1)c1ccccc1
O=C(NCC(Oc1ccc2c(cnn2-c2cccnn2)c1)c1ccc2c(c1)OCCCO2)C1CCCN1
c1ccc(-n2nc(C3CCNCC3)c3ncccc32)cc1
O=C(NCC(Oc1ccc2c(cnn2-c2cc[nH]n2)c1)c1ccc2c(c1)OCCO2)c1ccnnc1
O=C(NCC(Oc1ccc2c(cnn2-c2cnn(C3CCC4(CCOC4)CC3)n2)c1)c1ccc2c(c1)OCCO2)c1ccsn1
O=C(NCC(Oc1ccc2c(cnn2-c2cnc3nccn3c2)c1)c1ccc2occc2c1)C1CCOC1
O=C(NCC(Oc1ccc2c(cnn2-c2ncnc3c2CCC3)c1)c1ccccc1)c1cn[nH]c1
c1cc(-c2cnc3nnc(-n4ncc5cc(OCc6ccc7c(c6)OCCO7)ccc54)n3n2)ccn1
O=C(NCC(Oc1ccc2c(cnn2-c2cnn(C3CCNCC3)c2)c1)c1ccc2c(c1)OCCO2)c1cccc2ccccc12
O=C(NCC(Oc1ccc2c(cnn2-c2cc3ccccc3cn2)c1)c1ccc2c(c1)OCC2)c1csc2ccccc12
c1ncc(-n2ncc3cc(OCc4ccc5c(c4)OCCO5)ccc32)cn1
O=C(NCC(Oc1ccc2c(cnn2-c2cccc(-n3ncc4ccccc43)c2)c1)c1ccccc1)c1cnoc1
O=C(NCC(Oc1ccc2c(cnn2-c2cccc(N3CCOCC3)n2)c1)c1ccccc1)C1CCC1
O=C(NCC(Oc1ccc2c(cnn2-c2cnn(Cc3cnoc3)c2)c1)c1ccc2c(c1)CCC2)c1ncc[nH]1
O=C(NCC(Oc1ccc2c(cnn2-c2ccc3ncccc3c2)c1)c1ccc2c(c1)CCC2)C1CCCC1
O=C(NCC(Oc1ccc2c(cnn2-c2ccncc2)c1)c1cnco1)c1cnoc1
O=C(NCC(Oc1ccc2c(cnn2-c2cnc3c(c2)CCC3)c1)c1ccc2c(c1)OCCO2)c1cncnc1
c1cc2c(cc1COc1ccc3c(cnn3-c3cnc4c(c3)CCN(C3CCOC3)CC4)c1)OCCO2
O=C(NCC(Oc1ccc2c(cnn2-c2cnn(-c3cnccn3)c2)c1)c1ccc2c(c1)OCCO2)c1coc2ccccc12
O=C(NCC(Oc1ccc2c(cnn2-c2ccn[nH]2)c1)c1cncnc1)c1cccnn1
O=C(Cc1ccccc1)NCC(Oc1ccc2c(cnn2-c2cccc3ncccc23)c1)c1ccc2c(c1)OCCO2
O=C(NCC(Oc1ccc2c(cnn2-c2cccnc2)c1)c1ccc2c(c1)OCCCO2)c1coc2ccccc12
c1ccc(CCCCCCCc2ccc3c(c2)OCCO3)cc1
O=C(NCC(Oc1ccc2c(cnn2-c2cccc(N3CCOCC3)n2)c1)c1ccccc1)c1csnn1
O=C(NCC(Oc1ccc2c(cnn2-c2ccccn2)c1)c1ccc2c(c1)OCCO2)c1[nH]nc2ccccc12
O=C(NCC(Oc1ccc2c(cnn2-c2cncc(-n3cnc4ccccc43)n2)c1)c1ccc2c(c1)OCCO2)c1ccn[nH]1
O=C(NCC(Oc1ccc2c(cnn2-c2nncc3ccsc23)c1)c1ccc2c(c1)OCCO2)c1ccccn1
O=C(NCC(Oc1ccc2c(cnn2-c2nccs2)c1)c1noc2ccccc12)c1cnoc1
O=C(NCC(Oc1ccc2c(cnn2-c2cc3c(cn2)CN(C2CCCC2)CC3)c1)c1ccc2c(c1)OCCO2)c1ncccn1
O=C(NCC(Oc1ccc2c(cnn2-c2ccccc2)c1)c1ccc2c(c1)OCCO2)c1ccccc1
O=C(NCC(Oc1ccc2c(cnn2-c2ccccc2-c2ccccc2)c1)c1ccc2occc2c1)c1ccncc1
O=S(=O)(NCCNc1cccc2c1nnn2-c1n[nH]c(-c2ccccc2)n1)c1cn[nH]c1
O=C(NCC(Oc1ccc2c(cnn2-c2ccccc2-c2ccnn2C2CCC2)c1)c1ccc2c(c1)COC2)C1CCC1
O=C(NCC(Cc1cccnc1)Oc1ccc2c(cnn2-c2ccccc2)c1)C1CCOC1
O=C(NCC(Oc1ccc2c(cnn2-c2cnccn2)c1)c1ccc2c(c1)OCCO2)c1cnco1
O=C(NCC(Oc1ccc2c(cnn2-c2cncc(-c3cncc4cnccc34)c2)c1)c1ccccc1)c1cc[nH]n1
O=C(NCC(Oc1ccc2c(cnn2-c2ccc3ccnn3c2)c1)c1ccc2c(c1)OCCCO2)c1nccs1
N=c1nc(-n2ncc3cc(OC(CNC(=O)c4nncs4)c4ccccc4)ccc32)cc[nH]1
O=C(NCC(Oc1ccc2c(cnn2-c2cnc3ccccc3c2)c1)c1ccccc1)c1cccnn1
O=C(NCC(Oc1ccc2c(cnn2-c2nccnc2C2CC2)c1)c1ccccc1)c1cccs1
O=C(Cn1cccn1)NCC(Oc1ccc2c(cnn2-c2cnn(-c3cncnc3)c2)c1)c1ccc2c(c1)OCCO2
O=C(NCC(Oc1ccc2c(cnn2-c2ccc3[nH]c(=O)ccc3c2)c1)c1ccc2c(c1)OCCO2)c1nccc2ccccc12
O=C(NCC(Oc1ccc2c(cnn2-c2cccc3c2OCC3)c1)c1ccc2c(c1)OCCO2)c1cncnc1
O=C(NCC(Oc1ccc2c(cnn2-c2nccc3ccccc23)c1)c1ccccc1)c1cc2cccnc2s1
O=C(NCC(Oc1ccc2c(cnn2-c2cccc(-n3ccnc3)c2)c1)c1ccc2c(c1)OCCO2)c1cnccn1
O=C(NCC(Oc1ccc2c(cnn2-c2cncc3[nH]ccc23)c1)c1ccc2c(c1)OCCO2)c1cncs1
O=C(NCC(Oc1ccc2c(cnn2-c2cnc3[nH]ncc3c2)c1)c1ccccc1)c1cccs1
O=C(NCC(Oc1ccc2c(cnn2-c2cccnc2-c2ccc3[nH]ncc3c2)c1)c1ccccc1)C1CC1
O=C(NCC(Oc1ccc2c(cnn2-c2ncnc3ccccc23)c1)c1ccc2c(c1)OCCO2)c1cccnc1
O=C(NCC(Oc1ccc2c(cnn2-c2nccc3c2CCNC3)c1)c1ccccc1)c1cnco1
O=C(Cc1ccccc1)NCC(Oc1ccc2c(cnn2-c2cnccn2)c1)c1ccc2c(c1)OCCO2
O=C(NCC(Oc1ccc2c(cnn2-c2cnc3ccccc3n2)c1)c1ccc2c(c1)OCCO2)c1ccsc1
O=C(NCC(Oc1ccc2c(cnn2-c2cc3c(cn2)Cc2ccccc2-3)c1)c1ccccc1)c1cccs1
O=C(NCC(Oc1ccc2c(cnn2-c2cccc(-c3cccnc3)c2)c1)c1ccc2c(c1)CCCO2)C1CCC1
O=C(NCC(Oc1ccc2c(cnn2-c2cc[nH]n2)c1)c1ccc2c(c1)CCC2)C1CCCCC1
O=C(NCC(Oc1ccc2c(cnn2-c2cnn(Cc3ccccn3)c2)c1)c1ccc2c(c1)CCO2)c1cccnc1
c1ccc(COc2ccc3c(cnn3-c3nnc(N4CCC4)nc3-c3ccncc3)c2)cc1
O=C(NCC(Oc1ccc2c(cnn2-c2cncc(-c3ccoc3)c2)c1)c1ccc2c(c1)OCCO2)C1CCCCN1
O=C(Cc1ccccc1)NCC(Oc1ccc2c(cnn2-c2ccc(N3CCNCC3)nc2)c1)c1ccc2c(c1)OCCO2
c1cnnc(-n2ncc3cc(OCc4ccc5c(c4)CC5NCCc4ccncc4)ccc32)c1
O=C(NCC(Oc1ccc2c(cnn2-c2ccccn2)c1)c1ccccc1)c1cccc2c1cnn2-c1ccccc1
O=C(NCC(Oc1ccc2c(cnn2-c2ccccn2)c1)c1ccccc1)c1ccon1
O=C(NCC(Oc1ccc2c(cnn2-c2cc3[nH]ccc3cn2)c1)c1ccc2c(c1)OCCO2)c1ccccc1
c1ccc(-n2ncc3cc(OCc4nc5ccccc5[nH]4)ccc32)cc1
O=C(NCC(Oc1ccc2c(cnn2-c2cncc3ccccc23)c1)c1ccc2c(c1)OCCO2)c1ccc[nH]1
c1ccc(N=c2[nH]c(N3CCCC3)nc3c2CCN(c2ccccn2)CC3)cc1
O=C(NCC(Oc1ccc2c(cnn2-c2nccc3c2CCN(Cc2ccccc2)C3)c1)c1ccc2c(c1)OCCCO2)c1cn[nH]n1
O=C(NCC(Oc1ccc2c(cnn2-c2nccc3c2cnn3-c2ccccc2)c1)c1ccc2c(c1)OCCO2)c1cccnn1
O=C(NCC(Oc1ccc2c(cnn2-c2ccccc2)c1)c1ccc2c(c1)OCCCO2)c1ccncc1
O=C(NCC(Oc1ccc2c(cnn2-c2nccc3ccoc23)c1)c1ccc2c(c1)OCCO2)c1ncc[nH]1
O=C(NCC(Oc1ccc2c(cnn2-c2ccc(=O)[nH]c2)c1)c1ccc2c(c1)OCCO2)c1ccns1
O=C(NCC(Oc1ccc2c(cnn2-c2cnc3ccccn23)c1)c1ccc2c(c1)COC2)C1CCC1
O=C(CCCc1ccccc1)NCC(Oc1ccc2c(cnn2-c2ccnc(C3CC3)n2)c1)c1ccc2c(c1)OCCO2
O=C(NCC(Oc1ccc2c(cnn2-c2ccn[nH]2)c1)c1cccnc1)c1cc[nH]n1
O=C(Cc1ccccn1)NCC(Oc1ccc2c(cnn2-c2cn[nH]c2)c1)c1ccc2c(c1)OCCO2
O=C(Cc1ccccc1)NCC(Oc1ccc2c(cnn2-c2cc3c(cn2)CN(CC2CCNCC2)CC3)c1)c1ccc2c(c1)OCCO2
O=C(NCC(Oc1ccc2c(cnn2-c2nc(C3CC3)cc3ccccc23)c1)c1ccccc1)c1cscn1
O=C(Cn1ccnc1)NCC(Oc1ccc2c(cnn2-c2ccc3cnncc3c2)c1)c1ccc2c(c1)OCCO2
N=c1[nH]c(=N)c2ncc(-c3ccccc3)cc2[nH]1
O=C(NCC(Oc1ccc2c(cnn2-c2cnn(-c3cnc[nH]3)c2)c1)c1ccccc1)c1cnccn1
O=C(NCC(Oc1ccc2c(cnn2-c2ccccc2)c1)c1ccc2[nH]ccc2c1)c1cnco1
O=C(NCC(Oc1ccc2c(cnn2-c2ccc3c(cnn3Cc3cccnc3)c2)c1)c1ccc2c(c1)OCCO2)c1cocn1
O=C1Cc2cnc(-n3ncc4cc(OC(CNC(=O)c5ccccc5)c5ccc6c(c5)OCCO6)ccc43)nc2N1
O=C(NCC(Oc1ccc2c(cnn2-c2nnco2)c1)c1ccc2c(c1)OCCO2)c1nncc2c1CCC2
O=C(NCC(Oc1ccc2c(cnn2-c2ccccc2)c1)c1ncco1)c1cc2ccccc2s1
O=C(NCC(Oc1ccc2c(cnn2-c2ccn3cccc3c2)c1)c1ccc2c(c1)CCC2)c1ccnc2ccccc12
N=c1nc(-n2ncc3cc(OC(CNC(=O)Cc4ccccc4)c4ccc5c(c4)OCCO5)ccc32)cc[nH]1
c1cc(-c2cn[nH]c2)cc(-n2ncc3cc(OCc4ccc5c(c4)OCCO5)ccc32)c1
O=C(NCC(Oc1ccc2c(cnn2-c2cccc(-c3cnn4cccnc34)c2)c1)c1ccccc1)C1CCC1
O=C(NCC(Oc1ccc2c(cnn2-c2ncnc3[nH]cnc23)c1)c1ccc2c(c1)OCCO2)c1cn[nH]n1
O=C(NCC(Oc1ccc2c(cnn2-c2cc3ccccc3cn2)c1)c1cncs1)c1cnco1
O=C(Cc1ccccc1)NCC(Oc1ccc2c(cnn2-c2ccnc(N3CCCC3)n2)c1)c1ccc2c(c1)OCCO2
O=C(NCC(Oc1ccc2c(cnn2-c2cn[nH]c2)c1)c1ccc2c(c1)OCCO2)c1ccco1
O=C(NCC(Oc1ccc2c(cnn2-c2ccccc2)c1)c1ccccc1)C1CCc2ccccc2C1
O=C(NCC(Oc1ccc2c(cnn2-c2cccc3nccnc23)c1)c1ccc2c(c1)OCCO2)c1cnccn1
O=C(Cc1ccsc1)NCC(Oc1ccc2c(cnn2-c2cccnc2)c1)c1ccc2c(c1)OCCO2
O=C(NCC(Oc1ccc2c(cnn2-c2ncnc3ccsc23)c1)c1ccc2c(c1)CCC2)c1cnccn1
O=C(NCC(Oc1ccc2c(cnn2-c2nncs2)c1)c1ccccn1)C1CCCCC1
O=C(NCC(Oc1ccc2c(cnn2-c2ccccn2)c1)c1ccc2c(c1)OCC2)c1ccccc1
c1cnn(-c2ccc(-n3ncc4cc(OCc5ccc6c(c5)OCCCO6)ccc43)cc2)c1
O=C(NCC(Oc1ccc2c(cnn2-c2cccc(-n3ccc4ccccc43)c2)c1)c1ccc2c(c1)CCCC2)c1ccncc1
O=C(NCC(Oc1ccc2c(cnn2-c2cnccn2)c1)c1ccccc1)c1cccnc1
O=C(NCC(Oc1ccc2c(cnn2-c2nc(C3CC3)nc(N3CCC3)n2)c1)c1ccccc1)c1ccncc1
O=C(NCC(Oc1ccc2c(cnn2-c2cc3c(cn2)CC2(CCCCC2)C3)c1)c1ccc2c(c1)OCCO2)c1cnoc1
c1ccc(CCCCc2ccc3c(cnn3CCCOc3ccc4c(c3)CCC4)c2)cc1
O=C(NCC(Oc1ccc2c(cnn2-c2cn[nH]c2-c2ccccn2)c1)c1ccc2c(c1)OCCO2)c1ccccc1
O=C(NCC(Oc1ccc2c(cnn2-c2cccc(CNC(=O)c3cc4ccccc4s3)c2)c1)c1ccc2c(c1)OCCO2)c1ccncc1
O=C(NCC(Oc1ccc2c(cnn2-c2ccc(N3CCOCC3)nc2)c1)c1ccc2c(c1)OCCC2)c1ccccc1
O=C(NCC(Oc1ccc2c(cnn2-c2nccc3ccccc23)c1)c1ccc2c(c1)OCCO2)c1cncnc1
O=C(NCC(Oc1ccc2c(cnn2-c2ccnnc2)c1)c1ccc2c(c1)OCCO2)c1ccccn1
O=C(NCC(Oc1ccc2c(cnn2-c2c[nH]c(C3CC3)n2)c1)c1ccccc1)c1cscn1
O=C(NCC(Oc1ccc2c(cnn2-c2c[nH]nc2-c2cccs2)c1)c1ccc2c(c1)OCCO2)C1CCCN1
O=C(NCC(Oc1ccc2c(cnn2-c2cnccn2)c1)c1cccnc1)c1cnco1
O=C(NCC(Oc1ccc2c(cnn2-c2nccc3c2CCNC3)c1)c1ccccc1)c1ncc[nH]1
O=C(NCC(Oc1ccc2c(cnn2-c2cnn(-c3cnsc3)n2)c1)c1ccccc1)c1ccco1
O=C(NCC(Oc1ccc2c(cnn2-c2nnco2)c1)c1ccc2c(c1)CCO2)c1cccs1
O=C(NCC(Oc1ccc2c(cnn2-c2cc[nH]n2)c1)c1ccc2c(c1)OCCO2)c1cc2ccccc2o1
c1ccc(COc2ccc3c(cnn3-c3ccccc3)c2)cc1
O=C(NCC(Oc1ccc2c(cnn2-c2cc(C3CC3)ncn2)c1)c1ccc2c(c1)OCCO2)c1cncnc1
c1cc2c(cc1COc1ccc3c(cnn3-c3cn[nH]c3)c1)OCCNC2
O=C(NCC(Oc1ccc2c(cnn2-c2c[nH]nn2)c1)c1ccc2c(c1)OCCO2)C1COc2ccccc2C1
O=C(NCC(Oc1ccc2c(cnn2-c2cc3ccncc3cn2)c1)c1ccc2c(c1)OCCO2)C1(c2ccccc2)CC1
N=c1[nH]oc2ncc(-n3ncc4cc(OC(CNC(=O)CCCc5ccccc5)c5ccc6c(c5)OCCO6)ccc43)cc12
O=C(NCC(Oc1ccc2c(cnn2-c2nccc3c2CCNC3)c1)c1ccc2c(c1)OCCCO2)c1csc2ccccc12
O=C(Cc1ccccc1)NCC(Oc1ccc2c(cnn2-c2cc[nH]n2)c1)c1ccc2c(c1)OCCN2
O=C(NCC(Oc1ccc2c(cnn2-c2nnc(-c3ccc(=O)[nH]c3)o2)c1)c1ccc2c(c1)OCCO2)C1CCOCC1
O=C(NCC(Oc1ccc2c(cnn2-c2ccn3ccnc3c2)c1)c1ccc2c(c1)OCCO2)c1ncc[nH]1
O=C(NCC(Oc1ccc2c(cnn2-c2noc3ccncc23)c1)c1ccc2c(c1)OCCCO2)C1CCCCC1
c1ccc(CNc2cccc3cccnc23)cc1
O=C(NCC(Oc1ccc2c(cnn2-c2ccccc2)c1)c1ccc2c(c1)OCCO2)c1ccccc1
O=C(NCC(Oc1ccc2c(cnn2-c2cc(C3CC3)ncn2)c1)c1ccc2c(c1)OCCO2)c1ccoc1
O=C(NCC(Oc1ccc2c(cnn2-c2cnc3cc[nH]c3c2)c1)c1ccccc1)c1cccc(-c2cc[nH]n2)c1
O=C(Cc1ccccc1)NCC(Oc1ccc2c(cnn2-c2ccc(N3CCOCC3)nc2)c1)c1ccc2c(c1)OCCO2
O=C(NCC(Oc1ccc2c(cnn2-c2ccccc2-c2ncccn2)c1)c1ccc2c(c1)OCCO2)c1cncnc1
O=C(NCC(Oc1ccc2c(cnn2-c2ncccn2)c1)c1ccc2c(c1)OCCO2)c1ccccn1
O=C(NCC(Oc1ccc2c(cnn2-c2ccc3c(c2)CCCC3)c1)c1ccc2c(c1)OCCO2)c1ccn[nH]1
O=C(NCC(Oc1ccc2c(cnn2-c2ccc3snnc3c2)c1)c1ccccc1)c1cc2c(s1)CCCC2
O=C(NC1(C(=O)NCC(Oc2ccc3c(cnn3-c3cc4ccncc4cn3)c2)c2ccc3c(c2)OCCO3)CC2CCC1C2)c1cncs1
O=C(NCC(Oc1ccc2c(cnn2-c2ncc(-c3ccccc3)cn2)c1)c1ccc2c(c1)OCCO2)C1CCOCC1
O=C(NCC(Oc1ccc2c(cnn2-c2cnc3ccccc3n2)c1)c1ccc2ccccc2c1)c1cccs1
O=C(NCC(Oc1ccc2c(cnn2-c2ccncn2)c1)c1ccc2c(c1)OCCO2)c1cscn1
O=C(NCC(Oc1ccc2c(cnn2-c2ccnc(C3CC3)n2)c1)c1ccc2c(c1)OCCCO2)C1CCCCC1
O=C(NCC(Oc1ccc2c(cnn2-c2ccc(-c3cccnc3)cc2)c1)c1cccnc1)c1ccco1
O=C(NCC(Oc1ccc2c(cnn2-c2ncnc3ncccc23)c1)c1ccc2c(c1)OCCO2)c1cscn1
c1cc2c(cc1COc1ccc3c(cnn3-c3n[nH]c4nc(N5CCCC5)ccc34)c1)OCCO2
O=C(Cc1ccccc1)NCC(Oc1ccc2c(cnn2-c2ccn[nH]2)c1)c1ccc2c(c1)OCCO2
O=C(NCC(Oc1ccc2c(cnn2-c2nncs2)c1)c1ccc2c(c1)OCCN2C(=O)C1CC1)C1CC1
C1=C(c2ccncc2-n2nnc3cc(OCc4ccccc4)ccc32)CCOC1
O=C(NCC(Oc1ccc2c(cnn2-c2cc(N3CCCC3)ncn2)c1)c1ccc2c(c1)OCCO2)c1ccc2c(c1)OCCO2
O=C(NCC(Oc1ccc2c(cnn2-c2cc3c(cn2)CNCC3)c1)c1ccc2c(c1)CCC2)c1ccn[nH]1
O=C(CC1CC1)NCC(Oc1ccc2c(cnn2-c2cnc3n(c2=O)CCCO3)c1)c1ccc2c(c1)OCCO2
O=C(NCC(Oc1ccc2c(cnn2-c2cncc(-c3ccccc3)c2)c1)c1ccc2c(c1)OCCO2)c1cocn1
O=C(NCC(Oc1ccc2c(cnn2-c2nn[nH]n2)c1)c1ccc2c(c1)OCCO2)C1CCOCC1
O=C(Cc1ccc2c(c1)CCO2)NCC(Oc1ccc2c(cnn2-c2cnc3c(c2)CCN(C2CCC2)CC3)c1)c1ccc2c(c1)OCCO2
c1cc(N=c2nc3cc(-c4cn[nH]c4)sc3c[nH]2)cc(C2CCNCC2)c1
O=C(NCC(Oc1ccc2c(cnn2-c2cncc(-c3cnn(C4CC4)c3)c2)c1)c1ccccc1)c1nncs1
O=C(NCC(Oc1ccc2c(cnn2-c2ccccn2)c1)c1ccc2c(c1)OCCO2)c1cscn1
O=C(C1CC1)N1CCOc2cc(COc3ccc4c(cnn4-c4nccc5c4cnn5-c4ccccc4)c3)ccc21
O=C(NCC(Oc1ccc2c(cnn2-c2cccc3[nH]ncc23)c1)c1ccc2c(c1)CCO2)c1cncs1
c1ncc(-n2ncc3cc(OCc4ccc5sccc5c4)ccc32)cn1
O=C(NCC(Oc1ccc2c(cnn2-c2ccc3c(c2)CCC3)c1)c1ccccc1)c1ccn[nH]1
O=C(NCC(Oc1ccc2c(cnn2-c2ccc3occc3c2)c1)c1ccccc1)c1ccsc1
O=C(NCC(Oc1ccc2c(cnn2-c2nccc3c2CCN(CCC2CC2)C3)c1)c1ccc2c(c1)OCCO2)c1ccsc1
O=C(NCC(Oc1ccc2c(cnn2-c2nccnc2C2CCC2)c1)c1ccc2c(c1)OCCO2)c1cnccn1
O=C(Oc1ccc2c(cnn2-c2ccc3c(c2)OCCC3)c1)c1ccc2c(c1)OCCO2
O=C(NCC(Oc1ccc2c(cnn2-c2cccc(C3CC3)n2)c1)c1ccccc1)c1cc2ccccc2s1
O=C(NCC(Oc1ccc2c(cnn2-c2nccc3c2CN(Cc2ccccc2)C3)c1)c1ccc2c(c1)OCCO2)c1cc2c(s1)CNCC2
O=S(=O)(NCC(Oc1ccc2c(cnn2-c2ccc(-n3cnc4ccccc43)cc2)c1)c1ccc2c(c1)OCCCO2)c1c[nH]cn1
O=C(NCC(Oc1ccc2c(cnn2-c2cccc3ncccc23)c1)c1ccccc1)c1cnoc1
O=C(NCC(Oc1ccc2c(cnn2-c2ccc3[nH]c(=O)[nH]c3c2)c1)c1ccc2c(c1)OCCO2)c1ncc[nH]1
O=C(NCC(Oc1ccc2c(cnn2-c2cccc(-c3cnn(C4CCOC4)c3)n2)c1)c1ccccc1)c1cnns1
c1ccc(-n2ncc3cc(OCC(Oc4ccc5c(cnn5-c5ccccc5)c4)c4cn[nH]c4)ccc32)cc1
c1ccc(-c2nn3c(-c4ccncc4)nccc3c2-c2ccccc2)cc1
O=C(NCc1cccc(-n2ccnc2)c1)C(Oc1ccc2c(cnn2-c2ccccc2)c1)c1ccccc1
c1cc2c(c(Oc3nccnc3C3CCC3)c1)CCCC2
O=C(NCC(Oc1ccc2c(cnn2-c2cccc3cnccc23)c1)c1ccc2c(c1)OCCCO2)c1ncco1
O=C(NCC(Oc1ccc2c(cnn2-c2cnccn2)c1)c1ccc2c(c1)OCCCO2)c1cc2cnccc2[nH]1
O=C(NCC(Oc1ccc2c(cnn2-c2nccc3cnccc23)c1)c1ccccc1)c1nc2sccc2c(=O)o1
O=S(=O)(NCCNc1cn(-c2ccc(-c3ccccc3)cc2)c2ncccc12)c1cn[nH]c1
O=C(NCC(Oc1ccc2c(cnn2-c2ccc3[nH]cnc3c2)c1)c1ccc2c(c1)OCCO2)c1ccno1
O=C(NCC(Oc1ccc2c(cnn2-c2nccc3c2CCN(C(=O)c2ccccc2)C3)c1)c1ccc2c(c1)OCCO2)c1cnc2ccccc2c1
O=C(NCC(Oc1ccc2c(cnn2-c2ccnn2-c2ccccc2)c1)c1ccc2c(c1)OCCO2)c1ccccc1
O=C(Cc1ccccc1)NCC(Oc1ccc2c(cnn2-c2noc3cnccc23)c1)c1ccc2c(c1)OCCO2
O=C(NCC(Oc1ccc2c(cnn2-c2cc[nH]n2)c1)c1ccc2c(c1)OCCO2)C1COc2ccccc2C1
O=C(Cc1ccc2c(c1)CCO2)NCC(Oc1ccc2c(cnn2-c2cccc(-c3ncon3)c2)c1)c1ccc2c(c1)OCCO2
O=C(NCC(Oc1ccc2c(cnn2-c2cc[nH]n2)c1)c1ccccc1)c1cncs1
O=C(Cc1ccon1)NCC(Oc1ccc2c(cnn2-c2ccc3nncn3n2)c1)c1ccc2c(c1)OCCO2
C1=C2CCCCC2Cc2c1cnn2-c1ccccc1
O=C(NCC(Oc1ccc2c(cnn2-c2ccccc2-c2ccncn2)c1)c1ccc2c(c1)OCCO2)C1CCCN1
O=C(NCC(Oc1ccc2c(cnn2-c2ccccc2-c2ccon2)c1)c1ccccc1)c1cccnc1
O=C(NCC(Oc1ccc2c(cnn2-c2nccc3ccncc23)c1)c1cnccn1)C1(c2ccccc2)CC1
c1ccc(COc2ccc3c(cnn3-c3ccc4n[nH]cc4c3)c2)cc1
N=c1nc[nH]c(-n2ncc3cc(OC(CNC(=O)c4cccnc4)c4ccc5c(c4)OCCO5)ccc32)n1
O=C(NCC(Oc1ccc2c(cnn2-c2cc3c(cn2)CNCC3)c1)c1ccc2c(c1)CCC2)c1ccccc1
O=C(NCC(Oc1ccc2c(cnn2-c2ccccc2)c1)c1ccccc1)C1CCCN1C(=O)Cc1coc2ccccc12
O=C(NCC(Oc1ccc2c(cnn2-c2cnn(CC3CCCO3)c2)c1)c1ccc2c(c1)OCCO2)c1ccccc1
O=C(NCC(Oc1ccc2c(cnn2-c2ncnc3ccsc23)c1)c1ccc2c(c1)OCCCO2)C1CCCCC1
O=C(NCC(Oc1ccc2c(cnn2-c2ncccn2)c1)c1ccc2c(c1)CCC2)c1cnccn1
O=C(NCC(Oc1ccc2c(cnn2-c2ccc3c(c2)OCCN3)c1)c1ccc2c(c1)OCCO2)c1ccno1
O=C(NCC(Oc1ccc2c(cnn2-c2cccc(N3CCCCC3)n2)c1)c1ccccc1)c1ccnnc1
c1csc(-n2ncc3cc(OCc4ccncc4)ccc32)c1
c1ccc(-n2ncc3cc(OCc4ccc5c(c4)CCNCC5)ccc32)cc1
O=C(NCC(Oc1ccc2c(cnn2-c2ncnc3[nH]cnc23)c1)c1ccccn1)c1cc2ccncc2o1
O=C(NCC(Oc1ccc2c(cnn2-c2ccncc2)c1)c1ccc2c(c1)OCCO2)c1ccc[nH]1
O=C(NCC(Oc1ccc2c(cnn2-c2cccc(N3CCOCC3)n2)c1)c1ccc2c(c1)OCCCO2)c1ccccc1
O=C(NCC(Oc1ccc2c(cnn2-c2ccccc2)c1)c1ccc2c(c1)OCCO2)c1cnoc1
O=C(NCc1ncc(-c2ccncc2)cc1-c1ccc2c(c1)OCCO2)c1ccc2c(c1)OCCO2
O=C1CCC(C(=O)NCC(Oc2ccc3c(cnn3-c3cccnc3)c2)c2ccccc2)N1
O=C(NCC(Oc1ccc2c(cnn2-c2cc(C(=O)N3CCCC3)ncn2)c1)c1ccc2c(c1)OCCCO2)c1cc2ccncc2[nH]1
O=C(NCC(Oc1ccc2c(cnn2-c2ccc3cncn3n2)c1)c1ccc2c(c1)OCCO2)c1cnc[nH]1
O=C(NCC(Oc1ccc2c(cnn2-c2cc3c(cn2)CCNCC3)c1)c1ccc2c(c1)OCCO2)c1ccn[nH]1
O=C(NCC(Oc1ccc2c(cnn2-c2cccc(-n3[nH]ccc3=O)c2)c1)c1ccc2c(c1)OCCCO2)c1ccno1
O=C(NCC(Oc1ccc2c(cnn2-c2cnc(-n3cccn3)cn2)c1)c1ccco1)C1CCCCC1
O=C(NCC(Oc1ccc2c(cnn2-c2cc(C3CC3)ncn2)c1)c1ccccc1)c1cccnc1
O=C(NCC(Oc1ccc2c(cnn2-c2ccc[nH]2)c1)c1ccccc1)c1cccnc1
O=C(NCC(Oc1ccc2c(cnn2-c2ccc(N3CCCC3)nc2)c1)c1ccc2c(c1)CCC2)c1ccccc1
O=C(NCC(Oc1ccc2c(cnn2-c2cccc(N3CCCC3)n2)c1)c1ccccc1)c1nnco1
O=C(Cc1ccccc1)NCC(Oc1ccc2c(cnn2-c2cncc(-n3cccn3)c2)c1)c1ccc2c(c1)OCCO2
O=C(NCC(Oc1ccc2c(cnn2-c2cc(-n3cncn3)ccn2)c1)c1ccccc1)c1cscn1
c1csc(-c2nnc(-n3ncc4cc(OCc5ccc6c(c5)OCCO6)ccc43)o2)c1
O=C(NCC(Oc1ccc2c(cnn2-c2cccc(-n3ccnc3)c2)c1)c1ccc2c(c1)OCCO2)c1cnco1
O=S(=O)(NCCNc1cccc2c1cnn2-c1ccc(-n2ccnc2)cc1)c1cn[nH]c1
O=c1c2cccn2nc(-n2ncc3cc(OCc4ccc5c(c4)OCCO5)ccc32)n1-c1cccc2ccccc12
O=C(NCC(Oc1ccc2c(cnn2-c2cnc3n2CCOC3)c1)c1ccc2c(c1)CCC2)c1cnoc1
O=C(NCC(Oc1ccc2c(cnn2-c2nccc3c2CCNC3)c1)c1ccc2c(c1)CCCO2)c1ccc2ccsc2c1
O=C(NCC(Oc1ccc2c(cnn2-c2cccc(-c3nc[nH]n3)n2)c1)c1ccccc1)c1cc[nH]n1
c1ccc(-n2nnc3c(-c4ccsc4)ccnc32)cc1
O=C(Cc1ccccc1)NCC(Oc1ccc2c(cnn2-c2ccc3[nH]ccc3c2)c1)c1cccnc1
O=C(NCC(Oc1ccc2c(cnn2-c2ccnc(C3CC3)n2)c1)c1ccccc1)c1ccccc1
O=C(NCC(Oc1ccc2c(cnn2-c2ccnc(-n3cccn3)c2)c1)c1ccccc1)c1cncs1
O=C(NCC(Oc1ccc2c(cnn2-c2ccc3nccnc3c2)c1)c1ccc2c(c1)OCCO2)c1cncs1
O=C(NCC(Oc1ccc2c(cnn2-c2cn3ccccc3n2)c1)c1ccc2c(c1)CCC2)c1cnccn1
O=C(NCC(Oc1ccc2c(cnn2-c2cnc3[nH]ncc3c2)c1)c1ccc2c(c1)OCCCO2)c1ccccc1
O=C(NCC(Oc1ccc2c(cnn2-c2cn[nH]c2)c1)c1ccc2c(c1)OCCO2)c1ccc2sccc2c1
O=C(NCC(Oc1ccc2c(cnn2-c2csnn2)c1)c1ccc2c(c1)OCCCO2)c1ccsc1
O=C(NCC(Oc1ccc2c(cnn2-c2ccccn2)c1)c1ccc2c(c1)-c1ccccc1C2)C1CCCCC1
O=C(NCC(Oc1ccc2c(cnn2-c2cnc3c(cnn3C3CCO3)c2)c1)c1ccc2c(c1)OCCO2)c1cccc2cccnc12
O=C(NCC(Oc1ccc2c(cnn2-c2nc(-c3ccncc3)cc(N3CCOCC3)n2)c1)c1ccccc1)c1cccnc1
O=C(NCC(Oc1ccc2c(cnn2-c2cc3c(cn2)CNCC3)c1)c1ccc2c(c1)CCO2)c1nccs1
c1cc(-c2nnco2)cc(-n2ncc3cc(OCc4ccc5c(c4)OCCO5)ccc32)c1
O=C(NCC(Oc1ccc2c(cnn2-c2cnc(C3CC3)nc2-c2ncco2)c1)c1ccccc1)c1cscn1
O=C(NCC(Oc1ccc2c(cnn2-c2ccncn2)c1)c1ccccc1)C1CC1
O=C(NCC(Oc1ccc2c(cnn2-c2cccc(-n3ccnn3)c2)c1)c1ccc2c(c1)OCCO2)C1CCCN1
O=C(NCC(Oc1ccc2c(cnn2-c2nccc3c2CCCN3)c1)c1ccc2c(c1)OCC2)c1cccs1
c1cc2c(cc1COc1ccc3c(cnn3-c3nnc(C4CC4)o3)c1)OCCO2
O=C(NCC(Oc1ccc2c(cnn2-c2cc3ccccc3cn2)c1)c1ccccc1)c1cnc(-c2cnco2)cn1
O=C(NCC(Oc1ccc2c(cnn2-c2ccnn2-c2ccc3c(c2)OCCO3)c1)c1ccccc1)c1cncnc1
O=C(NCC(Oc1ccc2c(cnn2-c2cc3c(cn2)CCC3)c1)c1ccccc1)c1ccsc1
O=C(Cn1cc2ccncc2c1)NCC(Oc1ccc2c(cnn2-c2cccnn2)c1)c1ccc2c(c1)OCCO2
O=C(NCC(Oc1ccc2c(cnn2-c2ccc(-c3c[nH][nH]c3=O)nn2)c1)c1ccc2c(c1)OCCO2)C1CCOCC1
O=C(NCC(Oc1ccc2c(cnn2-c2cnccn2)c1)c1ccc2c(c1)CCC2)c1ccccn1
O=C(NCC(Oc1ccc2c(cnn2-c2n[nH]c3ccccc23)c1)c1ccc2c(c1)OCCO2)c1ccoc1
O=C(NCC(Oc1ccc2c(cnn2-c2ccc3[nH]cnc3c2)c1)c1ccccc1)C1CCC1
O=C(NCC(Oc1ccc2c(cnn2-c2cnc3ccccc3n2)c1)c1ccc2c(c1)CCN2c1nc2ccccc2o1)C1COCCO1
O=C(NCC(Oc1ccc2c(cnn2-c2ccncn2)c1)c1ccc2c(c1)OCCO2)c1cn[nH]c1
O=C(NCC(Oc1ccc2c(cnn2-c2cncc3ccccc23)c1)c1ccc2c(c1)OCCO2)c1nn(-c2ccccc2)c2c1CCC2
O=C(NCC(Oc1ccc2c(=O)n(-c3ccccn3)ncc2c1)c1ccc2c(c1)OCCO2)c1cnn(-c2ccccc2)c1
O=C(NCC(Oc1ccc2c(cnn2-c2cccc(N3CCOCC3)n2)c1)c1ccccc1)C1COCCN1
O=C(NCC(Oc1ccc2c(cnn2-c2ccncc2-c2ncc[nH]2)c1)c1ccccc1)c1ccco1
O=C(NCC(Oc1ccc2c(cnn2-c2cccc(-c3cnn[nH]3)c2)c1)c1ccc2c(c1)OCCO2)c1ccn[nH]1
O=C(NCC(Oc1ccc2c(cnn2-c2nccc3ccncc23)c1)c1ccccc1)c1nncc2ccccc12
O=C(NCC(Oc1ccc2c(cnn2-c2ccc3cncnc3n2)c1)c1ccc2c(c1)OCCO2)c1ccco1
O=C(Cc1ccccc1)NCC(Oc1ccc2c(cnn2-c2ncn[nH]2)c1)c1ccc2c(c1)OCCCO2
O=C(Cc1cscn1)NCC(Oc1ccc2c(cnn2-c2cccnn2)c1)c1ccc2c(c1)OCCO2
O=C(NCC(Oc1ccc2c(cnn2-c2cccc(-n3ccnc3)c2)c1)c1ccc2c(c1)OCCO2)c1ccnc2ccccc12
O=C(NCC(Oc1ccc2c(cnn2-c2cc3c(cn2)CN(Cc2cnc[nH]2)CC3)c1)c1ccc2ccccc2c1)c1ccncc1
c1nc(-n2ncc3cc(OCc4ccc5c(c4)OCCN5)ccc32)no1
O=C(NCC(Oc1ccc2c(cnn2-c2nccs2)c1)c1ccc2c(c1)CCC2)c1nccc2ccccc12
O=C(CCCSc1nc2ccccc2[nH]1)NCC(Oc1ccc2c(cnn2-c2ccccc2)c1)c1ccncc1
O=C(NCC(Oc1ccc2c(cnn2-c2ccncn2)c1)c1ccccc1)c1ccn[nH]1
O=C(NCC(Oc1ccc2c(cnn2-c2cc[nH]c(=Nc3ccc(N4CCOCC4)cc3)n2)c1)c1ccc2c(c1)OCCO2)c1ccccc1
c1ccc(COc2ccc3c(cnn3-c3ccc4ccccc4n3)c2)cc1
O=C(NCC(Oc1ccc2c(cnn2-c2ccccc2)c1)c1ccc2c(c1)OCCCO2)c1ncn2ccccc12
N=c1[nH]c2cc(-n3ncc4cc(OC(CNC(=O)C5CC5)c5ccc6c(c5)OCCC6)ccc43)ccc2o1
O=C(NCC(Oc1ccc2c(cnn2-c2ccnc(C3CC3)n2)c1)c1ccccc1)c1ccco1
O=C(NCC(Oc1ccc2c(cnn2-c2ccc3[nH]ncc3c2)c1)c1ccc2c(c1)OCCO2)c1ccsc1
c1nc(-c2ccc(-n3ncc4cc(OCc5ccc6c(c5)OCCO6)ccc43)cc2)no1
O=C(Cc1ccccc1)NCC(Oc1ccc2c(cnn2-c2cccc3[nH]ncc23)c1)c1ccccc1
O=C(NCC(Oc1ccc2c(cnn2-c2ccoc2)c1)c1ccc2c(c1)OCCCO2)c1ncon1
N=c1nc(-n2ncc3cc(OC(CNC(=O)C4CCCCC4)c4ccc5c(c4)OCC5)ccc32)cc[nH]1
O=C(NCC(Oc1ccc2c(cnn2-c2cncc(-c3ccncc3)c2)c1)c1cccnc1)C1CCC1
O=C(NCC(Oc1ccc2c(cnn2-c2cnc3ccccn23)c1)c1ccc2c(c1)OCCO2)C1COCCO1
O=C(NCC(Oc1ccc2c(cnn2-c2ccnn2-c2cncnc2)c1)c1ccccc1)c1cnns1
O=C(NCC(Oc1ccc2c(cnn2-c2ccc3n[nH]cc3c2)c1)c1ccc2c(c1)OCCO2)c1cocn1
O=C(NCC(Oc1ccc2c(cnn2-c2ccccc2)c1)c1ccccc1)c1ccccn1
N=c1[nH]oc2ccc(-n3ncc4cc(OCc5ccc6c(c5)OCCO6)ccc43)cc12
O=C(Cn1ccccc1=O)NCC(Oc1ccc2c(cnn2-c2ncnc3ccccc23)c1)c1ccc2c(c1)OCCO2
O=C(NCC(Oc1ccc2c(cnn2-c2cc(-c3ccccc3)n[nH]2)c1)c1ccccc1)C1CCCNC1
O=C(NCC(Oc1ccc2c(cnn2-c2ncnc3c2NCCC3)c1)c1ccc2c(c1)OCCCO2)c1cncs1
O=C(NCC(Oc1ccc2c(cnn2-c2ccccn2)c1)c1ccc2c(c1)OCCO2)c1cnoc1
O=C(NCC(Oc1ccc2c(cnn2-c2ccc3nc[nH]c3n2)c1)c1ccc2c(c1)OCCO2)c1cccnc1
O=C(NCC(Oc1ccc2c(cnn2-c2ccc3c(-c4ccoc4)cccc3c2)c1)c1ccc2c(c1)OCCCO2)c1cnoc1
O=C(NCC(Oc1ccc2c(cnn2-c2cnc3[nH]ncc3c2)c1)c1ccc2c(c1)OCCC2)c1cscn1
O=C(NCC(Oc1ccc2c(cnn2-c2ccnc(N3CCOCC3)n2)c1)c1ccncc1)c1cnsc1
O=C(NCC(Oc1ccc2c(cnn2-c2ccc3cn[nH]c3c2)c1)c1ccccc1)c1cnc(-c2ccncc2)s1
O=C(NCC(Oc1ccc2c(cnn2-c2cccc(C3CC3)n2)c1)c1ccc2c(c1)CCO2)c1cncs1
O=C(NCC(Oc1ccc2c(cnn2-c2noc3ccccc23)c1)c1ccc2c(c1)OCCO2)c1cnccn1
c1cc(-c2cc(N3CCOCC3)nc(-n3ncc4cc(OCc5ccc6c(c5)OCCO6)ccc43)c2)c2ccncc2c1
O=C(Cc1ccccc1)NCC(Oc1ccc2c(cnn2-c2ncccn2)c1)c1ccc2c(c1)OCCCO2
O=C(NCC(Oc1ccc2c(cnn2-c2cccc(N3CCNCC3)n2)c1)c1ccc2c(c1)OCCO2)c1cccnc1
O=C(NCC(Oc1ccc2c(cnn2-c2cccc3c2ccn3-c2ccccn2)c1)c1ccc2c(c1)OCCO2)c1cnco1
O=C(NCC(Oc1ccc2c(cnn2-c2cccnn2)c1)c1ccccc1)c1ccccc1
O=C(NCC(Oc1ccc2c(cnn2-c2cccc(-c3nnn[nH]3)c2)c1)c1ccc2c(c1)OCCO2)c1cnc[nH]1
O=C(NCC(Oc1ccc2c(cnn2-c2nnco2)c1)c1ccc2c(c1)CCNC2)c1cn[nH]c1
O=C(NCC(Oc1ccc2c(cnn2-c2ccc3c(c2)CCCC3)c1)c1ccc2c(c1)OCCCO2)C1COc2ccccc2C1
O=C(NCC(Oc1ccc2c(cnn2-c2nc(-c3ccccc3)cc(N3CCOCC3)n2)c1)c1ccc2c(c1)OCCO2)c1ccc2c(c1)OCCO2
O=C(NCC(Oc1ccc2c(cnn2-c2nccc(C3CC3)n2)c1)c1ccccc1)c1nccs1
O=C(NCC(Oc1ccc2c(cnn2-c2ncnc3nccn23)c1)c1ccc2c(c1)OCCCO2)c1ccncc1
O=C(NCC(Oc1ccc2c(cnn2-c2ncnc3c2CCC3)c1)c1cccnc1)c1ccncn1
O=C(NCC(Oc1ccc2c(cnn2-c2ccccc2)c1)c1ccccc1)c1cscn1
O=C(NCC(Oc1ccc2c(cnn2-c2ccc3c(c2)CCCC3)c1)c1ccccc1)c1ccoc1
c1ccc(-n2ncc3cc(OCc4ccc5c(c4)OCCO5)ccc32)cc1
O=C(NCC(Oc1ccc2c(cnn2-c2ncc[nH]2)c1)c1ccc2c(c1)OCCO2)c1ccccc1
O=C(NCC(Oc1ccc2c(cnn2-c2cc3cc[nH]c3cn2)c1)c1ccc2c(c1)OCCO2)c1ccccc1
O=C(CCc1ccc(-c2ccccc2)cc1)NCC(Oc1ccc2c(cnn2-c2ccccc2)c1)c1ccc2c(c1)OCCO2
O=C(NCC(Oc1ccc2c(cnn2-c2cn[nH]c2)c1)c1ccccc1)c1cn[nH]c1
O=C(NCC(Oc1ccc2c(cnn2-c2cccc3[nH]ncc23)c1)c1ccc2c(c1)OCCO2)c1cnn2ccccc12
O=C(Cc1ccccc1)NCC(Oc1ccc2c(cnn2-c2cncc(-n3ccnn3)c2)c1)c1ccc2c(c1)OCCCO2
O=C(NCC(Oc1ccc2c(cnn2-c2ccc(OCC3CCCC3)cc2)c1)c1ccccc1)c1ncon1
O=C(NCC(Oc1ccc2c(cnn2-c2ccc3cnccc3c2)c1)c1ccc2c(c1)CCC2)c1cnccn1
O=C(NCC(Oc1ccc2c(cnn2-c2cccc3ncccc23)c1)c1ccc2c(c1)OCCCO2)c1cc2ccccc2[nH]1
O=C(Cn1ncc2ccccc21)NCC(Oc1ccc2c(cnn2-c2ccccc2-c2ncccn2)c1)c1ccc2c(c1)OCCO2
O=C(Cc1ccccc1)NCC(Oc1ccc2c(cnn2-c2c[nH]nn2)c1)c1ccc2c(c1)OCCO2
O=C(NCC(Oc1ccc2c(cnn2-c2cc(N3CCCC3)ncn2)c1)c1ccc2c(c1)CCC2)c1cccnn1
O=C(NCC(Oc1ccc2c(cnn2-c2cncnn2)c1)c1ccc2c(c1)OCCO2)c1ccccc1
O=C(NCC(Oc1ccc2c(cnn2-c2ncco2)c1)c1ccc2c(c1)OCCO2)c1cccnc1
O=C(NCC(Oc1ccc2c(cnn2-c2ccccc2)c1)c1ccc2c(c1)OCCO2)c1ccccc1
O=C(NCC(Oc1ccc2c(cnn2-c2ccc3[nH]cnc3c2)c1)c1ccc2c(c1)CCCC2)c1ccon1
O=C(NCC(Oc1ccc2c(cnn2-c2cn[nH]c2)c1)c1ccc2c(c1)CCC2)c1ncco1
O=C(NCC(Oc1ccc2c(cnn2-c2nc(C3CC3)c[nH]2)c1)c1ccccc1)c1ccccc1
O=c1c(-c2ccc(-n3c(=O)ccc4ccccc43)cc2)cccn1-c1ccccc1
O=C(NCC(Oc1ccc2c(cnn2-c2ccc3cn[nH]c3c2)c1)c1ccc2c(c1)OCCO2)c1ccc(-c2cccnc2)s1
c1ccc(-n2ncc3cc(OCc4ccc5c(c4)OCCO5)ccc32)c(-c2ccon2)c1
O=C(NCC(Oc1ccc2c(cnn2-c2ccn[nH]2)c1)c1ccc2ccccc2n1)C1CC1
O=C(NCC(Oc1ccc2c(cnn2-c2cccc(N3CCCNCC3)n2)c1)c1ccc2c(c1)OCCO2)c1cnoc1
C1=C2CCC(c3cc4[nH]ccc4o3)C2Cc2cnn(-c3ccccc3)c21
O=C(Cc1ccccc1)NCC(Oc1ccc2c(cnn2-c2cn3ncsc3n2)c1)c1ccc2c(c1)OCCO2
O=C(CC1CCCCC1)NCC(Oc1ccc2c(cnn2-c2ccncc2)c1)c1ccc2c(c1)OCCO2
O=C(NCC(Oc1ccc2c(cnn2-c2cncc(-c3ccon3)c2)c1)c1ccccc1)c1ccnc2ccccc12
O=C(NCC(Oc1ccc2c(cnn2-c2nn[nH]n2)c1)c1ccc2c(c1)OCCN2)c1cccc2ccccc12
O=C(Cc1ccccc1)NCC(Oc1ccc2c(cnn2-c2cccc(-n3ncc4cnccc43)c2)c1)c1ccc2c(c1)OCCO2
O=C(NCC(Oc1ccc2c(cnn2-c2cccc(C3CC3)n2)c1)c1ccc2c(c1)OCCO2)c1cnc[nH]1
O=C(NCC(Oc1ccc2c(cnn2-c2cnc3[nH]ccc3n2)c1)c1ccc2c(c1)OCCCO2)c1cccnn1
O=C(NCC(Oc1ccc2c(cnn2-c2ccccc2-c2ncccn2)c1)c1ccc2c(c1)OCO2)C1CCCCC1
O=C(NCC(Oc1ccc2c(cnn2-c2ccccn2)c1)c1ccc2c(c1)CCC2)c1ccccc1
O=C(NCc1cccc(-n2nccn2)c1)C1C(C(=O)Nc2ccccn2)C2CCC1C21CC1
O=C(NCC(Oc1ccc2c(cnn2-c2ccccc2)c1)c1ccccc1)c1cccs1
O=C(NCC(Oc1ccc2c(cnn2-c2nnco2)c1)c1ccc2c(c1)OCCO2)c1nccc2cn[nH]c12
O=C(NCC(Oc1ccc2c(cnn2-c2ccc(=O)[nH]n2)c1)c1ccc2c(c1)OCCO2)c1cccc2c1OCCO2
O=C(NCC(Oc1ccc2c(cnn2-c2ccncn2)c1)c1ccc2nccnc2c1)c1cnoc1
O=C(NCC(Oc1ccc2c(cnn2-c2ccc(-c3ccccc3)cc2)c1)c1ccncc1)C1CCCN1
O=C(NCC(Oc1ccc2c(cnn2-c2ncon2)c1)c1ccc2[nH]ncc2c1)c1ccnn1-c1ccccc1
O=C(Cc1ccccc1)NCC(Oc1ccc2c(cnn2-c2ccc(-c3cocn3)cc2)c1)c1ccc2c(c1)OCCO2
O=C(NCC(Oc1ccc2c(cnn2-c2ccccn2)c1)c1ccc2c(c1)CCO2)C1COC1
O=C(NCC(Oc1ccc2c(cnn2-c2cnc3[nH]ncc3c2)c1)c1ccccc1)c1cnn2cccnc12
O=C(NCC(Oc1ccc2c(cnn2-c2cccnn2)c1)c1ccc2c(c1)CCC2)c1cccnc1
O=C(NCC(Oc1ccc2c(cnn2-c2cccc(N3CCCC3)n2)c1)c1ccc2c(c1)OCCN(Cc1cnc[nH]1)C2)C1CCOCC1
O=C(NCC(Oc1ccc2c(cnn2-c2cnccc2-c2ncccn2)c1)c1ccccc1)c1ccn[nH]1
O=C(NCC(Oc1ccc2c(cnn2-c2cnccn2)c1)c1ccc2c(c1)OCCO2)c1csc2ccncc12
O=C(NCC(Oc1ccc2c(cnn2-c2cccc(-n3cccn3)c2)c1)c1cccc2ccccc12)c1ccnc2ccccc12
O=C(NCC(Oc1ccc2c(cnn2-c2cccnn2)c1)c1ccc2c(c1)OCCO2)c1ccccc1
O=C(NCC(Oc1ccc2c(cnn2-c2ncnc3[nH]cnc23)c1)c1ccccc1)c1cncs1
O=C(NCC(Oc1ccc2c(cnn2-c2cccc(N3CCCNCC3)n2)c1)c1ccc2c(c1)OCCO2)c1ccn[nH]1
c1ccc(-c2ccc3c(CN4CCCCC4)ncn3n2)cc1
O=C(NCC(Oc1ccc2c(cnn2-c2nccc3c2cnn3-c2ccccc2)c1)c1ccc2c(c1)OCCO2)c1c[nH]c(=O)cn1
O=C(Cc1ccccc1)NCC(Oc1ccc2c(cnn2-c2cnn(-c3ccncn3)c2)c1)c1ccc2c(c1)OCCO2
O=C(NCC(Oc1ccc2c(cnn2-c2ccccc2)c1)c1ccncc1)C(Oc1ccc2c(cnn2-c2ccccc2)c1)c1ccccc1
O=C(NCC(Oc1ccc2c(cnn2-c2cn(-c3nccnc3C3CC3)cn2)c1)c1ccc2c(c1)OCCO2)c1ccn[nH]1
O=C(NCC(Oc1ccc2c(cnn2-c2cnc3ncncc3c2)c1)c1ccc2c(c1)OCCO2)c1cc[nH]n1
O=C(NCC(Oc1ccc2c(cnn2-c2cccc(-c3cnccn3)c2)c1)c1ccccc1)C1CCCN1
c1cc2c(cc1COc1ccc3c(cnn3-c3nn[nH]n3)c1)OCCO2
O=C(NCC(Oc1ccc2c(cnn2-c2ccc3nc[nH]c(=O)c3c2)c1)c1ccc2c(c1)OCCO2)c1csc2ccccc12
O=C(NCC(Oc1ccc2c(cnn2-c2cccnc2)c1)c1ccc2c(c1)OCCO2)c1cccnn1
O=C(CNC(=O)C(Oc1ccc2c(cnn2-c2ccccc2)c1)c1cccnc1)Nc1ccccc1
O=C(NCC(Oc1ccc2c(cnn2-c2ccccn2)c1)c1ccc2c(c1)CCO2)C1CC1
O=C(NCC(Oc1ccc2c(cnn2-c2cnc3ncccc3c2)c1)c1cccc2ccccc12)c1cnoc1
O=C1c2cc(-n3ncc4cc(OCc5ccc6c(c5)COC6)ccc43)cn2CCN1C1CCC1
O=C(NCC(Oc1ccc2c(cnn2-c2ncnc3[nH]cnc23)c1)c1ccc2c(c1)OCCO2)c1ccccc1
O=C(NCC(Oc1ccc2c(cnn2-c2ncn[nH]2)c1)c1ccccc1)c1cnn2cccnc12
O=C(NCC(Oc1ccc2c(cnn2-c2cccc(-c3nn[nH]n3)c2)c1)c1ccc2c(c1)OCCO2)c1ccccc1
O=C(NCC(Oc1ccc2c(cnn2-c2cccnc2-c2cccnc2)c1)c1ccc2c(c1)OCCO2)c1ccn[nH]1
O=C(NCC(Oc1ccc2c(cnn2-c2ccc3cnccc3c2)c1)c1ccc2c(c1)OCCO2)c1ccc2ccccc2n1
c1cc2ccnc(-n3ncc4cc(Cc5ccn[nH]5)ccc43)c2cn1
O=C(CC1CC2CCC1C2)NCC(Oc1ccc2c(cnn2-c2ncc3ccncc3n2)c1)c1ccc2c(c1)OCCO2
O=C(NCC(Oc1ccc2c(cnn2-c2ncns2)c1)c1ccc2c(c1)OCCO2)c1ccncc1
c1ccc(-c2nnc(-n3ncc4cc(OCc5ccc6ccncc6n5)ccc43)o2)cc1
O=C(NCC(Oc1ccc2c(cnn2-c2nccc3c2CNC3=O)c1)c1ccccc1)c1cnc2c(c1)CNC2
O=C(NCC(Oc1ccc2c(cnn2-c2cccc(-c3cccnc3)c2)c1)c1ccccc1)c1ccoc1
O=C(NCC(Oc1ccc2c(cnn2-c2ncc3c(n2)CCNC3)c1)c1ccc2c(c1)OCCO2)c1cccs1
O=C(NCC(Oc1ccc2c(cnn2-c2nccc3c2CCNC3)c1)c1ccccc1)c1nncc2ccccc12
O=C(NCC(Oc1ccc2c(cnn2-c2ccccc2)c1)c1ccc2c(c1)OCCO2)c1cnn(-c2ccccc2)n1
O=C(NCC(Oc1ccc2c(cnn2-c2cncnc2)c1)c1ccc2c(c1)OCCO2)c1ccco1
O=C(NCC(Oc1ccc2c(cnn2-c2ccc3c(c2)CCNC3)c1)c1ccsc1)c1cscn1
O=C(NCC(Oc1ccc2c(cnn2-c2ccccc2-c2ncccn2)c1)c1ccc2c(c1)CCN1CCCCOCCC21)C1CC1
O=C(NCC(Oc1ccc2c(cnn2-c2ccccn2)c1)c1ccc2c(c1)OCCO2)c1ccccc1
O=C(NCC(Oc1ccc2c(cnn2-c2cccc(-c3ccncc3)c2)c1)c1ccc2c(c1)OCCO2)c1ccncc1
C1=C2CCC(c3cccs3)N2CCc2nnn(-c3ccccc3)c21
O=C(NCC(Oc1ccc2c(cnn2-c2cncc3cncn23)c1)c1ccc2c(c1)OCCO2)c1cc[nH]n1
O=C(NCC(Oc1ccc2c(cnn2-c2cc3ccncc3cn2)c1)c1ccc2c(c1)OCCCO2)c1cnoc1
O=C(CCc1ccccc1)NCC(Oc1ccc2c(cnn2-c2cn(CC3CC3)nn2)c1)c1ccc2c(c1)OCCCO2
O=C(NCC(Oc1ccc2c(cnn2-c2ccncc2)c1)c1ccccc1)c1cccc(C2CC2)n1
O=C(NCC(Oc1ccc2c(cnn2-c2nccc3c2CN(C2CCCC2)C3)c1)c1ccc2c(c1)OCCO2)c1cnccn1
O=C(NCC(Oc1ccc2c(cnn2-c2cn(Cc3ccccc3)nn2)c1)c1ccc2c(c1)COC2)c1ccn[nH]1
O=C(NCC(Oc1ccc2c(cnn2-c2ncnc3c2CCC3)c1)c1cccnc1)c1ccccc1
O=C(NCC(Oc1ccc2c(cnn2-c2ccccc2)c1)c1ccnnc1)c1ccnnc1
O=C(NCC(Oc1ccc2c(cnn2-c2cncc(-c3ccc4ncnn4c3)c2)c1)c1ccccc1)c1cocn1
O=C(NCC(Oc1ccc2c(cnn2-c2cccc(-c3ccccc3)c2)c1)c1ccc2c(c1)OCCO2)c1ccn[nH]1
O=C(Cn1cccn1)NCC(Oc1ccc2c(cnn2-c2cn3ccsc3n2)c1)c1ccc2c(c1)OCCO2
N=c1cc[nH]c(-n2ncc3cc(OC(CNC(=O)C4CCC4)c4ccc5c(c4)OCCO5)ccc32)n1
c1ccc(-n2ncc3cc(OCc4cn(-c5cccc6c5cnn6-c5ccccc5)nn4)ccc32)cc1
O=C1C=CC2C(=C1)CCC1C2CCC2C(C(=O)CSc3nc4ncccc4o3)CCC21
c1ccc(-c2ccc(-n3ncc4cc(OCc5ccc6c(c5)OCCO6)ccc43)cc2)cc1
O=C(NCCCNc1cccc2cccnc12)C1COC1
O=C(NCC(Oc1ccc2c(cnn2-c2ccccn2)c1)c1ccc2ncccc2c1)C12CNC(C1)C2
O=C(NCC(Oc1ccc2c(cnn2-c2cccc(C3CC3)n2)c1)c1ccccc1)c1cccs1
c1ccc(-n2ncc3c(-n4ncc5cc(OCc6ccc7occc7c6)ccc54)nccc32)cc1
O=C(NCC(Oc1ccc2c(cnn2-c2c[nH]nn2)c1)c1ccccc1)c1cc2ccccc2s1
O=C(NCC(Oc1ccc2c(cnn2-c2cnc3occc3c2)c1)c1ccccc1)c1cnoc1
O=C(NCC(Oc1ccc2c(cnn2-c2ccccn2)c1)c1ccc2c(c1)CCC2)c1ccsc1
O=C(NCC(Oc1ccc2c(cnn2-c2ncc3c(n2)-c2ccccc2CCC3)c1)c1ccccc1)c1cncc2ccccc12
O=C(NCC(Oc1ccc2c(cnn2-c2ncnc3[nH]cnc23)c1)c1ccc2c(c1)OCCCO2)c1ccno1
c1cc(-c2ncno2)cc(-n2ncc3cc(OCc4ccc5c(c4)OCCO5)ccc32)n1
O=C(NCC(Oc1ccc2c(cnn2-c2n[nH]c3c2CCC3)c1)c1ccccc1)c1ccccn1
O=C(NCC(Oc1ccc2c(cnn2-c2ccccc2)c1)c1ccc2c(c1)OCCO2)c1ncon1
O=C(NCC(Oc1ccc2c(cnn2-c2ccncn2)c1)c1cccnc1)c1cccs1
O=C(Nc1ccccc1)ON=Cc1ccc2c(c1)OCCO2
O=C(NCC(Oc1ccc2c(cnn2-c2cccc(N3CCNCC3)c2)c1)c1ccc2c(c1)CCC2)C1CCCCN1
O=C(NCC(Oc1ccc2c(cnn2-c2noc3c2CCC3)c1)c1ccc2c(c1)OCCN2)c1cnoc1
O=C(CCc1ccccc1)NCC(Oc1ccc2c(cnn2-c2ccncn2)c1)c1ccc2c(c1)OCCO2
O=C(NCC(Oc1ccc2c(cnn2-c2cnc3ncncc3c2)c1)c1ccc2c(c1)OCCCO2)c1ccccc1
O=C(NCC(Oc1ccc2c(cnn2-c2ncns2)c1)c1cccnc1)c1cccnc1
O=C(NCC(Oc1ccc2c(cnn2-c2ccccc2)c1)c1ccc2c(c1)OCCO2)c1ccc2c(c1)OCCO2
O=C(NCC(Oc1ccc2c(cnn2-c2[nH]nc3ccncc23)c1)c1ccccc1)c1cccs1
O=C1CCC(C(=O)NCC(Oc2ccc3c(cnn3-c3ncon3)c2)c2ccc3c(c2)OCCO3)CC1
O=c1ocnc2ccccc12
O=C(NCC(Oc1ccc2c(cnn2-c2cccc(N3CCCC3)n2)c1)c1ccc2c(c1)OCCO2)c1ccccn1
O=C(NCC(Oc1ccc2c(cnn2-c2ccc3ncsc3c2)c1)c1ccc2c(c1)OCCCO2)c1ccccn1
O=C(NCC(Oc1ccc2c(cnn2-c2cnc3c(c2)OCCC3)c1)c1ccc2c(c1)OCCO2)c1cnn2c1NCCC2
O=C(NCC(Oc1ccc2c(cnn2-c2ncnc3[nH]cnc23)c1)c1ccc2[nH]ccc2c1)c1nnco1
O=C(NCC(Oc1ccc2c(cnn2-c2ccc3cnncc3c2)c1)c1ccc2c(c1)OCCO2)c1cccc2ccncc12
c1cc(C2CCNCC2)nc(-n2ncc3cc(OCc4ccc5c(c4)OCCO5)ccc32)c1
c1cc(-c2ccc(-n3ncc4cc(OCc5ccc6c(c5)OCCO6)ccc43)nn2)c2cnncc2c1
O=C(Cn1ccc2ccccc21)NCC(Oc1ccc2c(cnn2-c2cn[nH]c2)c1)c1ccc2c(c1)OCCO2
c1cncc(-n2nccc2-n2ncc3cc(OCc4ccco4)ccc32)c1
O=C(NCC(Oc1ccc2c(cnn2-c2nccs2)c1)c1ccc2c(c1)OCCO2)c1cccnc1
O=C(NCC(Oc1ccc2c(cnn2-c2ccccn2)c1)c1ccccc1)c1nnc2ccccn2c1=O
O=C(NCC(Oc1ccc2c(cnn2-c2cc(-n3cnc4ccccc43)nc(N3CCOCC3)n2)c1)c1ccccc1)c1cnoc1
O=C(NCC(Oc1ccc2c(cnn2-c2ccc3c(c2)CCS3(=O)=O)c1)c1ccc2c(c1)OCCO2)C1CCCNC1
O=C(NCC(Oc1ccc2c(cnn2-c2ccc3ccccc3c2)c1)c1ccc2c(c1)CCC2)c1cnc2[nH]ncc2c1
O=C(COc1ccccc1)NCC(Oc1ccc2c(cnn2-c2cc[nH]c2)c1)c1ccc2ccncc2c1
O=C(NCC(Oc1ccc2c(cnn2-c2cccc(N3CCCC3)n2)c1)c1ccc2c(c1)OCCO2)C1CCC1
c1ccc(-n2nccn2)c(-n2cc3ccccc3n2)c1
c1ccc2c(-n3ncc4cc(OCc5ccc6nccnc6c5)ccc43)n[nH]c2c1
N=c1[nH]cc(C(=O)NCC(Oc2ccc3c(cnn3-c3cnc4cc[nH]c4c3)c2)c2ccc3c(c2)OCCO3)o1
O=C(NCC(Oc1ccc2c(cnn2-c2cnoc2)c1)c1ccc2c(c1)OCCO2)c1ccno1
O=C(NCC(Oc1ccc2c(cnn2-c2ncnc3[nH]ccc23)c1)c1ccc2c(c1)OCCO2)C1CCCNC1
O=C(NCC(Oc1ccc2c(cnn2-c2ncccn2)c1)c1ccc2c(c1)OCCO2)c1cccnc1
O=C(NCC(Oc1ccc2c(cnn2-c2nccc3c2CCN(Cc2nccs2)C3)c1)c1ccc2ccccc2c1)c1ccn[nH]1
O=C(NCC(Oc1ccc2c(cnn2-c2cccc(-n3ncc4c3CCCC4)c2)c1)c1ccc2c(c1)OCCO2)C1CCC1
O=C(NCC(Oc1ccc2c(cnn2-c2nccc3c2CCNC3)c1)c1ccc2c(c1)OCCO2)c1cnccn1
O=C(NCC(Oc1ccc2c(cnn2-c2cc3c(cn2)COCC3)c1)c1ccc2c(c1)OCCCO2)c1cnco1
O=C(NCC(Oc1ccc2c(cnn2-c2cccc(-c3cccc4cc[nH]c34)c2)c1)c1ccccc1)c1cncs1
c1ccc(-n2c3ccncc3c3c[nH]c(=Nc4ccc(N5CCC(N6CCCCC6)CC5)cn4)nc32)cc1
O=C(NCC(Oc1ccc2c(cnn2-c2nnc(N3CCCC3)o2)c1)c1ccc2ccccc2c1)c1ccn[nH]1
O=C(NCC(Oc1ccc2c(cnn2-c2ccncc2)c1)c1ccc2c(c1)OCCO2)c1ccsc1
O=C(Cc1ccc2c(c1)CCCC2)NCC(Oc1ccc2c(cnn2-c2ccc3c[nH]nc3c2)c1)c1ccc2c(c1)OCCO2
c1ccc2nc(-n3ncc4cc(OCc5ccc6c(c5)OCCO6)ccc43)cnc2c1
O=C(NCC(Oc1ccc2c(cnn2-c2cccc(N3CCCC3)n2)c1)c1ccc2c(c1)OCCO2)c1cccnc1
O=C(NCC(Oc1ccc2c(cnn2-c2cc3occc3cn2)c1)c1ccc2c(c1)OCCO2)c1c[nH]c(=O)[nH]1
c1cc(-n2ccnc2)cc(-n2ncc3cc(OCc4ccc5c(c4)OCCO5)ccc32)c1
O=C(CCc1ccc2c(c1)OCCO2)NCC(Oc1ccc2c(cnn2-c2ncccn2)c1)c1ccc2c(c1)OCCCO2
O=C(NCC(Oc1ccc2c(cnn2-c2ccc(N3CCCC3)nc2)c1)c1ccccc1)c1csnn1
O=C(c1ccccc1)N1CCn2nc(-n3nnc4ccccc43)cc2C1
O=C(NCC(Oc1ccc2c(cnn2-c2ccc(-c3cnco3)cc2)c1)c1ccc2c(c1)OCCO2)c1ccn[nH]1
O=C(Cc1cccc2ccccc12)NCC(Oc1ccc2c(cnn2-c2ccncn2)c1)c1ccc2c(c1)OCCO2
O=C(NCC(Oc1ccc2c(cnn2-c2ccnc(C3CC3)n2)c1)c1ccccc1)c1csnn1
O=C(NCC(Oc1ccc2c(cnn2-c2ccc(=O)[nH]c2)c1)c1ccc2c(c1)OCCO2)c1ccn[nH]1
O=C(NCC(Oc1ccc2c(cnn2-c2ccn3nccc3c2)c1)c1ccc2c(c1)OCCO2)c1ccsc1
O=C(NCC(Oc1ccc2c(cnn2-c2ncn[nH]2)c1)c1ccc2c(c1)OCCO2)c1cccnc1
O=C(Cc1cccs1)NCC(Oc1ccc2c(cnn2-c2ncnc3sccc23)c1)c1ccc2c(c1)OCCN2
O=C(NCC(Oc1ccc2c(cnn2-c2ccn3nccc3n2)c1)c1ccc2c(c1)OCCO2)C1CC1
O=C(NCC(Oc1ccc2c(cnn2-c2cnn(-c3cncnc3)c2)c1)c1cnco1)c1cnco1
c1cc2c(cc1COc1ccc3c(cnn3-c3nc(-c4cn[nH]c4)n[nH]3)c1)OCCO2
O=C(Cc1ccsc1)NCC(Oc1ccc2c(cnn2-c2ccccc2-c2ccn[nH]2)c1)c1ccc2c(c1)CCC2
O=C(NCC(Oc1ccc2c(cnn2-c2nnn(CC3CCOCC3)n2)c1)c1ccc2c(c1)OCCO2)C1CCC1
N=c1[nH]n2cccnc2c1C(=O)NCC(Oc1ccc2c(cnn2-c2ccccc2)c1)c1ccccc1
O=C(NCC(Oc1ccc2c(cnn2-c2ccc3nncn3c2)c1)c1ccc2c(c1)OCCCO2)c1ccncc1
O=C(NCC(Oc1ccc2c(cnn2-c2cccc(N3CCCCC3)n2)c1)c1ccccc1)c1cc[nH]n1
O=C(NCC(Oc1ccc2c(cnn2-c2cccc3c2cnn3-c2cncnc2)c1)c1ccc2c(c1)OCCN2)c1cnoc1
O=C(NCC(Oc1ccc2c(cnn2-c2cc(C3CC3)ncn2)c1)c1ccc2c(c1)OCCN2)C1CCC1
O=C(NCC(Oc1ccc2c(cnn2-c2c[nH]cn2)c1)c1ccccc1)c1cnn(-c2ccccc2)c1
O=C(NCC(Oc1ccc2c(cnn2-c2nccc3ncccc23)c1)c1ccc2c(c1)OCCO2)c1ccccc1
O=C(NCC(Oc1ccc2c(cnn2-c2ccnc(N3CCCC3)n2)c1)c1cccnc1)c1cnoc1
O=C(CCc1ccnnc1)NCC(Oc1ccc2c(cnn2-c2ccccc2-c2ccncn2)c1)c1ccccc1
O=C(NCC(Oc1ccc2c(cnn2-c2ncnc3ccsc23)c1)c1ccco1)c1cnoc1
O=C(NCC(Oc1ccc2c(cnn2-c2csc3ccccc23)c1)c1ccc2c(c1)OCCCO2)c1ccncc1
O=C(NCC(Oc1ccc2c(cnn2-c2ncnc3c2CCC3)c1)c1ccccc1)c1c[nH]c2ccncc12
O=C(NCC(Oc1ccc2c(cnn2-c2cc(N3CCCC3)ncn2)c1)c1ccccc1)c1ccccc1
O=C(NCC(Oc1ccc2c(cnn2-c2c[nH]nn2)c1)c1ccc2c(c1)CCC2)c1cnccn1
O=C(NCC(Oc1ccc2c(cnn2-c2ccc3ncnn3c2)c1)c1ccccc1)C1(c2ccccc2)CC1
O=C(NCC(Oc1ccc2c(cnn2-c2ccccc2)c1)c1ccccc1)c1noc2c1CCCC2
O=C(NCC(Oc1ccc2c(cnn2-c2ccn[nH]2)c1)c1ccc2c(c1)OCCO2)c1ccncc1
O=C(COc1ccc2[nH]ncc2c1)NCC(Oc1ccc2c(cnn2-c2ccn[nH]2)c1)c1ccccc1
O=C(NCC(Oc1ccc2c(cnn2-c2cc3cnccc3o2)c1)c1cccnc1)C1CCCN1
O=C(NCC(Oc1ccc2c(cnn2-c2ccc3cn[nH]c3c2)c1)c1ccc2c(c1)CCO2)C1CCCCC1
O=C(NCC(Oc1ccc2c(cnn2-c2cccc(N3CCOCC3)n2)c1)c1ccccc1)c1ccsn1
O=C(NCC(Oc1ccc2c(cnn2-c2ccccn2)c1)c1ccc2c(c1)OCCO2)c1cccc2c1cnn2-c1ccco1
O=C(NCC(Oc1ccc2c(cnn2-c2ccccn2)c1)c1ccc2c(c1)OCCO2)c1cnc[nH]1
c1ccc(-n2ncc3cc(OCc4cc5ccccc5n4-c4ccccc4)ccc32)cc1
O=C(NCC(Oc1ccc2c(cnn2-c2coc3ccccc23)c1)c1ccc2c(c1)OCCO2)C1CCC1
O=C(NCC(Oc1ccc2c(cnn2-c2cc3c(s2)CCCCC3)c1)c1ccc2c(c1)OCCO2)c1cnoc1
O=C(Cn1cc2ccccc2c1)NCC(Oc1ccc2c(cnn2-c2cnc3[nH]ncc3c2)c1)c1ccc2c(c1)OCCO2
O=C(NCC(Oc1ccc2c(cnn2-c2nccc3c2CNCC3)c1)c1ccc2c(c1)CCC2)c1c[nH]cn1
O=C(NCC(Oc1ccc2c(cnn2-c2nccc3c2CCN(Cc2ccccn2)C3)c1)c1ccc2c(c1)OCCO2)c1cccc2[nH]ncc12
O=C(NCC(Oc1ccc2c(cnn2-c2cnn(-c3ccn[nH]3)c2)c1)c1ccccc1)c1cccs1
O=C(NCC(Oc1ccc2c(cnn2-c2ccc3[nH]cnc3c2)c1)c1ccc2c(c1)CCC2)c1cncs1
O=C(NCC(Oc1ccc2c(cnn2-c2cnc3nc(N4CCOCC4)ncc3c2)c1)c1ccc2c(c1)OCCO2)c1cccs1
O=C(COc1ccccc1)N1CCc2cc(COc3ccc4c(cnn4-c4cncnc4)c3)ccc2C1
O=C(NCC(Oc1ccc2c(cnn2-c2ncnc3[nH]nnc23)c1)c1ccc2c(c1)OCCO2)c1ccccn1
O=C(NCC(Oc1ccc2c(cnn2-c2cc(-c3ccccc3)no2)c1)c1ccccc1)c1ccnnc1
C1=C2CCC3C4CCCC4CCC3C(C1)Cc1cnn(-c3ccccc3)c12
c1cnn(-c2ccc(-n3ncc4cc(OCc5ccc6c(c5)OCCCO6)ccc43)nc2)n1
O=C(NCC(Oc1ccc2c(cnn2-c2cnc3[nH]ncc3c2)c1)c1ccccc1)C1CCN1
O=C(NCC(Oc1ccc2c(cnn2-c2cncc(-c3ccsc3)c2)c1)c1ccc2c(c1)OCCCO2)c1ccccc1
O=C(NCC(Oc1ccc2c(cnn2-c2nnco2)c1)c1ccccc1)c1ccc(-c2cncnc2)s1
O=C(NCC(Oc1ccc2c(cnn2-c2cscn2)c1)c1ccccc1)c1cocn1
O=C(NCC(Oc1ccc2c(cnn2-c2ccccc2-c2nc(-n3cccc3)co2)c1)c1ccc2c(c1)OCCO2)c1ccoc1
O=C(NCC(Oc1ccc2c(cnn2-c2cccc(N3CCNCC3)n2)c1)c1ccccc1)c1cnon1
O=C(NCC(Oc1ccc2c(cnn2-c2ccccc2)c1)c1ccccc1)c1cnoc1
c1ccc2c(-c3ccc4c(cnc5sccc54)c3)[nH]nc2c1
O=C(NCC(Oc1ccc2c(cnn2-c2nnn[nH]2)c1)c1ccc2c(c1)OCCO2)c1ccncc1
O=C(Cc1ccccc1)NCC(Oc1ccc2c(cnn2-c2ccc(-c3ccccc3)nn2)c1)c1ccc2c(c1)OCCO2
O=C(NCC(Oc1ccc2c(cnn2-c2cn[nH]c2)c1)c1ccc2c(c1)OCCO2)c1ccc[nH]1
O=C(NCC(Oc1ccc2c(cnn2-c2cnc3ccccc3c2)c1)c1ccc2c(c1)OCCO2)c1cnoc1
O=C(NCC(Oc1ccc2c(cnn2-c2nnn[nH]2)c1)c1ccc2c(c1)OCCO2)c1ncn[nH]1
O=C(NCC(Oc1ccc2c(cnn2-c2cn[nH]c2)c1)c1ccc2c(c1)OCCCO2)c1cc2ccccc2o1
c1cc(-c2cncnc2)cc(-c2cccc3c2OCC3)c1
c1ccc(-c2ccnc(-n3ncc4cc(OCc5ccc6c(c5)OCCO6)ccc43)n2)cc1
O=C(NCC(Oc1ccc2c(cnn2-c2ncnc3ccccc23)c1)c1ccc2c(c1)CCO2)c1cnoc1
O=C(NCC(Oc1ccc2c(cnn2-c2cc(C3CC3)ncn2)c1)c1ccccn1)c1cccs1
c1ccc(CN2CCc3ccc(COc4ccc5c(cnn5-c5ccccc5)c4)cc3CC2)cc1
O=C(NCC(Oc1ccc2c(cnn2-c2cnc3c(c2)SCCO3)c1)c1ccc2c(c1)OCCO2)c1cccnc1
O=C(NCC(Oc1ccc2c(cnn2-c2cccnn2)c1)c1ccc2c(c1)OCCO2)c1cccc(-n2nccn2)c1
O=C(NCC(Oc1ccc2c(cnn2-c2cccc3cc[nH]c23)c1)c1ccc2c(c1)OCCC2)c1cncn(Cc2ccccc2)c1=O
O=C(NCC(Oc1ccc2c(cnn2-c2cnc3n[nH]cc3c2)c1)c1ccc2c(c1)OCCO2)c1cocn1
c1ccc(-c2ncc(-n3ncc4cc(OCc5ccc6c(c5)OCCO6)ccc43)nn2)cc1
O=c1ccc(-c2cncnc2-n2ncc3cc(OCc4ccc5ccccc5c4)ccc32)c[nH]1
O=C(NCC(Oc1ccc2c(cnn2-c2ccon2)c1)c1ccc2c(c1)OCCCO2)C1COc2ccccc2O1
O=C(NCC(Oc1ccc2c(cnn2-c2ccc3ocnc3c2)c1)c1ccc2c(c1)CCC2)c1cnc[nH]1
O=C(NCC(Oc1ccc2c(cnn2-c2ccc3c(c2)CCC3)c1)c1ccc2c(c1)OCCO2)c1ccc(-n2cccn2)s1
O=C(NCC(Oc1ccc2c(cnn2-c2ncnc3c2cnn3-c2ccccc2)c1)c1ccccc1)c1csnn1
O=C(NCC(Oc1ccc2c(cnn2-c2ccc(-n3ccnc3)cc2)c1)c1ccc2c(c1)OCCO2)C1CCC1
c1ccc(-n2ncc3cc(OCc4ccc5c(c4)OCCO5)ccc32)nc1
O=C(NCCCNCCc1cccc2c1OCCC2)c1ccc2[nH]ncc2c1
O=C(NCC(Oc1ccc2c(cnn2-c2cccnc2)c1)c1ccc2c(c1)OCC2)c1cc[nH]n1
O=C(NCC(Oc1ccc2c(cnn2-c2ccc(-n3ccnc3)cn2)c1)c1ccc2c(c1)OCCO2)c1cccc2ccccc12
c1ccc(-n2ncc3c(NCc4cccnc4)cccc32)cc1
O=C(NCC(Oc1ccc2c(cnn2-c2cc3c(cn2)N(Cc2ccccc2)CC3)c1)c1ccc2c(c1)OCCO2)c1cnoc1
O=C(NCC(Oc1ccc2c(cnn2-c2nc3ccccc3s2)c1)c1ccc2c(c1)CCO2)c1ccncc1
O=C(NCC(Oc1ccc2c(cnn2-c2cn(Cc3ccccc3)nn2)c1)c1ccc2c(c1)OCCO2)c1ccccc1
O=C(Cc1ccccc1)NCC(Oc1ccc2c(cnn2-c2cc3ccccc3cn2)c1)c1ccccc1
O=C(CCc1ccccc1)NCC(Oc1ccc2c(cnn2-c2ncnc3ccccc23)c1)c1ccc2c(c1)CCC2
O=C(NCC(Oc1ccc2c(cnn2-c2cccnc2)c1)c1ccc2c(c1)OCCO2)c1ccc[nH+]c1
O=C(NCC(Oc1ccc2c(cnn2-c2cccnc2)c1)c1ccccc1)c1c[nH]c2ccccc12
O=C(Cc1ccccc1)NCC(Oc1ccc2c(cnn2-c2cccc(-c3nnco3)c2)c1)c1ccc2c(c1)OCCO2
O=C(NCC(Oc1ccc2c(cnn2-c2cnc3n[nH]cc3c2)c1)c1ccccc1)c1cncs1
O=C(NCC(Oc1ccc2c(cnn2-c2ccccc2)c1)c1ccc2c(c1)CCC2)c1ccn[nH]1
O=C(NCC(Oc1ccc2c(cnn2-c2ncccn2)c1)c1ccc2c(c1)CCC2)c1ccnnc1
O=C(C[NH2+]Cc1ccccc1)Nc1ccccc1
O=C(Cc1ccccc1)NCC(Oc1ccc2c(cnn2-c2ccc3o[nH]c(=O)c3c2)c1)c1ccc2c(c1)OCCO2
O=C(NCC(Oc1ccc2c(cnn2-c2cn[nH]c2-c2ccccc2)c1)c1ccccc1)C1CCCC1
O=C(Cc1ccccc1)NCC(Oc1ccc2c(cnn2-c2ccccc2)c1)c1cnc2ccc(-n3ccnc3)cc2n1
O=C(NCC(Oc1ccc2c(cnn2-c2nn[nH]n2)c1)c1ccccc1)c1nncc2ccccc12
O=C(NCC(Oc1ccc2c(cnn2-c2nccnc2C2CCNCC2)c1)c1ccccc1)c1cocn1
O=C(NCC(Oc1ccc2c(cnn2-c2nccc3c2cnn3-c2cccnc2)c1)c1ccc2c(c1)OCCO2)c1ccno1
O=C(NCC(Oc1ccc2c(cnn2-c2cc[nH]n2)c1)c1ccc2c(c1)OCCO2)c1cccs1
O=C(NCC(Oc1ccc2c(cnn2-c2cncc(N3CCCC3)n2)c1)c1ccsc1)c1ccn[nH]1
O=C(NCC(Oc1ccc2c(cnn2-c2cccc3c2OCC3)c1)c1ccc2c(c1)OCCO2)c1ccc2cc[nH]c2c1
c1cncc(-c2nnc(-n3ncc4cc(OCc5ccc6c(c5)OCCO6)ccc43)o2)c1
O=C(NCC(Oc1ccc2c(cnn2-c2cccc(C3CC3)n2)c1)c1ccccc1)c1cnn(-c2ccco2)c2cccc1-2
O=C(NCC(Oc1ccc2c(cnn2-c2ccc3c(c2)CCO3)c1)c1ncccn1)c1cocn1
O=C(NCC(Oc1ccc2c(cnn2-c2ncc3ccccc3n2)c1)c1ccccc1)c1cncnc1
O=C(c1ccc2c(c1)OCC2)N1CCc2ccc(COc3ccc4c(cnn4-c4ccccn4)c3)cc2CC1
c1cc2ncc(-n3ncc4cc(OCc5ccc6c(c5)OCCO6)ccc43)cc2cn1
O=C(NCC(Oc1ccc2c(cnn2-c2cnc3nc[nH]c3c2)c1)c1ccc2c(c1)OCCO2)c1ncc[nH]1
O=C(NCC(Oc1ccc2c(cnn2-c2ccc3cncnc3n2)c1)c1ccc2c(c1)OCCCO2)c1csnn1
c1ccc2c(OCc3ccc4c(c3)OCCCO4)nncc2c1
O=C(NCC(Oc1ccc2c(cnn2-c2nccc3c2CCC3)c1)c1ccccc1)C1(c2ccccn2)CC1
c1cncc(-c2cccc3cccnc23)c1
c1nc(-n2ncc3cc(-c4cnn(C5CC5)c4)ccc32)c2cc[nH]c2n1
O=C(CCc1ccccc1)NCC(Oc1ccc2c(cnn2-c2nccc3ccccc23)c1)c1ccc2c(c1)OCCO2
O=C(NCC(Oc1ccc2c(cnn2-c2ccnc(N3CCOCC3)n2)c1)c1ccc2c(c1)OCCO2)c1ccon1
O=C(NCC(Oc1ccc2c(cnn2-c2ccccc2)c1)c1cnsn1)c1csnn1
O=C(NCC(Oc1ccc2c(cnn2-c2c[nH]nn2)c1)c1ccc2c(c1)OCCO2)c1cncc2ccccc12
O=C(NCC(Oc1ccc2c(cnn2-c2n[nH]c3ncncc23)c1)c1ccccc1)c1ccncc1
O=C(Cc1ccsc1)NCC(Oc1ccc2c(cnn2-c2ccccn2)c1)c1ccc2c(c1)OCCO2
O=C(NCC(Oc1ccc2c(cnn2-c2cccnc2)c1)c1ccc2c(c1)OCCO2)c1ccncc1
O=C(NCC(Oc1ccc2c(cnn2-c2ccnc(N3CCCC3)n2)c1)c1ccc2c(c1)OCCO2)c1nnc(-c2ccccc2)o1
c1ccc(-n2cc(-n3ncc4cc(OCc5ccc6c(c5)OCCO6)ccc43)nn2)cc1
N=c1[nH]onc1-n1ncc2cc(OC(CNC(=O)C3CCOCC3)c3ccccc3)ccc21
c1cc(N2CCOCC2)nc(-n2ncc3cc(OCc4ccc5c(c4)OCCO5)ccc32)c1
O=C(NCC(Oc1ccc2c(cnn2-c2ccc3c(c2)CNC3=O)c1)c1ccc2c(c1)CCC2)c1ccsc1
O=C(NCC(Oc1ccc2c(cnn2-c2ccc(-n3cccn3)cc2)c1)c1ccc2c(c1)OCCO2)c1cnoc1
O=S(=O)(NCCNc1cccc2c1cnn2-c1ccccc1)c1csc2ncccc12
O=C(NCC(Oc1ccc2c(cnn2-c2ccc3c(cnn3-c3cccnc3)c2)c1)c1ccc2sccc2c1)c1cscn1
c1ccc2c(OCC(Oc3ccc4c(cnn4-c4cnc5ccccn45)c3)c3ccc4c(c3)OCCN4)cccc2c1
c1cc(-n2ncc3cc(OCc4ccc5c(c4)CN(Cc4cc[nH]n4)C5)ccc32)ccn1
O=C(NCC(Oc1ccc2c(cnn2-c2ccnn2-c2ccccc2)c1)c1ccc2c(c1)OCCO2)c1ccccc1
c1cc2c(cc1COc1ccc3c(cnn3-c3cc4c(cn3)cnn4-c3ccc(N4CCCC4)nc3)c1)OCCO2
c1cnc2cc(COc3ccc4c(cnn4-c4cn(-c5cn[nH]c5)cn4)c3)ccc2n1
c1ccc(-c2cccc(-n3ncc4cc(OCc5ccc6c(c5)OCCO6)ccc43)c2)cc1
O=C(NCC(Oc1ccc2c(cnn2-c2cnc3cnccn23)c1)c1ccc2c(c1)OCCO2)c1csnn1
O=C(NCC(Oc1ccc2c(cnn2-c2nccc3c[nH]nc23)c1)c1ccc2c(c1)OCCO2)c1ccn[nH]1
O=C(NCC(Oc1ccc2c(cnn2-c2ccccn2)c1)c1ccc2c(c1)OCCO2)c1cnc[nH]1
O=C(NCC(Oc1ccc2c(cnn2-c2cnoc2)c1)c1ccc2c(c1)OCCO2)c1c[nH][nH]c1=O
O=C(NCC(Oc1ccc2c(cnn2-c2ncccn2)c1)c1ccc2c(c1)OCCO2)c1cccs1
O=C(NCC(Oc1ccc2c(cnn2-c2coc(-c3ccccc3)n2)c1)c1ccccc1)c1csnn1
O=C(NCC(Oc1ccc2c(cnn2-c2cccc(-c3ccn[nH]3)c2)c1)c1ccccc1)c1cnn2c1CCCC2
O=C(NCC(Oc1ccc2c(cnn2-c2ccccc2)c1)c1ccc2c(c1)OCCCO2)c1cnns1
O=C(NCC(Oc1ccc2c(cnn2-c2cnc3c(c2)CCC3)c1)c1ncco1)C1CCC1
O=C(NCC(Oc1ccc2c(cnn2-c2ccc3c(c2)CCNC3)c1)c1ccc2c(c1)OCCO2)c1csnn1
O=C(NCC(Oc1ccc2c(cnn2-c2cccc3cncnc23)c1)c1ccc2c(c1)OCCO2)c1ccoc1
O=C(NCC(Oc1ccc2c(cnn2-c2cnn(C3CCCCC3)c2)c1)c1ccccc1)c1cncs1
O=C(NCC(Oc1ccc2c(cnn2-c2ncnn2-c2ccccc2)c1)c1ccc2cccnc2c1)c1cc[nH]n1
O=C(NCC(Oc1ccc2c(cnn2-c2ccc3cncn3c2)c1)c1ccc2c(c1)OCCO2)c1cnc2[nH]ncc2c1
O=C(NCC(Oc1ccc2c(cnn2-c2cc(C3CC3)ncn2)c1)c1ccc2c(c1)CCC2)c1c[nH]cn1
O=C(NCC(Oc1ccc2c(cnn2-c2ncc3ccccc3n2)c1)c1ccc2c(c1)OCCO2)c1ccccc1
O=C(NCC(Oc1ccc2c(cnn2-c2ncon2)c1)c1ccc2c(c1)CCC2)c1ccc(N2CCOCC2)nn1
O=C(NCC(Oc1ccc2c(cnn2-c2ccc3c[nH]cc3c2)c1)c1cccnc1)c1ccccn1
O=C(NCC(Oc1ccc2c(cnn2-c2[nH]nc3cccnc23)c1)c1ccccc1)c1cnon1
O=C(NCC(Oc1ccc2c(cnn2-c2cn(CC3CC3)nn2)c1)c1ccccc1)c1cccnc1
O=C(c1ccc(-c2ccccc2)o1)n1cccn1
O=C(NCC(Oc1ccc2c(cnn2-c2n[nH]cc2CN2CCCC2)c1)c1ccncc1)C1CCCCC1
O=C(NCC(Oc1ccc2c(cnn2-c2cccc(-c3ccco3)c2)c1)c1ccc2c(c1)OCCO2)c1cnoc1
O=C(NCC(Oc1ccc2c(cnn2-c2cc(N3CCOCC3)ccn2)c1)c1ccc2c(c1)OCCCO2)c1cncs1
O=C(NCC(Oc1ccc2c(cnn2-c2ccc3ncccc3n2)c1)c1ccc2c(c1)OCCO2)c1ncns1
O=C(NCC(Oc1ccc2c(c1)ncn2-c1ccc2c(c1)CCNCC2)c1ccccc1)c1c[nH]nn1
O=C(NCC(Oc1ccc2c(cnn2-c2cnc3cnccc3n2)c1)c1ccco1)C1(c2ccccc2)CCCC1
O=S(=O)(NCCNc1cccc2c1cnn2-c1cccc(-c2ccccc2)c1)c1cn[nH]c1
O=C(NCC(Oc1ccc2c(cnn2-c2ccnc(N3CCOCC3)n2)c1)c1ccc2c(c1)OCCCO2)c1ccc[nH]1
c1cc(-n2ncc3cc(OCc4ccc5c(c4)OCCN5)ccc32)ncn1
O=C(NCC(Oc1ccc2c(cnn2-c2cccc(-n3cncn3)c2)c1)c1ccccc1)c1cnn(-c2ccccc2)c1
O=C(NCC(Oc1ccc2c(cnn2-c2cccnn2)c1)c1ccccc1)c1nnco1
O=C(NCC(Oc1ccc2c(cnn2-c2ccccc2)c1)c1ccc2c(c1)CCC2)C1CCC1
O=C(CCc1ccccc1)NCC(Oc1ccc2c(cnn2-c2cncc(-c3cn[nH]c3)c2)c1)c1ccc2c(c1)OCCO2
O=C(NCC(Oc1ccc2c(cnn2-c2cn(-c3ccccc3)nn2)c1)c1ccc2ncccc2c1)C1CC1
O=C(NCC(Oc1ccc2c(cnn2-c2nccc(-c3ccn[nH]3)n2)c1)c1ccc2c(c1)OCCO2)c1ccc2c(c1)OCCO2
O=C(Nc1ccc(-n2nnc3ccccc32)cc1)NC1Cc2ccccc2C1
O=C(NCC(Oc1ccc2c(cnn2-c2ccc3c(c2)CCN3)c1)c1ccc2c(c1)OCCO2)c1cccc2ccccc12
O=C(Cc1ccccc1)NCC(Oc1ccc2c(cnn2-c2cnn(-c3cncnc3)c2)c1)c1cccnc1
O=C(NCC(Oc1cnc2c(cnn2-c2ccncc2)c1)c1ccc2c(c1)OCCO2)c1n[nH]c2ccccc12
C1CCCCC1
O=C(NCC(Oc1ccc2c(cnn2-c2ccccc2-c2cncnc2)c1)c1ccc2c(c1)OCC2)C1CCCCC1
O=C(NCC(Oc1ccc2c(cnn2-c2cnc3cnccc3c2)c1)c1ccc2c(c1)CCO2)c1cnc2ccccn12
O=C(NCC(Oc1ccc2c(cnn2-c2nn[nH]n2)c1)c1ccccc1)c1ncns1
O=C(NCC(Oc1ccc2c(cnn2-c2cn(CCN3CCC3)nn2)c1)c1ccccc1)c1cncs1
O=C(NCC(Oc1ccc2c(cnn2-c2nnco2)c1)c1ccc2c(c1)CCC2)c1nnc(-c2ccccc2)o1
c1ccc2[nH]cnc2c1
O=C(Oc1ccc2c(cnn2-c2ccc3nonc3c2)c1)c1ccccn1
O=C(NCC(Oc1ccc2c(cnn2-c2cccc(-c3ccccn3)c2)c1)c1ccc2c(c1)OCCO2)C1CC1
O=C(NCC(Oc1ccc2c(cnn2-c2cncc(C3COC3)n2)c1)c1ccc2c(c1)OCCO2)c1ccoc1
O=C(NCC(Oc1ccc2c(cnn2-c2cncc3cc[nH]c23)c1)c1ccccc1)c1cc2ccccc2s1
O=C(NCC(Oc1ccc2c(cnn2-c2ccc3ccccc3n2)c1)c1ccco1)C1COCCO1
N=c1cc[nH]c(-n2ncc3cc(OC(CNC(=O)c4cncs4)c4ccc5c(c4)OCCC5)ccc32)n1
N=c1[nH][nH]cc1-c1cc(-n2ncc3cc(OC(CNC(=O)c4ccccc4)c4ccccc4)ccc32)ncn1
O=C(NCC(Oc1ccc2c(cnn2-c2cccc(N3CCCCC3)n2)c1)c1ccc2c(c1)OCCO2)C1CCC1
O=C(NCC(Oc1ccc2c(cnn2-c2ccc3sccc3n2)c1)c1ccc2c(c1)CCC2)C1CNC1
O=C(NCC(Oc1ccc2c(cnn2-c2cc3ccccc3cn2)c1)c1ccc2c(c1)OCCO2)c1nn[nH]n1
O=C(NCC(Oc1ccc2c(cnn2-c2cccc(N3CCNCC3)n2)c1)c1ccc2c(c1)OCCCO2)c1nccs1
O=C(NCC(Oc1ccc2c(cnn2-c2ccc3c(c2)CCC3)c1)c1ccccc1)c1ccn[nH]1
O=C(NCC(Oc1ccc2c(cnn2-c2cccc(C3CC3)n2)c1)c1ccc2c(c1)OCCO2)c1ccccc1
O=C(NCC(Oc1ccc2c(cnn2-c2cccc(N3CCCC3)n2)c1)c1ccc2c(c1)OCCO2)c1cocn1
O=C(NCC(Oc1ccc2c(cnn2-c2cccnn2)c1)c1ccc2c(c1)OCCO2)c1cnc2ccccn12
c1cc(COc2ccc3c(cnn3-c3cncc(N4CCOCC4)n3)c2)ncn1
O=C(NCC(Oc1ccc2c(cnn2-c2ccc(-c3ccccc3)cc2)c1)c1ccc2c(c1)OCCO2)c1cnoc1
O=C(NCC(Oc1ccc2c(cnn2-c2ncnc3[nH]cnc23)c1)c1ccc2c(c1)CCC2)c1ccc2ccoc2c1
O=C(Cc1cccc2ccccc12)NCC(Oc1ccc2c(cnn2-c2ccc3nccnc3c2)c1)c1ccc2c(c1)OCCO2
O=C(NCC(Oc1ccc2c(cnn2-c2ccc3c(cnn3-c3ccccc3)c2)c1)c1ccc2c(c1)OCCO2)c1cnc2ccccc2c1
O=C(CNC(=O)c1ccncc1)Nc1ccc2oc3ccccc3c2c1
O=C(NCC(Oc1ccc2c(cnn2-c2ccccn2)c1)c1ccccc1)c1ccn[nH]1
O=C(NCC(Oc1ccc2c(cnn2-c2cnc3cccnn23)c1)c1ccc2c(c1)OCCO2)c1cccs1
O=C(NCC(Oc1ccc2c(cnn2-c2ncnc3c2CCC3)c1)c1ccc2c(c1)CCO2)c1cccs1
c1nc2ccc(-n3ncc4cc(OCc5ccc6c(c5)OCCO6)ccc43)cc2[nH]1
O=C(NCC(Oc1ccc2c(cnn2-c2cccc(-c3ccccc3)c2)c1)c1ccc2c(c1)CCO2)C1CCC1
O=C(NCC(Oc1ccc2c(cnn2-c2ccccc2)c1)c1ccccc1)c1ccccc1
O=C(NCC(Oc1ccc2c(cnn2-c2ccncn2)c1)c1ccc2c(c1)OCCC2)c1cocn1
O=C(NCC(Oc1ccc2c(cnn2-c2ccc3c(c2)CCC3)c1)c1ccccc1)c1cnn(-c2ccccc2)c1
O=C(NCC(Oc1ccc2c(cnn2-c2ccccc2)c1)c1ccccc1)c1cccc2cccnc12
O=C(NCC(Oc1ccc2c(cnn2-c2ncnc3cc[nH]c23)c1)c1ccccc1)c1cocn1
O=C(NCC(Oc1ccc2c(cnn2-c2cc(-c3cnn(CC4CCCC4)c3)on2)c1)c1ccc2c(c1)OCCO2)C1CCCOC1
c1cncc(CN2CCOc3cc(COc4ccc5c(cnn5-c5nccc6cncnc56)c4)ccc32)c1
O=C(NCC(Oc1ccc2c(cnn2-c2cccnc2)c1)c1ccc2c(c1)OCCO2)c1ccco1
c1cc2oc(-n3ncc4cc(OCc5ccc6c(c5)OCCN6)ccc43)nc2cn1
c1ccc(-n2ncc3cc(OCc4ccc5c(c4)CCCC5)ccc32)nc1
O=C(NC1CCCc2c1cnn2-c1ccc(OCCOc2ccccn2)nc1)c1cc[nH]n1
O=C(NCC(Oc1ccc2c(cnn2-c2c[nH]nc2-c2ccccn2)c1)c1ccccc1)c1cc[nH]n1
O=C(NCC(Oc1ccc2c(cnn2-c2ccc3c(c2)CCNC3)c1)c1ccccc1)c1cccs1
O=C(NCC(Oc1ccc2c(cnn2-c2nccc3sccc23)c1)c1ccc2c(c1)OCCO2)c1ccncc1
O=C(NCC(Oc1ccc2c(cnn2-c2cccnn2)c1)c1ccc2c(c1)OCCO2)c1cccc2ccccc12
O=C(Cc1cccc(-c2cccc3c2CN(C(=O)Nc2ccccc2)CC3)c1)NCc1ccncc1
O=C1CCc2ccc(NS(=O)(=O)c3ccc4[nH]ccc4c3)cc21
O=C(NCC(Oc1ccc2c(cnn2-c2nnco2)c1)c1ccc2c(c1)CCC2)c1ccncc1
O=C(NCC(Oc1ccc2c(cnn2-c2ncnc3[nH]cnc23)c1)c1ccccc1)c1c[nH]cn1
O=C(NCC(Oc1ccc2c(cnn2-c2nccnc2-c2cncnc2)c1)c1ccc2c(c1)OCCO2)C1CC1
O=C(NCC(Oc1ccc2c(cnn2-c2ccc3c(c2)OCCCO3)c1)c1ccc2c(c1)OCCO2)c1ccccc1
O=C(Cc1ccncc1)NCC(Oc1ccc2c(cnn2-c2cc3c(cn2)cnn3-c2ccccn2)c1)c1ccc2c(c1)OCCO2
O=C(NCC(Oc1ccc2c(cnn2-c2cccc(N3CCC4(CCO4)CC3)n2)c1)c1ccccc1)c1ccn[nH]1
O=C(NCC(Oc1ccc2c(cnn2-c2cncc(-c3ccco3)c2)c1)c1ccc2c(c1)OCCO2)c1ccccc1
O=C(NCC(Oc1ccc2c(cnn2-c2cn[nH]c2)c1)c1ccc2c(c1)CCO2)c1ccco1
c1nc2ccc(-n3ncc4cc(OCc5ccc6c(c5)CCC6)ccc43)cc2s1
c1ccc2cc(COc3ccc4c(cnn4-c4ccc(N5CCCCC5)nc4)c3)ccc2c1
c1ccc2nc(-n3ncc4cc(OCc5ccc6c(c5)CCO6)ccc43)cnc2c1
O=C(NCC(Oc1ccc2c(cnn2-c2ccncn2)c1)c1ccccc1)c1nsc2ccccc12
O=C(NCC(Oc1ccc2c(cnn2-c2ncccn2)c1)c1ccccc1)c1ccn[nH]1
O=C(NCC(Oc1ccc2c(cnn2-c2cccc(-c3cnc4ccncc4c3)c2)c1)c1ccc2c(c1)OCCO2)C1CCCN1
O=C(NCC(Oc1ccc2c(cnn2-c2nnn[nH]2)c1)c1ccccc1)c1cccs1
O=C(NCC(Oc1ccc2c(cnn2-c2cnn(-c3cnn(C4CCCCC4)c3)c2)c1)c1ccccc1)c1cnc2cnccn12
O=C(NCC(Oc1ccc2c(cnn2-c2ccc(N3CCNCC3)nc2)c1)c1ccc2c(c1)CCCO2)c1ccn[nH]1
O=C(NCC(Oc1ccc2c(cnn2-c2ccc(-c3cn[nH]c3)cc2)c1)c1ccc2c(c1)OCCO2)C1CCCOC1
O=C(NCC(Oc1ccc2c(cnn2-c2nccc3c2cnn3-c2ccncc2)c1)c1ccc2c(c1)OCCO2)c1cnc[nH]1
O=C(NCC(Oc1ccc2c(cnn2-c2cnc3ncccn3c2=O)c1)c1ccc2c(c1)OCCCO2)c1ccccc1
O=C(NCC(Oc1ccc2c(cnn2-c2nncs2)c1)c1ccc2c(c1)OCCO2)c1ncnc2c1CCCC2
O=C(NCC(Oc1ccc2c(cnn2-c2cnccn2)c1)c1ccccc1)c1ccccc1
O=C(Cc1ccccc1)NCC(Oc1ccc2c(cnn2-c2ccc3nccnc3c2)c1)c1ccccc1
O=C(NCC(Oc1ccc2c(cnn2-c2nccc3c2CCN(C(=O)c2ccncc2)C3)c1)c1ccc2c(c1)OCCO2)c1cn[nH]c1
O=C(NCC(Oc1ccc2c(cnn2-c2cc3c(cn2)CNCC3)c1)c1ccc2c(c1)OCCO2)c1cnoc1
O=C(NCC(Oc1ccc2c(cnn2-c2ccnn2-c2ccccc2)c1)c1ccc2c(c1)OCCO2)c1cnco1
c1ccc(OCC2COc3cc(COc4ccc5c(cnn5-c5cncc(-n6ncc7ccccc76)c5)c4)ccc3C2)cc1
O=C(NCC(Oc1ccc2c(cnn2-c2ccon2)c1)c1ccccc1)c1cccc2ccoc12
O=C(NCC(Oc1ccc2c(cnn2-c2c[nH]nn2)c1)c1ccccc1)c1ccccc1
O=C(NCC(Oc1ccc2c(cnn2-c2cccc(N3CCCCC3)n2)c1)c1ccc2c(c1)OCCO2)C1CCCN1
O=C(Cc1cccnc1)NCC(Oc1ccc2c(cnn2-c2cccc(N3CCOCC3)n2)c1)c1ccc2c(c1)OCCCO2
O=C(NCC(Oc1ccc2c(cnn2-c2cc3c(cn2)oc2ccccc23)c1)c1ccc2occc2c1)C1CCOCC1
O=C(NCC(Oc1ccc2c(cnn2-c2ccc(-c3ncn[nH]3)cc2)c1)c1ccc2c(c1)OCCO2)c1cccnc1
O=C(NCC(Oc1ccc2c(cnn2-c2nnn[nH]2)c1)c1ccc2c(c1)OCCO2)C1CCCCN1
O=C(Cc1ccccc1)NCC(=O)C(Cc1ccccc1)NC(=O)c1ccccc1
O=C(NCC(Oc1ccc2c(cnn2-c2ccc3ncnn3c2)c1)c1ccc2c(c1)OCCO2)C1CCCN1C(=O)C1CCOC1
c1ccc(COc2ccc3c(cnn3-c3nccc4c3CCNC4)c2)cc1
O=C(CCc1ccncc1)NCC(Oc1ccc2c(cnn2-c2n[nH]c3ccccc23)c1)c1ccncc1
O=C(NCC(Oc1ccc2c(cnn2-c2cn[nH]n2)c1)c1ccc2c(c1)OCCCO2)c1ccc[nH]1
O=C(NCC(Oc1ccc2c(cnn2-c2cnc3ncccc3c2)c1)c1ccc2c(c1)OCCO2)c1ccco1
O=C(NCC(Oc1ccc2c(cnn2-c2ccco2)c1)c1ccc2ccccc2c1)c1cnco1
O=C(NCC(Oc1ccc2c(cnn2-c2ccc3ncccc3c2)c1)c1ccc2c(c1)OCCO2)c1ncns1
c1ccc(Nc2ccnc(-n3ncc4cc(OCc5ccc6c(c5)OCCO6)ccc43)c2)cc1
O=C(NCC(Oc1ccc2c(cnn2-c2ccccc2)c1)c1ccc2c(c1)OCCCO2)c1csnn1
c1ncc(-n2ncc3cc(OCc4ccc5c(c4)CCNC5)ccc32)c(C2CC2)n1
O=C(NCC(Oc1ccc2c(cnn2-c2ccccn2)c1)c1ccc2c(c1)OCCO2)C1Cc2ccccc2CN1
O=C(NCC(Oc1ccc2c(cnn2-c2cnc3c(c2)CC2(CCC2)C3)c1)c1ccc2c(c1)OCCO2)C1CC1
O=C(NCC(Oc1ccc2c(cnn2-c2cncc3cnccc23)c1)c1ccc2c(c1)CCO2)c1cnc(-c2ccncc2)s1
O=C(NCC(Oc1ccc2c(cnn2-c2ccc3nccnc3c2)c1)c1ccc2c(c1)OCCCO2)C1CCCC1
O=C(NCC(Oc1ccc2c(cnn2-c2nccc3ccccc23)c1)c1ccc2c(c1)CCC2)c1csnn1
O=C(COc1ccccc1)NCC(Oc1ccc2c(cnn2-c2ncn[nH]2)c1)c1ccccc1
O=C(NCC(Oc1ccc2c(cnn2-c2c[nH]nn2)c1)c1ccc2c(c1)OCCO2)C1CCN(c2ncccn2)CC1
O=C(NCC(Oc1ccc2c(cnn2-c2nccc(C3CC3)n2)c1)c1ccc2c(c1)OCCO2)c1cnoc1
O=C(NCC(Oc1ccc2c(cnn2-c2ccccc2-c2ncccn2)c1)c1ccccc1)c1ccccc1
O=C(NCC(Oc1ccc2c(cnn2-c2ncccn2)c1)c1ccc2c(c1)OCCO2)c1ccco1
O=C(Cc1ccccc1)NCC(Oc1ccc2c(cnn2-c2ccc3ncccc3c2)c1)c1ccc2c(c1)OCCO2
O=c1ccnc(-n2ncc3cc(OC(CNS(=O)(=O)C4CC4)c4ccc5c(c4)OCCO5)ccc32)[nH]1
O=C(CCCc1cccs1)NCC(Oc1ccc2c(cnn2-c2nncs2)c1)c1ccc2c(c1)OCCO2
O=C(NCC(Oc1ccc2c(cnn2-c2ccc(=O)n(-c3ccccc3)n2)c1)c1ccc2c(c1)OCCO2)c1cccc2cnccc12
O=C(NCC(Oc1ccc2c(cnn2-c2cnc3[nH]ncc3c2)c1)c1ccc2c(c1)OCCCO2)C1COCCO1
O=C(NCC(Oc1ccc2c(cnn2-c2ncnc3ccccc23)c1)c1ccc2c(c1)OCCO2)c1cnoc1
O=C(NCC(Oc1ccc2c(cnn2-c2ccccn2)c1)c1ccccn1)N1CCCC(N2Cc3ccccc3NC2=O)CC1
O=C(NCC(Oc1ccc2c(cnn2-c2ccccn2)c1)c1ccccc1)c1ccn2c1CNCC2
O=C(NCC(Oc1ccc2c(cnn2-c2nccc3cncn23)c1)c1ccc2c(c1)OCCO2)c1ccco1
O=C(NCC(Oc1ccc2c(cnn2-c2ccon2)c1)c1ccccc1)c1cccc2[nH]ncc12
O=C(NCC(Oc1ccc2c(cnn2-c2ccc3c(c2)OCC3)c1)c1ccc2c(c1)OCCO2)c1cnco1
O=C(Cc1ccccc1)NCC(Oc1ccc2c(cnn2-c2cnc3c(c2)CCN3)c1)c1ccccc1
O=C(NCC(Oc1ccc2c(cnn2-c2ccccc2-c2ccccn2)c1)c1ccc2c(c1)OCCO2)C1CCCN1
O=C(NCC(Oc1ccc2c(cnn2-c2n[nH]c3ccccc23)c1)c1ccc2c(c1)OCCO2)c1cocn1
O=C(Cn1nc2ccccc2n1)NCC(Oc1ccc2c(cnn2-c2cccc(-c3cccnc3)c2)c1)c1ccc2c(c1)OCCO2
c1ccc2c(c1)cnn2-c1cncc(-n2ncc3ccccc32)n1
O=C(NCC(Oc1ccc2c(cnn2-c2ccc3cn[nH]c3n2)c1)c1ccc2c(c1)OCCO2)c1ccccn1
c1cncc(C(Oc2ccc3c(cnn3-c3nccc4ccccc34)c2)c2ccc3c(c2)OCCN3)c1
c1cc2c(cc1COc1ccc3c(cnn3-c3nc4c(c(N5CCCNCC5)n3)SCCC4)c1)OCCO2
O=C1CCC(C(=O)NCC(Oc2ccc3c(cnn3-c3cnc4ncncc4c3)c2)c2ccc3c(c2)OCCCO3)CC1
c1ncc(-c2nnc(-n3ncc4cc(OCc5ccc6c(c5)OCCO6)ccc43)s2)s1
O=C(NCC(Oc1ccc2c(cnn2-c2cncc(-c3ccccc3)c2)c1)c1ccc2c(c1)OCCCO2)c1ccccc1
O=C(NCC(Oc1ccc2c(cnn2-c2ccncn2)c1)c1ccc2c(c1)OCCO2)c1ccn[nH]1
O=C(NCC(Oc1ccc2c(cnn2-c2cccc(-c3ccccn3)c2)c1)c1cccnc1)c1ncns1
O=C(NCC(Oc1ccc2c(cnn2-c2cn[nH]c2)c1)c1ccccc1)c1cscn1
O=C(NCC(Oc1ccc2c(cnn2-c2ocnc2-c2ccon2)c1)c1ccc2c(c1)OCCO2)c1ccccc1
O=C(NCC(Oc1ccc2c(cnn2-c2ccncc2)c1)c1ccc2c(c1)OCCN2)c1ccc2c(c1)CCC2
O=C(NCC(Oc1ccc2c(cnn2-c2ccncc2)c1)c1ccc2c(c1)CN(Cc1cccnc1)C2)c1ccco1
O=C(NCC(Oc1ccc2c(cnn2-c2ccn[nH]2)c1)c1cnccn1)c1cccc2cccnc12
O=C(NCC(Oc1ccc2c(cnn2-c2ncnc3c2CCC3)c1)c1ccncc1)c1cccc2nccn12
O=C(NCC(Oc1ccc2c(cnn2-c2ccccc2-c2ccn[nH]2)c1)c1ccc2c(c1)OCCO2)c1ccncc1
O=C(NCC(Oc1ccc2c(cnn2-c2nccc3ccccc23)c1)c1ccc2c(c1)OCCO2)c1cnc(-c2ccccc2)o1
O=C(NCC(Oc1ccc2c(cnn2-c2cc(-n3ncc4ccccc43)ccn2)c1)c1ccc2c(c1)OCCO2)c1cc[nH]n1
N=c1[nH]c(-n2ncc3cc(-c4cn[nH]c4)cnc32)cnc1-c1ccccc1
c1csc(-c2nnc(-n3ncc4cc(OCc5ccc6c(c5)OCCO6)ccc43)s2)c1
O=C(NCC(Oc1ccc2c(cnn2-c2ccc(-n3ccnc3CN3CCCC3)cn2)c1)c1ccc2c(c1)OCCO2)C1CCC1
O=C(NCC(Oc1ccc2c(cnn2-c2ccccc2-c2nn[nH]n2)c1)c1ccc2c(c1)OCCO2)c1ccccc1
O=C(NCC(Oc1ccc2c(cnn2-c2cn[nH]c2)c1)c1ccc2c(c1)CCC2)c1n[nH]c2c1CNCCC2
O=C(NCC(Oc1ccc2c(cnn2-c2ccccn2)c1)c1ccc2c(c1)OCCO2)c1cccnc1
O=C(NCC(Oc1ccc2c(cnn2-c2ccccc2)c1)c1ccc2c(c1)OCCCO2)c1ccco1
O=C(NCC(Oc1ccc2c(cnn2-c2ccccc2C2CC2)c1)c1ccccc1)c1ccn[nH]1
O=C(NCC(Oc1ccc2c(cnn2-c2cccc(-c3cccc4c3cnn4C3CCCCC3)c2)c1)c1ccc2c(c1)OCCO2)C1CCC1
O=C(NCC(Oc1ccc2c(cnn2-c2ccccc2-c2nc[nH]n2)c1)c1ccc2c(c1)OCCCO2)c1cnoc1
c1ccc(-c2cccc(-n3ncc4cc(OCc5ccc6c(c5)OCCCO6)ccc43)c2)cc1
c1cc2c(cc1COc1ccc3c(cnn3-c3cnn(C4CC4)c3)c1)OCCC2
O=C(NCC(Oc1ccc2c(cnn2-c2nccc3cn[nH]c23)c1)c1ccc2c(c1)CCO2)c1cc2ccccc2[nH]1
O=C(NCC(Oc1ccc2c(cnn2-c2ccc3c(-c4ccccn4)cccc3n2)c1)c1ccccc1)c1cnccn1
O=C(NCC(Oc1ccc2c(cnn2-c2ncncn2)c1)c1ccccc1)c1ccon1
O=C(NCC(Oc1ccc2c(cnn2-c2cnn(-c3ccncc3)c2)c1)c1ccc2c(c1)CCC2)C1CCCN1
O=C(NCC(Oc1ccc2c(cnn2-c2ccncn2)c1)c1ccccc1)c1cnoc1
O=C(NCC(Oc1ccc2c(cnn2-c2c[nH]nn2)c1)c1ccc2c(c1)OCCO2)c1ccoc1
O=C(NCC(Oc1ccc2c(cnn2-c2nccc3c2CNC3)c1)c1ccc2c(c1)OCCCO2)C1CCCOC1
O=C(NCC(Oc1ccc2c(cnn2-c2ccc3ccoc3c2)c1)c1ccccc1)c1csnn1
O=C(NCC(Oc1ccc2c(cnn2-c2ccccc2)c1)c1ccc2c(c1)OCCO2)c1cccnn1
O=C(NCC(Oc1ccc2c(cnn2-c2nc3cccnc3[nH]2)c1)c1ccc2c(c1)OCCO2)c1cocn1
O=C(NCC(Oc1ccc2c(cnn2-c2ccc3cscc3c2)c1)c1ccc2c(c1)OCCO2)c1cccnc1
O=C(NCC(Oc1ccc2c(cnn2-c2ccccn2)c1)c1ccc2c(c1)OCCCO2)c1ccccc1
O=C(NCC(Oc1ccc2c(cnn2-c2nccc3c2CCN(Cc2ccccc2)C3)c1)c1nccs1)c1cccc2cnccc12
O=C(Cc1ccccc1)NCC(Oc1ccc2c(cnn2-c2nnco2)c1)c1ccc2c(c1)OCCO2
O=C(NCC(Oc1ccc2c(cnn2-c2nccc3cnccc23)c1)c1ccc2c(c1)CCC2)c1cnns1
O=C(NCC(Oc1ccc2c(cnn2-c2nccc(-c3cncs3)n2)c1)c1ccc2c(c1)OCCO2)c1csc2ccccc12
O=C(NCC(Oc1ccc2c(cnn2-c2nccc3ccncc23)c1)c1ccc2c(c1)OCCO2)c1ccccn1
O=C(NCC(Oc1ccc2c(cnn2-c2ccc3occc3c2)c1)c1ccc2c(c1)CCC2)c1cccc2cnccc12
O=C(CCc1cccnc1)NCC(Oc1ccc2c(cnn2-c2cccc(N3CCOCC3)n2)c1)c1ccc2c(c1)OCCO2
O=C(NCC(Oc1ccc2c(cnn2-c2ccccc2)c1)c1nc2ccccc2[nH]1)c1cocn1
O=C(NCC(Oc1ccc2c(cnn2-c2cc(C(=O)NC3CCSCC3)ccn2)c1)c1ccc2c(c1)OCCO2)c1ccccc1
O=C(NCC(Oc1ccc2c(cnn2-c2ccc3ccccc3n2)c1)c1ccc2c(c1)OCCO2)c1cccc2ccccc12
O=C(NCC(Oc1ccc2c(cnn2-c2cccc(-c3cccs3)n2)c1)c1ccccc1)c1cnoc1
O=C(NCC(Oc1ccc2c(cnn2-c2cc(-n3cccn3)cc(N3CCOCC3)n2)c1)c1ccc2c(c1)OCCO2)c1cnc[nH]1
O=C(NCC(Oc1ccc2c(cnn2-c2cncc(-n3cccn3)c2)c1)c1ccc2c(c1)OCCO2)c1csnn1
c1cc(-n2ncc3cc(OCc4ccc5c(c4)OCCO5)ccc32)nc(=NCC2CCCCOC2)[nH]1
O=C(NCC(Oc1ccc2c(cnn2-c2ccncn2)c1)c1ccc2c(c1)OCCCO2)c1c[nH]cn1
O=C(NCC(Oc1ccc2c(cnn2-c2ncnc3ccsc23)c1)c1ccc2ccccc2c1)c1cnco1
O=C(Cc1coc2ccccc12)NCC(Oc1ccc2c(cnn2-c2ccccn2)c1)c1ccc2c(c1)OCCO2
O=C(NCC(Oc1ccc2c(cnn2-c2cnc3c(c2)NCCN3)c1)c1ccc2c(c1)OCCO2)C1CCCCO1
O=C(CCc1ccccc1)NCC(Oc1ccc2c(cnn2-c2ccc3[nH]ncc3c2)c1)c1ccc2c(c1)OCCO2
O=C(NCC(Oc1ccc2c(cnn2-c2cccc(-n3cccn3)c2)c1)c1ccc2c(c1)CCC2)c1cscn1
O=C(NCC(Oc1ccc2c(cnn2-c2ncn(-c3ccncc3)n2)c1)c1ccccc1)c1cccnc1
O=C(NCC(Oc1ccc2c(cnn2-c2cccc(-c3cnoc3)c2)c1)c1ccccc1)c1cncs1
c1ccc(-n2ncc3cc(OCc4ccc5c(c4)OCCO5)ccc32)c(-c2ccn[nH]2)c1
O=C(NCC(Oc1ccc2c(cnn2-c2cnc3c(c2)CCN(C2CCOCC2)C3)c1)c1ccccc1)c1ccccc1
O=C(NCC(Oc1ccc2c(cnn2-c2cc3c(cn2)ncn3C2CC2)c1)c1ccc2c(c1)CCO2)c1cccnc1
O=C(NCC(Oc1ccc2c(cnn2-c2cnc3[nH]ccc3c2)c1)c1ccc2c(c1)OCCO2)c1nccs1
O=C(NCC(Oc1ccc2c(cnn2-c2cnccn2)c1)c1ccccn1)c1ccc2c(c1)OCCO2
O=C(NCC(Oc1ccc2c(cnn2-c2cnc3ncc4ccncc4c3c2)c1)c1ccc2c(c1)OCCO2)c1cccnn1
O=C(Cc1csc2ccccc12)NCC(Oc1ccc2c(cnn2-c2cnc3[nH]ncc3c2)c1)c1ccc2c(c1)OCCO2
O=C(NCC(Oc1ccc2c(cnn2-c2ccccc2)c1)c1ccc2c(c1)OCCO2)c1cc(=O)c2ccccc2o1
O=C(NCC(Oc1ccc2c(cnn2-c2ccc3ncccc3c2)c1)c1ccc2c(c1)OCCO2)c1ccon1
O=C(NCC(Oc1ccc2c(cnn2-c2ccc(N3CCNCC3)cn2)c1)c1ccccc1)c1cccs1
O=C(CN1CCCC1)NCC(Oc1ccc2c(cnn2-c2ncnc3[nH]ccc23)c1)c1ccccc1
O=C(NCC(Oc1ccc2c(cnn2-c2ccc(N3CCOCC3)nn2)c1)c1ccccc1)c1ccccc1
O=C(NCC(Oc1ccc2c(cnn2-c2ccncn2)c1)c1ccc2c(c1)CCO2)c1cccnc1
O=C(NCC(Oc1ccc2c(cnn2-c2ccccc2)c1)c1ccccc1)c1n[nH]c(=O)o1
O=C(NCC(Oc1ccc2c(cnn2-c2nnco2)c1)c1ccc2c(c1)OCCO2)c1cn[nH]c1
O=C(c1ccccc1)N1CCCc2cc(-c3cccc4cc[nH]c34)ccc21
O=C(NCC(Oc1ccc2c(cnn2-c2cc3ccccc3cn2)c1)c1ccc2c(c1)OCCO2)c1ccc2c(c1)OCC2
N=c1cc(-n2ncc3cc(OC(CNC(=O)c4ccccc4)c4ccccc4)ccc32)nc[nH]1
O=C(NCC(Oc1ccc2c(cnn2-c2cn[nH]c2)c1)c1ccccc1)c1cc2ccccc2n2nnnc12
O=C(NCC(Oc1ccc2c(cnn2-c2ccccc2)c1)c1cnco1)c1cnn2cccnc12
O=C(NCC(Oc1ccc2c(cnn2-c2ccc3c(N4CCNCC4)ccnc3c2)c1)c1ccc2c(c1)OCCO2)c1ccc2nccn2c1
O=C(NCC(Oc1ccc2c(cnn2-c2cn[nH]c2)c1)c1ccc2c(c1)OCCO2)c1cc2ccccc2s1
O=C(NCC(Oc1ccc2c(cnn2-c2ccn[nH]2)c1)c1ccc2c(c1)OCCO2)c1cnco1
O=C(NCC(Oc1ccc2c(cnn2-c2cnc3[nH]ccc3c2)c1)c1ccccc1)c1cnoc1
O=C(NCC(Oc1ccc2c(cnn2-c2cc3ncccc3cn2)c1)c1ccccc1)c1c[nH]nn1
O=C(NCC(Oc1ccc2c(cnn2-c2ncns2)c1)c1ccccc1)c1cnc[nH]1
O=C(NCC(Oc1ccc2c(cnn2-c2cc3c(nn2)CCOC3)c1)c1ccc2c(c1)OCCO2)c1cnccn1
O=C(Cc1ccccc1)NCC(Oc1ccc2c(cnn2-c2cc3c(cn2)cnn3-c2ccccn2)c1)c1ccc2c(c1)OCCO2
O=C(CCc1cscn1)NCC(=O)N1Cc2ccccc2C1C(=O)Nc1ccccc1
c1ccc(-c2cnc(-n3ncc4cc(OCc5ccc6c(c5)OCCO6)ccc43)nn2)cc1
O=C(NCC(Oc1ccc2c(cnn2-c2nncs2)c1)c1ccccc1)c1cccnc1
O=C(NCC(Oc1ccc2c(cnn2-c2ccccc2)c1)c1ccc2c(c1)OCCCO2)c1nnco1
O=C(NCC(Oc1ccc2c(cnn2-c2cn(-c3cncnc3)cn2)c1)c1ccccc1)c1ccc2n[nH]cc2c1
O=C(NCC(Oc1ccc2c(cnn2-c2ccc3c(cnn3-c3ccccc3)c2)c1)c1ccc2c(c1)OCCO2)c1cncs1
O=C(NCC(Oc1ccc2c(cnn2-c2cn[nH]c2)c1)c1ccc2c(c1)OCCO2)c1ccccc1
O=C(NCC(Oc1ccc2c(cnn2-c2nncc3cccnc23)c1)c1ccc2c(c1)OCCO2)c1ccnc2ccccc12
O=C(NCC(Oc1ccc2c(cnn2-c2nccc3cccnc23)c1)c1ccc2c(c1)OCCO2)c1cnn2ccccc12
O=C(NCC(Oc1ccc2c(cnn2-c2ncc3ccccc3n2)c1)c1ccc2c(c1)OCCO2)c1ccco1
O=C(NCC(Oc1ccc2c(cnn2-c2cncc3ccccc23)c1)c1ccc2c(c1)OCCO2)c1coc2cccnc12
O=C(NCC(Oc1ccc2c(cnn2-c2nc3ccccc3s2)c1)c1ccc2c(c1)COC2)C1CCC1
O=C(NCC(Oc1ccc2c(cnn2-c2cc(=O)n3ccncc3n2)c1)c1ccccc1)c1ccn[nH]1
O=C(NCC(Oc1ccc2c(cnn2-c2cncc(-c3ccccc3)c2)c1)c1ccc2c(c1)OCCO2)c1ccccn1
O=C(NCC(Oc1ccc2c(cnn2-c2ccccc2CN2CCOCC2)c1)c1ccc2c(c1)OCCO2)c1cnccn1
O=C(Cc1ccc2[nH]ncc2c1)NCC(Oc1ccc2c(cnn2-c2cnc3ccncc3c2)c1)c1ccc2c(c1)OCCO2
c1cnc(-n2ncc3cc(OCc4ccc5c(c4)OCCCO5)ccc32)c(-c2ncon2)n1
O=C(Cn1cccn1)NCC(Oc1ccc2c(cnn2-c2ccccc2-c2ncccn2)c1)c1ccc2c(c1)OCCO2
O=C(NCC(Oc1ccc2c(cnn2-c2cccc(-c3cccs3)n2)c1)c1ccc2c(c1)OCCO2)C12CC3CC(C3)CC(C1)C2
O=C(CCCc1ccccc1)NCC(Oc1ccc2c(cnn2-c2ccc(-n3cccn3)nc2)c1)c1ccc2c(c1)OCCO2
O=C(NCC(Oc1ccc2c(cnn2-c2cccc(N3CCNCC3)n2)c1)c1ccccc1)c1cnoc1
O=C(Cc1ccc2ccccc2c1)NCC(Oc1ccc2c(cnn2-c2cc(-c3cnn(C4COC4)c3)ccn2)c1)c1ccc2c(c1)OCCCO2
O=C(NCC(Oc1ccc2c(cnn2-c2ccccc2)c1)c1ccc2c(c1)CCC2)c1ccccc1
O=C(NCC(Oc1ccc2c(cnn2-c2cn(Cc3ccccc3)nn2)c1)c1ccc2c(c1)OCCCO2)C1CCC1
O=C(NCC(Oc1ccc2c(cnn2-c2ncnc3cc[nH]c23)c1)c1ccc2c(c1)OCCO2)C1CCC1
O=C(NCc1ncccn1)c1cn[nH]c1-n1ncc2cc(OC(CNC(=O)c3cccc4ccccc34)c3ccc4c(c3)OCCO4)ccc21
O=C(NCC(Oc1ccc2c(cnn2-c2cn[nH]c2)c1)c1ccc2c(c1)OCCO2)c1ncccn1
O=C(NCC(Oc1ccc2c(cnn2-c2ccccc2-c2ccno2)c1)c1ccccc1)c1cnco1
O=C(NCC(Oc1ccc2c(cnn2-c2cccc3[nH]ncc23)c1)c1ccc2ccccc2n1)C1CCCCC1
O=C(NCC(Oc1ccc2c(cnn2-c2ccncn2)c1)c1ccc2c(c1)CCC2)c1cccnc1
O=C(NCC(Oc1ccc2c(cnn2-c2ccccn2)c1)c1ccc2c(c1)OCCO2)c1cnccn1
O=S(=O)(NCCNc1cccc2c1cnn2-c1ccccc1)c1cnn(C2CCCCC2)c1
O=C(Cn1cccn1)NCC(Oc1ccc2c(cnn2-c2cncc3ccccc23)c1)c1ccc2c(c1)OCCO2
O=C(NCC(Oc1ccc2c(cnn2-c2cccnc2-c2ncn[nH]2)c1)c1ccccc1)c1csnn1
O=C(NCC(Oc1ccc2c(cnn2-c2cnc3c(c2)CCC3)c1)c1ccc2c(c1)OCCC2)c1cccs1
O=C(NCC(Oc1ccc2c(cnn2-c2ccccc2-c2ncc[nH]2)c1)c1ccc2c(c1)OCCO2)c1ccnnc1
O=C(NCC(Oc1ccc2c(cnn2-c2nccc3c2CNC3)c1)c1ccccc1)c1cnco1
c1ccc(CN2Cc3ccc(COc4ccc5c(cnn5-c5ccccc5)c4)cc3C2)cc1
O=C(NCC(Oc1ccc2c(cnn2-c2ncnc3ccccc23)c1)c1ccc2c(c1)OCCO2)c1cccnc1
O=C(NCC(Oc1ccc2c(cnn2-c2cc3c(cn2)C(=O)NCC3)c1)c1ccc2c(c1)OCCO2)c1cnon1
O=C(NCC(Oc1ccc2c(cnn2-c2ccccn2)c1)c1ccc2c(c1)CCC2)c1ccncc1
O=C(NCC(Oc1ccc2c(cnn2-c2ncccn2)c1)c1ccc2c(c1)OCCO2)c1cccs1
c1ccc(-n2nccc2-n2ncc3cc(OCc4ccc5c(c4)OCCO5)ccc32)cc1
O=C(NCC(Oc1ccc2c(cnn2-c2cnc3nc(N4CCCC4)ncc3c2)c1)c1ccc2c(c1)CCO2)C1CCCOC1
O=C(NCC(Oc1ccc2c(cnn2-c2ccc3occc3c2)c1)c1ccc2c(c1)COC2)c1cncnc1
O=C(NCC(Oc1ccc2c(cnn2-c2ncnn3cccc3c2=O)c1)c1ccccc1)c1ccncc1
O=C(NCC(Oc1ccc2c(cnn2-c2cc[nH]n2)c1)c1ccc2ccoc2c1)c1cccnn1
O=C(NCC(Oc1ccc2c(cnn2-c2ccc3ccccc3n2)c1)c1ccccc1)c1ccc(-c2cnccn2)s1
O=C(NCC(Oc1ccc2c(cnn2-c2ccc3nccn3n2)c1)c1ccc2sccc2c1)c1cccnc1
O=C(NCC(Oc1ccc2c(cnn2-c2nccc3c2CNC3)c1)c1ccc2c(c1)OCCO2)c1ccccc1
c1cnc2nc(-n3ncc4cc(OCc5ccc6c(c5)OCCO6)ccc43)cnc2c1
O=C(NCC(Oc1ccc2c(cnn2-c2cn[nH]c2)c1)c1ccc2c(c1)OCCO2)C1CCC1
O=C(NCC(Oc1ccc2c(cnn2-c2ccccc2)c1)c1ccc2c(c1)OCCO2)c1ccnc2ccccc12
c1ccc(C2CN(c3ccnc(-n4ncc5ccncc54)n3)CCN2)cc1
O=C(NCC(Oc1ccc2c(cnn2-c2cccc3cnccc23)c1)c1ccc2c(c1)OCCC2)C1CCCN(c2ccccn2)C1
O=C(NCC(Oc1ccc2c(cnn2-c2ccc3nn[nH]c3c2)c1)c1ccc2c(c1)OCCO2)c1csnn1
O=C(NCC(Oc1ccc2c(cnn2-c2cc[nH]n2)c1)c1ccccc1)c1cnco1
O=C(NCC(Oc1ccc2c(cnn2-c2ncnc3[nH]cnc23)c1)c1ccccc1)c1ccccc1
O=C(NCC(Oc1ccc2c(cnn2-c2nccc3c2CCN(Cc2ccoc2)C3)c1)c1ccccc1)c1ccc(=O)[nH]c1
O=C(NCC(Oc1ccc2c(cnn2-c2nn[nH]n2)c1)c1ccc2c(c1)CCC2)c1cnn2ccccc12
c1ccc2nc(-n3ccc4ccccc43)ncc2c1
O=C(NCC(Oc1ccc2c(cnn2-c2cn[nH]c2)c1)c1ccc2c(c1)OCCCO2)C1CCCN1
O=C(NCC(Oc1ccc2c(cnn2-c2ncnn2-c2ccccc2)c1)c1ccc2c(c1)OCCO2)c1cnco1
O=C(NCC(Oc1ccc2c(cnn2-c2ccc3c(-c4ccccc4)cnn3n2)c1)c1ccc2cccnc2c1)c1ccccn1
O=C(NCC(Oc1ccc2c(cnn2-c2cccc3[nH]ncc23)c1)c1ccc2c(c1)OCCCO2)C1CCCN1C(=O)Cc1cncnc1
O=C(NCC(Oc1ccc2c(cnn2-c2cccnn2)c1)c1ccc2c(c1)OCCCO2)c1cnn(Cc2ccccc2)c1
O=C(NCC(Oc1ccc2c(cnn2-c2cn3cc(N4CCOCC4)nc3cn2)c1)c1ccccc1)c1cn[nH]c1
O=C(NCC(Oc1ccc2c(cnn2-c2csc(-c3ccccc3)n2)c1)c1ccc2c(c1)OCC2)c1csnn1
O=C(NCC(Oc1ccc2c(cnn2-c2ccn3ccnc3c2)c1)c1ccccc1)c1csnn1
O=C(NCC(Oc1ccc2c(cnn2-c2cccc(-n3cccn3)c2)c1)c1ccc2c(c1)OCCO2)c1ccn[nH]1
O=C(NCC(Oc1ccc2c(cnn2-c2ncnc3cccnc23)c1)c1cccnc1)c1cscn1
O=C(NCC(Oc1ccc2c(cnn2-c2cccnc2)c1)c1ccc2c(c1)OCCCO2)c1cccs1
O=C(Cc1ccc(-c2ccncc2)cc1)NCC(Oc1ccc2c(cnn2-c2nn[nH]n2)c1)c1ccc2c(c1)OCCO2
c1ccc2nc(-n3ncc4cc(OCc5ccncc5)ccc43)cnc2c1
c1cc(-c2ccnc(-n3ncc4cc(OCc5ccc6c(c5)OCCCO6)ccc43)c2)on1
O=C(NCC(Oc1ccc2c(cnn2-c2ccc3c(c2)CCN3)c1)c1ccccc1)c1cnco1
O=C(NCC(Oc1ccc2c(cnn2-c2nc(N3CCOCC3)cc3ncncc23)c1)c1ccc2c(c1)CCC2)C1CCCOC1
O=C(C1CCN(S(=O)(=O)c2ccccc2)CC1)N1CCCc2ccccc21
c1cc(N2CCNCC2)nc(-n2ncc3cc(OCc4ccc5c(c4)OCCO5)ccc32)n1
O=C(Cc1coc2ccccc12)NCC(Oc1ccc2c(cnn2-c2cccnn2)c1)c1ccc2c(c1)OCCO2
O=C(NCC(Oc1ccc2c(cnn2-c2ccc3cccnc3n2)c1)c1ccc2c(c1)OCCO2)c1cncnc1
O=C(NCC(Oc1ccc2c(cnn2-c2cccnc2)c1)c1ccc2c(c1)OCCCO2)c1cc2ccccc2c(=O)n1-c1ccccc1
O=C(NCC(Oc1ccc2c(cnn2-c2cccnc2)c1)c1ccc2c(c1)OCC2)C(Cc1cc2ccncc2[nH]1)c1cccc(-c2ccccn2)c1
O=C(NCC(Oc1ccc2c(cnn2-c2cccc(-c3cccnn3)c2)c1)c1ccc2c(c1)OCCO2)C1CCCN1
O=C(NCC(Oc1ccc2c(cnn2-c2cccc(-c3ccccc3)c2)c1)c1ccc2c(c1)OCCO2)C1CCCOC1
O=C(NCC(Oc1ccc2c(cnn2-c2nccc3c2CCCC3)c1)c1ccc2c(c1)OCCCO2)C1COc2ccccc2C1
c1ccc(CNCCC(Oc2ccc3c(cnn3-c3cc(C4CC4)ncn3)c2)c2ccc3c(c2)OCCO3)cc1
O=C(NCC(Oc1ccc2c(cnn2-c2ccncn2)c1)c1ccc2c(c1)CCC2)c1ccccn1
c1coc(-c2nnc(-n3ncc4cc(OCc5ccc6ccccc6n5)ccc43)s2)c1
O=C(NCC(Oc1ccc2c(cnn2-c2ncnc3c2CCC3)c1)c1ccc2c(c1)OCCCO2)C1CCCN1C(=O)c1cnccn1
O=C(NCC(Oc1ccc2c(cnn2-c2cncc(-c3nnco3)c2)c1)c1ccc2c(c1)OCCO2)c1ccco1
O=C(NCC(Oc1ccc2c(cnn2-c2ccncc2)c1)c1ccc2c(c1)OCCO2)C1CCCOC1
O=C(NCC(Oc1ccc2c(cnn2-c2nccs2)c1)c1ccc2c(c1)OCCCO2)c1ccccc1
O=C(NCC(Oc1ccc2c(cnn2-c2ccc(-n3ccnc3)cc2)c1)c1ccc2c(c1)OCCO2)c1ccccc1
O=C(NCC(Oc1cc2cnn(-c3cnccn3)cc-2c1)c1ccc2c(c1)OCCO2)c1ccn[nH]1
O=C(NCC(Oc1ccc2c(cnn2-c2ncccn2)c1)c1ccc2c(c1)CCO2)c1ccco1
O=C(NCC(Oc1ccc2c(cnn2-c2cnn(-c3cn[nH]c3)c2)c1)c1cccnc1)C1CCOC1
O=C(CCc1ccccc1-c1cnccn1)NCC(Oc1ccc2c(cnn2-c2c[nH]nn2)c1)c1ccc2c(c1)OCCO2
c1ccc(-c2cnc(-c3ccccc3)c(-c3ccco3)n2)cc1
O=C(NCC(Oc1ccc2c(cnn2-c2cc(-c3cccnc3)n[nH]2)c1)c1ccccc1)c1ccn[nH]1
O=C(NCC(Oc1ccc2c(cnn2-c2ccccc2)c1)c1ccccc1)C1CCCN1
O=C(NCC(Oc1ccc2c(cnn2-c2cccc(C(=O)N3CCOCC3)n2)c1)c1ccccc1)c1cncs1
O=C(CCn1ncc2ccccc21)NCC(Oc1ccc2c(cnn2-c2cccc(N3CCOCC3)n2)c1)c1ccc2c(c1)OCCO2
O=C(NCC(Oc1ccc2c(cnn2-c2cccc3cccnc23)c1)c1ccccc1)C1CCCN1C(=O)COc1ccccc1
O=C(NCC(Oc1ccc2c(cnn2-c2nnn[nH]2)c1)c1ccc2c(c1)OCCO2)c1ccn[nH]1
O=C(NCC(Oc1ccc2c(cnn2-c2nc(C3CC3)cc3ccccc23)c1)c1ccc2c(c1)OCCO2)C1CCCNC1
O=C(NCC(Oc1ccc2c(cnn2-c2ccc3nonc3c2)c1)c1ccc2c(c1)OCCO2)c1cccnc1
O=C(NCC(Oc1ccc2c(cnn2-c2cccc(N3CCOCC3)n2)c1)c1ccc2c(c1)CCO2)c1ccncc1
O=C(NCC(Oc1ccc2c(cnn2-c2ccccn2)c1)c1ccc2c(c1)CCCO2)c1cnc[nH]1
O=C(NCC(Oc1ccc2c(cnn2-c2ncnc3ccsc23)c1)c1ccccc1)c1ccccc1
O=C(Cc1ccccc1)NCC(Oc1ccc2c(cnn2-c2nccc3ccccc23)c1)c1ccc2c(c1)OCCCO2
O=C(CCc1ccccc1)NCC(Oc1ccc2c(cnn2-c2cc[nH]n2)c1)c1ccc2c(c1)OCCO2
O=C(NCC(Oc1ccc2c(cnn2-c2ccc3c(c2)CCCC3)c1)c1ccc2c(c1)OCCO2)c1ccco1
O=C(CCc1ccccc1)NCC(Oc1ccc2c(cnn2-c2ccncn2)c1)c1ccc2c(c1)OCCO2
c1cc(N2CCNCC2)nc(-n2ncc3cc(OCc4ccc5c(c4)OCCO5)ccc32)c1
O=C(NCC(Oc1ccc2c(cnn2-c2cc[nH]c(=Nc3ccccc3)n2)c1)c1ccc2c(c1)OCCO2)c1ccco1
c1cc(-c2ccc(-n3ncc4cc(OCc5ccc6c(c5)OCCO6)ccc43)nn2)ccn1
O=C(NCC(Oc1ccc2c(cnn2-c2cccnc2)c1)c1ccccc1)c1cccnc1
O=C(NCC(Oc1ccc2c(cnn2-c2ccccc2)c1)c1cscn1)C(c1ccccc1)c1ccccc1
O=C(NCC(Oc1ccc2c(cnn2-c2cc(C3CC3)ncn2)c1)c1ccccc1)c1ccnc2[nH]ncc12
O=C(NCC(Oc1ccc2c(cnn2-c2c[nH]nn2)c1)c1ccc2c(c1)CCC2)c1ccnc2ccccc12
O=C(NCC(Oc1ccc2c(cnn2-c2ccnc3cccnc23)c1)c1ccc2c(c1)OCCCO2)c1ccccc1
O=C(COc1ccccc1)NCC(Oc1ccc2c(cnn2-c2cc3cc[nH]c3s2)c1)c1ccc2c(c1)CCC2
O=C(NCC(Oc1ccc2c(cnn2-c2cnccn2)c1)c1ccc2c(c1)OCCO2)c1ccco1
O=C1CCc2ccc(-n3ncc4cc(OC(CNC(=O)c5nn[nH]n5)c5ccccc5)ccc43)cc2N1
O=C(NCC(Oc1ccc2c(cnn2-c2cccnc2C(=O)NCc2cnccn2)c1)c1ccccc1)c1ccn[nH]1
O=C(NCC(Oc1ccc2c(cnn2-c2cncc(C3CC3)n2)c1)c1ccccc1)C1CCOCC1
N=c1nc[nH]c2c1c(-c1ccncc1)nn2CCc1ccccc1
O=C(NCC(Oc1ccc2c(cnn2-c2ccccc2)c1)c1ccccc1)c1cnco1
O=C(NCC(Oc1ccc2c(cnn2-c2cccnn2)c1)c1ccc2c(c1)CCC2)C1CCCO1
O=C1NCc2cc(COc3ccc4c(cnn4-c4nc5cncnc5[nH]4)c3)ccc21
O=C(NCC(Oc1ccc2c(cnn2-c2cncc(-c3cc4cnncc4cn3)c2)c1)c1ccccc1)c1ccn[nH]1
O=C(NCC(Oc1ccc2c(cnn2-c2ccccc2-c2ncn[nH]2)c1)c1ccc2c(c1)OCCO2)C1CC1
N=c1[nH][nH]c2ccc(-n3ncc(C4CC4)c3C(CNC(=O)c3ccc(-n4cccn4)cc3)Oc3ccc4c(cnn4-c4ccccc4)c3)cc12
O=C(NCC(Oc1ccc2c(cnn2-c2ccc3nncn3c2)c1)c1ccc2c(c1)OCCO2)c1cc2ccccc2[nH]1
c1ccc(COc2cc(-c3ccnn3C3CCOCC3)c3c(cnn3-c3cccc4[nH]ncc34)c2)nc1
O=C(NCC(Oc1ccc2c(cnn2-c2ccc3[nH]cnc3c2)c1)c1ccc2c(c1)OCCO2)C1NCc2ccccc21
c1ccc(C2COc3cc(COc4ccc5c(cnn5-c5ccnnc5)c4)ccc3N2)cc1
O=C(NCC(Oc1ccc2c(cnn2-c2ccc3nccnc3c2)c1)c1ccc2c(c1)CCO2)c1ccon1
O=C(NCC(Oc1ccc2c(cnn2-c2cnccn2)c1)c1ccccc1)c1cncs1
O=C(NCC(Oc1ccc2c(cnn2-c2nccc3c2CCN(Cc2c[nH]cn2)C3)c1)c1ccccc1)c1nccs1
O=C(NCC(Oc1ccc2c(cnn2-c2cccnn2)c1)c1ccc2c(c1)OCCO2)c1ccncc1
O=C(NCC(Oc1ccc2c(cnn2-c2nccc3c2ccn3-c2ncccn2)c1)c1ccc2c(c1)OCCO2)c1cccnc1
O=C(NCC(Oc1ccc2c(cnn2-c2cccc3ccccc23)c1)c1ccccn1)c1ccoc1
O=C(NCC(Oc1ccc2c(cnn2-c2cnc3ccnn3c2)c1)c1ccccc1)c1ccccc1
O=C(NCC(Oc1ccc2c(cnn2-c2ccc3[nH]ccc3n2)c1)c1ccccc1)c1cnco1
O=C(NCC(Oc1ccc2c(cnn2-c2ccnn2-c2cccnc2)c1)c1ccccc1)c1ccncc1
O=C(NCC(Oc1ccc2c(cnn2-c2cc3cccc(-c4ccoc4)c3cn2)c1)c1ccc2c(c1)OCCO2)c1cc[nH]n1
O=C(NCC(Oc1ccc2c(cnn2-c2nccc(N3CCNCC3)n2)c1)c1ccccc1)c1ccn[nH]1
O=C(NCC(Oc1ccc2c(cnn2-c2cc3c(cn2)C(=O)NCC3)c1)c1ccc2c(c1)OCCO2)c1ccco1
O=C(NCC(Oc1ccc2c(cnn2-c2cc3c(cn2)ncn3C2CCOCC2)c1)c1ccc2c(c1)CCC2)C1CCCC1
O=C(NCC(Oc1ccc2c(cnn2-c2cc3ccc(C4CC4)nc3cn2)c1)c1ccccc1)c1nsc2ccccc12
O=C(NCC(Oc1ccc2c(cnn2-c2n[nH]c3ccccc23)c1)c1ccccc1)c1nn[nH]n1
O=C(NCC(Oc1ccc2c(cnn2-c2nnco2)c1)c1cccnc1)c1ccon1
O=C(COc1ccccc1)NCC(Oc1cc2cnn(-c3cccnn3)c2s1)c1ccc2c(c1)OCCCO2
O=C(NCC(Oc1ccc2c(cnn2-c2cc3c[nH]nc3[nH]2)c1)c1ccc2c(c1)CCC2)c1ccncc1
O=C(NCC(Oc1ccc2c(cnn2-c2ccccc2)c1)c1ccc2c(c1)OCCCO2)c1cnoc1
O=C(NCC(Oc1ccc2c(cnn2-c2ccccn2)c1)c1ccc2c(c1)OCCO2)c1ccn[nH]1
O=C(Cc1ccccn1)N1CCc2cc(COc3ccc4c(cnn4-c4cccnc4)c3)ccc2C1
O=C(NCC(Oc1ccc2c(cnn2-c2cccc3ncccc23)c1)c1ccc2c(c1)CCO2)c1cnc2ccccn12
O=C(NCC(Oc1ccc2c(cnn2-c2ncc3c(n2)CCC3)c1)c1ccccc1)C1CC1
O=C(NCC(Oc1ccc2c(cnn2-c2cc3ncccc3cn2)c1)c1ccc2c(c1)OCCO2)c1ccn[nH]1
O=C(NCC(Oc1ccc2c(cnn2-c2cnccn2)c1)c1ccccc1)c1cncnc1
O=C(NCC(Oc1ccc2c(cnn2-c2ccncn2)c1)c1ccccc1)c1ccccc1
O=C(NCC(Oc1ccc2c(cnn2-c2cc(-c3ccccc3)cc(N3CCOCC3)n2)c1)c1ccc2c(c1)OCCO2)c1ccsc1
O=C(NCC(Oc1ccc2c(cnn2-c2ccncn2)c1)c1ccc2c(c1)OCCO2)c1cocn1
O=C(NCC(Oc1ccc2c(cnn2-c2cccc(-n3ccnc3)c2)c1)c1ccc2c(c1)OCCO2)c1cnccn1
O=C(NCC(Oc1ccc2c(cnn2-c2ccc(-n3cccn3)nn2)c1)c1ccc2c(c1)OCCO2)c1ccn[nH]1
O=C(NCC(Oc1ccc2c(cnn2-c2cnccn2)c1)c1ccccc1)c1ccsc1
O=C(NCC(Oc1ccc2c(cnn2-c2cnn(-c3cccnc3)c2)c1)c1ccc2ccccc2c1)c1cc[nH]n1
c1ccc(-n2ncc3c(-n4ncc5cc(OCc6ccc7c(c6)OCCO7)ccc54)nccc32)cc1
O=C(NCC(Oc1ccc2c(cnn2-c2ccsc2)c1)c1ccc2c(c1)OCCO2)c1cccs1
O=C(NCC(Oc1ccc2c(cnn2-c2ccccc2)c1)c1ccc2c(c1)OCCCO2)C1CN(Cc2ccc3c(c2)OCCO3)CCN1
O=C(NCC(Oc1ccc2c(cnn2-c2ccccc2)c1)c1ccc2c(c1)OCCO2)c1ccco1
O=C(NCC(Oc1ccc2c(cnn2-c2cncc(C3CC3)n2)c1)c1ccccc1)c1cccs1
O=C(NCC(Oc1ccc2c(cnn2-c2ccccc2-c2ncon2)c1)c1ccc2c(c1)OCCO2)c1ccco1
O=C(NCC(Oc1ccc2c(cnn2-c2cncc(-c3cnn(C4CCC4)c3)c2)c1)c1ccccc1)c1ccccc1
O=C(NCC(Oc1ccc2c(cnn2-c2cccc(N3CCCCC3)n2)c1)c1ccc2c(c1)OCCO2)C1CCC1
O=C(NCC(Oc1ccc2c(cnn2-c2nn[nH]n2)c1)c1ccc2c(c1)OCCCO2)c1csc2c1CCCC2
O=C(NCC(Oc1ccc2c(cnn2-c2ncnc3[nH]cnc23)c1)c1ccc2c(c1)OCCO2)C1COc2ccccc2C1
c1nc2ncc(-n3ncc4cc(OCc5ccc6c(c5)OCCO6)ccc43)cn2n1
O=C(CCc1ccccc1)NCC(Oc1ccc2c(cnn2-c2cnn(-c3ccccc3)c2)c1)c1ccc2c(c1)COC2
O=C(NCC(Oc1ccc2c(cnn2-c2cccc(N3CC4(CCNCC4)C3)n2)c1)c1ccccc1)c1csnn1
O=C(NCC(Oc1ccc2c(cnn2-c2cccc(N3CCOCC3)n2)c1)c1ccc2c(c1)OCCO2)c1ncc[nH]1
O=C(NCC(Oc1ccc2c(cnn2-c2cccc3ncccc23)c1)c1ccccc1)c1ccc(-n2ccnc2)s1
O=C(NCC(Oc1ccc2c(cnn2-c2ccncn2)c1)c1ccc2c(c1)OCCO2)c1ccon1
O=C(NCC(Oc1ccc2c(cnn2-c2ncnc3[nH]cnc23)c1)c1ccc2c(c1)OCCO2)c1ccccc1
c1ccc2c(COc3ccc4c(cnn4-c4cnn(C5CCNCC5)c4)c3)cccc2c1
O=C(NCC(Oc1ccc2c(cnn2-c2ncc3c(n2)CCCC3)c1)c1ccc2c(c1)CCNC2)C1CCCCC1
O=C(NCC(Oc1ccc2c(cnn2-c2ccc3ccccc3c2)c1)c1ccc2c(c1)OCCCO2)c1ccn[nH]1
O=C(NCC(Oc1ccc2c(cnn2-c2ccc(CN3CCOCC3)nc2)c1)c1ccccc1)c1ccccn1
O=C(NCC(Oc1ccc2c(cnn2-c2ccc3ccccc3n2)c1)c1ccccc1)c1cccnc1
O=C(NCC(Oc1ccc2c(cnn2-c2cnn(C3CCNCC3)c2)c1)c1ccccc1)c1ccon1
O=C(NCC(Oc1ccc2c(cnn2-c2ncn(-c3ccccn3)n2)c1)c1ccc2c(c1)OCCO2)c1ncon1
O=C(Cc1ccccn1)NCC(Oc1ccc2c(cnn2-c2n[nH]c3ncccc23)c1)c1ccc2c(c1)OCCO2
O=C(Cc1cnoc1)N1CCCC(c2ncc[nH]2)C1
O=C(NCC(Oc1ccc2c(cnn2-c2cccc(-c3cccnc3)c2)c1)c1ccccc1)c1cccc[nH+]1
O=C(NCC(Oc1ccc2c(cnn2-c2nncc3ccccc23)c1)c1ccc2c(c1)OCCO2)C1CCCNC1
O=C(Cc1ccc2c(c1)CCO2)NCC(Oc1ccc2c(cnn2-c2ccc3c(c2)CCN3)c1)c1ccc2c(c1)OCCO2
O=C(NCC(Oc1ccc2c(cnn2-c2nnc[nH]2)c1)c1ccc2c(c1)CCO2)c1ccccc1
O=C(NCC(Oc1ccc2c(cnn2-c2cnc3nc(N4CCOCC4)ccc3n2)c1)c1ccc2c(c1)OCCCO2)c1cscn1
O=C(CNc1ccccc1)NCC(Oc1ccc2c(cnn2-c2ccn[nH]2)c1)c1ccccc1
O=C(NCC(Oc1ccc2c(cnn2-c2cc(-c3ccncc3)n[nH]2)c1)c1ccccc1)c1csnn1
O=C(NCC(Oc1ccc2c(cnn2-c2ccc3ccccc3n2)c1)c1ccc2c(c1)CCCC2)c1cocn1
O=C(NCC(Oc1ccc2c(cnn2-c2ccncn2)c1)c1ccc2ccccc2c1)c1ccncc1
O=C(NCC(Oc1ccc2c(cnn2-c2ccc3ccccc3c2)c1)c1ccc2c(c1)OCCO2)c1ccco1
c1ccc(CN2CCOc3cc(COc4ccc5c(cnn5-c5ccoc5)c4)ccc32)nc1
c1ccc(CNCC(CNc2cccc3c2OCCC3)Cc2ccccc2)cc1
O=C(NCC(Oc1ccc2c(cnn2-c2cncc(-c3cnn[nH]3)c2)c1)c1ccc2c(c1)OCCO2)C1CCCN1
c1cc(-n2nccc2-n2ncc3cc(OCc4ccc5c(c4)OCCO5)ccc32)c2nccnc2c1
O=C(NCC(Oc1ccc2c(cnn2-c2ccccc2-c2ccn[nH]2)c1)c1ccc2c(c1)OCCCO2)c1cccnc1
O=C(NCC(Oc1ccc2c(cnn2-c2ccc3scnc3c2)c1)c1ccc2ccccc2c1)C1CCC1
O=C(NCC(Oc1ccc2c(cnn2-c2ccc3cnccc3c2)c1)c1ccc2c(c1)OCCCO2)c1ccccc1
O=C(NCC(Oc1ccc2c(cnn2-c2cc(=O)[nH]c(N3CCNCC3)n2)c1)c1ccccc1)c1ccccc1
O=C(NCC(Oc1ccc2c(cnn2-c2ccccn2)c1)c1ccc2c(c1)OCCO2)c1ccccc1
O=C(NCC(Oc1ccc2c(cnn2-c2cc3cnccc3[nH]2)c1)c1ccccc1)c1nn[nH]n1
O=C(NCC(Oc1ccc2c(cnn2-c2cnc3[nH]cnc3c2)c1)c1ccc2c(c1)OCCO2)c1ccncc1
O=C(NCC(Oc1ccc2c(cnn2-c2cc(-c3cn[nH]c3)n[nH]2)c1)c1ccccc1)c1cnco1
c1ccc(COc2ccc3c(cnn3-c3ccccc3)c2)cc1
c1cc(N2CCCNCC2)nc(-n2ncc3cc(OCc4ccc5occc5c4)ccc32)c1
O=C(NCC(Oc1ccc2c(cnn2-c2nc(-c3ccccc3)cc(N3CCOCC3)n2)c1)c1ccc2c(c1)CCC2)c1ccncc1
O=C(NCC(Oc1ccc2c(cnn2-c2ccnc(N3CCOCC3)n2)c1)c1ccccc1)c1nccs1
O=C(NCC(Oc1ccc2c(cnn2-c2cnc3[nH]ccc3c2)c1)c1ccc2c(c1)OCCO2)c1ccno1
O=C(NCC(Oc1ccc2c(cnn2-c2cc3cnccc3cn2)c1)c1ccccc1)C1CCCN1C(=O)C1CCCCN1
c1ccc(C(Oc2ccc3c(ccc4nccnc43)c2)C2CCC2)cc1
O=C(NCC(Oc1ccc2c(cnn2-c2cccc3[nH]ncc23)c1)c1ccc2[nH]ncc2c1)C1CCCNC1
O=C(Nc1cccnc1)c1coc(-c2ccccc2)n1
O=C(NCC(Oc1ccc2c(cnn2-c2ccncn2)c1)c1ccc2c(c1)OCCO2)c1ccncc1
O=C(NCC(Oc1ccc2c(cnn2-c2ccc3[nH]ccc3c2)c1)c1ccc2c(c1)OCCO2)c1cnoc1
O=C(NCC(Oc1ccc2c(cnn2-c2ccccc2-c2ccon2)c1)c1cccnc1)c1cnoc1
O=C(NCC(Oc1ccc2c(cnn2-c2ccncn2)c1)c1ccccc1)c1ccccc1
O=C(NCC(Oc1ccc2c(cnn2-c2ccccc2)c1)c1ccccc1)c1cnoc1
O=C(NCC(Oc1ccc2c(cnn2-c2nccc3c2CNC3)c1)c1ccc2c(c1)CCO2)c1cccs1
O=C(NCC(Oc1ccc2c(cnn2-c2cccc(N3CCNCC3)n2)c1)c1ccccc1)c1ccnnc1
O=C(NCC(Oc1ccc2c(cnn2-c2ccncn2)c1)c1ccc2c(c1)OCCO2)c1ccoc1
c1cc(N2CC3CC2CN3)nc(-n2ncc3cc(OCc4ccc5c(c4)OCCO5)ccc32)n1
O=C(NCC(Oc1ccc2c(cnn2-c2nn[nH]n2)c1)c1ccc2c(c1)OCCCO2)c1cccc2nccnc12
c1cc2c(cc1COc1ccc3c(cnn3-c3cn[nH]c3)c1)OCCO2
O=C(NCC(Oc1ccc2c(cnn2-c2cnc(N3CCNCC3)nc2)c1)c1ccc2c(c1)OCCO2)c1cnoc1
O=C(Cc1ccc(-n2cnc3ncccc32)cc1)NCC(Oc1ccc2c(cnn2-c2cc3ccccc3cn2)c1)c1ccc2c(c1)OCCO2
O=C(NCC(Oc1ccc2c(cnn2-c2cc3c(cn2)CCNCC3)c1)c1ccc2c(c1)OCCO2)C1CCC1
O=C1CCC(C(=O)NCC(Oc2ccc3c(cnn3-c3cccc(N4CCCC4)n3)c2)c2ccccc2)CC1
O=C(NCC(Oc1ccc2c(cnn2-c2nncs2)c1)c1ccc2c(c1)OCCCO2)c1cocn1
O=C(NCC(Oc1ccc2c(cnn2-c2cccc(-n3cc4c(c3)CCC=C4)c2)c1)c1ccc2c(c1)OCCO2)c1ccncc1
O=C(NCC(Oc1ccc2c(cnn2-c2ccc3oncc3c2)c1)c1ccccc1)c1cocn1
N=c1ccnc(-n2ncc3cc(OC(CNC(=O)Cc4ccccc4)c4ccc5c(c4)OCCO5)ccc32)[nH]1
O=C(CCNCc1ccccc1)NCC(Oc1ccc2c(cnn2-c2ncc3ccccc3n2)c1)c1ccc2c(c1)OCCO2
O=C(NCC(Oc1ccc2c(cnn2-c2ncnc3c2CCC3)c1)c1cccnc1)c1ccsc1
O=C(Cc1cccc2ccccc12)NCC(Oc1ccc2c(cnn2-c2ccnn2-c2ccccc2)c1)c1ccc2c(c1)OCCO2
O=C(c1ccc[nH]c1=O)N1CCOc2cc(COc3ccc4c(cnn4-c4ccccc4)c3)ccc21
O=C(NCC(Oc1ccc2c(cnn2-c2cc(OCCOc3cccc4cccnc34)n[nH]2)c1)c1cccnc1)C1CCCCC1
c1cc(-n2ncc3cc(OCc4ccc5c(c4)CC4CC5CCN4)ccc32)ccn1
O=C(NCC(Oc1ccc2c(cnn2-c2ccnc3ccc(-c4cn[nH]c4)nc23)c1)c1ccc2c(c1)OCCO2)c1ccccc1
O=C(NCC(Oc1ccc2c(cnn2-c2ccc3nn[nH]c(=O)c3c2)c1)c1ccc2c(c1)OCC2)c1ccccc1
c1ccn2c(-n3ncc4cc(OCc5ccc6c(c5)OCCO6)ccc43)nnc2c1
O=C(NCC(Oc1ccc2c(cnn2-c2cc3ccccc3cn2)c1)c1ccc2c(c1)OCCO2)c1cccs1
O=C(NCC(Oc1ccc2c(cnn2-c2ccc3c(c2)CCNC3)c1)c1ccccc1)C1NCCO1
O=C(NCC(Oc1ccc2c(cnn2-c2cn(Cc3ccccc3)nn2)c1)c1ccc2c(c1)OCCCO2)C1COc2ccccc2C1
O=C(NCC(Oc1ccc2c(cnn2-c2c[nH]c3ncccc23)c1)c1ccc2c(c1)CCCO2)c1ccsc1
c1cnc2[nH]cc(-n3cc(-n4ncc5cc(OCc6ccc7c(c6)OCCCO7)ccc54)cn3)c2c1
O=C(NCC(Oc1ccc2c(cnn2-c2ccc3[nH]ncc3c2)c1)c1ccccc1)c1cccnn1
O=C(NCC(Oc1ccc2c(cnn2-c2nccc3c2CCN(Cc2ccco2)C3)c1)c1ccc2c(c1)OCCO2)c1csnn1
O=C(CNC(=O)c1ccco1)NC1CC1
c1ccc(-c2cccc(-n3ncc4cc(OC(c5ccc6c(c5)OCCO6)c5cnc[nH]5)ccc43)c2)cc1
O=C(NCC(Oc1ccc2c(cnn2-c2cnc3ccccn23)c1)c1ccccc1)C1CCCC1
c1cc2c(cc1COc1ccc3[nH]ncc3c1)OCCO2
O=C(NCC(Oc1ccc2c(cnn2-c2ccc3[nH]ncc3c2)c1)c1ccc2c(c1)OCCCO2)c1ccccc1
O=C(NCC(Oc1ccc2c(cnn2-c2ccc(=O)[nH]n2)c1)c1ccc2c(c1)OCCO2)C1CCNCC1
O=C(NCC(Oc1ccc2c(cnn2-c2ccc(N3CCCC3)nc2)c1)c1ccccc1)c1ccsc1
c1ccc(-c2cn(-c3ccc4ncc(COc5ccc6c(cnn6-c6ccccc6)c5)n4c3)nn2)cc1
O=C(NCC(Oc1ccc2c(cnn2-c2cn(-c3ccncc3)cn2)c1)c1ccccc1)c1ccncc1
c1ccc(COc2ccc3c(cnn3-c3nnc4ccccn34)c2)cc1
O=C(NCC(Oc1ccc2c(cnn2-c2ccc3occc3c2)c1)c1ccc2c(c1)OCCO2)C1COCCO1
O=C(NCC(Oc1ccc2c(cnn2-c2cnc3ncn(C4CCNCC4)c3c2)c1)c1ccc2c(c1)OCCO2)c1csnn1
O=C(Cc1cccs1)NCC(Oc1ccc2c(cnn2-c2cc(-c3cncnc3)n[nH]2)c1)c1ccc2c(c1)OCCO2
O=C(NCC(Oc1ccc2c(cnn2-c2cn[nH]c2)c1)c1ccc2c(c1)OCCO2)c1cccc2ccccc12
O=C(NCC(Oc1ccc2c(cnn2-c2cccnc2)c1)c1ccc2c(c1)OCCO2)c1nccc2sccc12
O=C(NCC(Oc1ccc2c(cnn2-c2nccc3c2cnn3-c2ccccc2)c1)c1ccc2c(c1)OCCCO2)c1ccncn1
O=C(NCC(Oc1ccc2c(cnn2-c2cccc3[nH]ncc23)c1)c1ccccc1)C1CCCN1
O=C(NCC(Oc1ccc2c(cnn2-c2ncnc3[nH]cnc23)c1)c1ccc2c(c1)OCCO2)C1CCCN1
O=C(NCC(Oc1ccc2c(cnn2-c2cnccn2)c1)c1ccc2c(c1)CCC2)c1ccccc1
O=C(NCC(Oc1ccc2c(cnn2-c2cn[nH]c2)c1)c1ccc2c(c1)OCCO2)c1cc[nH]n1
O=C(NCC(Oc1ccc2c(cnn2-c2ccnc(N3CCOCC3)n2)c1)c1ccc2c(c1)CCC2)C1CCCCC1
c1ccc(-n2cnc3c(-n4ncc5cc(OCc6ccc7c(c6)OCCO7)ccc54)ncnc32)cc1
O=C(NCC(Oc1ccc2c(cnn2-c2cnccn2)c1)c1ccc2c(c1)OCCO2)c1cncs1
O=C(NCC(Oc1ccc2c(cnn2-c2nn[nH]n2)c1)c1cccnc1)c1cnoc1
O=C(NCC(Oc1ccc2c(cnn2-c2cc(C(=O)NC3CC3)nn2-c2ccccc2)c1)c1ccc2c(c1)OCCCO2)c1ccncc1
O=C(NCC(Oc1ccc2c(cnn2-c2ccccn2)c1)c1ccc2c(c1)OCCO2)C1CCC2(CC2)CN1
c1ccc(-n2ncc3cc(OCc4nccs4)ccc32)cc1
O=C(NCC(Oc1ccc2c(cnn2-c2cncnc2)c1)c1ccc2c(c1)OCCCO2)c1ncco1
O=C(C1CC1)N1CCOc2cc(COc3ccc4c(cnn4-c4cccnn4)c3)ccc21
c1cc2c(cc1COc1ccc3c(cnn3-c3ncn(CCN4CCOCC4)n3)c1)OCCO2
O=S(=O)(NCC(Oc1ccc2c(cnn2-c2cccc(-c3ccccn3)c2)c1)c1ccc2c(c1)OCCO2)c1ccccc1
O=C(NCC(Oc1ccc2c(cnn2-c2ccnc(N3CCOCC3)n2)c1)c1ccc(C2CC2)s1)c1cnco1
O=C(NCC(Oc1ccc2c(cnn2-c2ccncn2)c1)c1ccccc1)c1cnco1
O=C(NCC(Oc1ccc2c(cnn2-c2ccc3nccn3n2)c1)c1ccc2c(c1)OCCO2)c1ccccc1
O=C(NCC(Oc1ccc2c(cnn2-c2cc(-c3cn[nH]c3)ccn2)c1)c1ccccc1)c1ccon1
O=C(Cc1cccc2ncccc12)NCC(Oc1ccc2c(cnn2-c2ccc3ocnc3c2)c1)c1ccc2c(c1)OCCO2
O=C(NCC(Oc1ccc2c(cnn2-c2cccc3c2cnn3-c2ccccn2)c1)c1ccc2c(c1)OCCO2)c1ccccc1
O=C(NCC(Oc1ccc2c(cnn2-c2cc(-c3cscn3)ccn2)c1)c1ccc2c(c1)OCCO2)c1cccc2nccnc12
O=C(Cc1cc2ccccc2o1)NCC(Oc1ccc2c(cnn2-c2ccc(-n3cccn3)cc2)c1)c1ccc2c(c1)OCCO2
O=c1c2ccc(NCc3nc4ccccc4o3)cc2cnn1-c1ccccc1
O=C(NCC(Oc1ccc2c(cnn2-c2nccc3ccsc23)c1)c1ccc2c(c1)OCCO2)c1ccc2cnccc2n1
O=C(NCC(Oc1ccc2c(cnn2-c2ccc3c(c2)OCCO3)c1)c1ccc2cccnc2c1)C1CCC1
O=C(NCC(Oc1ccc2c(cnn2-c2cncc(-c3cccnc3)c2)c1)c1ccc2c(c1)OCCO2)c1cccnc1
O=C(COc1ccccc1)NCC(Oc1ccc2c(cnn2-c2cccc3c2cnn3-c2ccccc2)c1)c1ccc2c(c1)OCCCO2
O=C(Cc1ccccc1)NCC(Oc1ccc2c(cnn2-c2nncs2)c1)c1ccc2c(c1)OCCO2
O=C(NCC(Oc1ccc2c(cnn2-c2cc3ccccc3cn2)c1)c1ccc2c(c1)CCC2)c1cccc2c1CNC2
O=C(NCC(Oc1ccc2c(cnn2-c2nc3ccccc3s2)c1)c1ccccc1)c1cocn1
O=C(NC1CCCc2c1cnn2-c1ccccc1-n1cncn1)c1cccc(-n2cnnn2)c1
O=C(NCC(Oc1ccc2c(cnn2-c2nnco2)c1)c1ccc2c(c1)OCCO2)c1cccc2ccoc12
O=C(Cc1ccccc1)NCC(Oc1ccc2c(cnn2-c2nc3ccccc3[nH]2)c1)c1ccccn1
O=C(NCC(Oc1ccc2c(cnn2-c2nc3ccccc3[nH]2)c1)c1ccc2c(c1)CCC2)C1CCOC1
O=C(Cc1ccccc1)NCC(Oc1ccc2c(cnn2-c2ccncc2)c1)c1ccc2c(c1)OCCCO2
O=C(COc1ccccc1)NCC(Oc1ccc2c(cnn2-c2ncc3c(n2)CCNC3)c1)c1ccc2c(c1)OCCO2
O=C(NCC(Oc1ccc2c(cnn2-c2ccc(-n3cnccc3=O)cc2)c1)c1ccc2c(c1)OCCO2)c1ccn[nH]1
O=C(NCC(Oc1ccc2c(cnn2-c2ccc3ncccc3c2)c1)c1ccc2c(c1)COC2)C1CCCOC1
O=C(NCC(Oc1ccc2c(cnn2-c2cccnc2)c1)c1ccc2c(c1)OCCO2)c1cnco1
O=C(NCC(Oc1ccc2c(cnn2-c2nccc3c2CN(Cc2ccccn2)C3)c1)c1ccncc1)c1nc2ccccc2s1
O=C(NCC(Oc1ccc2c(cnn2-c2cnc3n(c2=O)CCC3)c1)c1ccc2c(c1)OCCO2)C1CC1
O=C(NCC(Oc1ccc2c(cnn2-c2ccc3[nH]cnc3c2)c1)c1ccc2c(c1)OCCO2)c1cccnc1
O=C(NCC(Oc1ccc2c(cnn2-c2ccnc(N3CCCOCC3)n2)c1)c1ccccc1)C1COCCO1
c1ccc(-n2ncc3cc(OCc4ccccc4OC4CCC4)ccc32)cc1
O=C(NCC(Oc1ccc2c(cnn2-c2cnccn2)c1)c1ccc2c(c1)CCC2)c1cccnc1
O=C(NCC(Oc1ccc2c(cnn2-c2cccc(-n3ccnn3)c2)c1)c1ccc2c(c1)OCCO2)c1ccncn1
O=C(CC1CCCCC1)NCC(Oc1ccc2c(cnn2-c2ccccn2)c1)c1ccc2c(c1)OCCCO2
O=C(NCC(Oc1ccc2c(cnn2-c2cccnn2)c1)c1ccccc1)c1cccnc1
O=C(NCC(Oc1ccc2c(cnn2-c2c[nH]nn2)c1)c1ccc2c(c1)OCCO2)c1ccccc1
O=C(NCC(Oc1ccc2c(cnn2-c2nncs2)c1)c1ccc2c(c1)OCCO2)c1cscn1
O=C(NCC(Oc1ccc2c(cnn2-c2cnc3ccncc3c2)c1)c1ccc2c(c1)OCCO2)c1c[nH]cn1
O=C(NCC(Oc1ccc2c(cnn2-c2cnc3c(c2)OCCN3)c1)c1ccc2c(c1)OCCCO2)c1cncs1
O=C(NCC(Oc1ccc2c(cnn2-c2cccc(-c3nn(C4CCCNC4)c4c3CNCC4)n2)c1)c1ccc2c(c1)OCCO2)c1ccon1
O=C(NCC(Oc1ccc2c(cnn2-c2cnn(C3CNC3)c2)c1)c1ccc2ncsc2c1)c1cccnc1
O=C(NCC(Oc1ccc2c(cnn2-c2cccc(N3CCCCC3)n2)c1)c1ccccc1)c1nn[nH]n1
c1ccc(COc2ccc3c(cnn3-c3cccc(-c4ncon4)n3)c2)cc1
O=C(NCC(Oc1ccc2c(cnn2-c2ccnc(-n3cccn3)c2)c1)c1ccc2c(c1)OCCO2)c1ccc[nH]1
O=C(NCC(Oc1ccc2c(cnn2-c2cn[nH]c2)c1)c1ccc2c(c1)OCCO2)c1cnccn1
O=C(NCC(Oc1ccc2c(cnn2-c2ncnc3[nH]ccc23)c1)c1ccc2c(c1)CCCO2)c1ccccc1
O=C(NCC(Oc1ccc2c(cnn2-c2cc(-c3ccncn3)cc(N3CC4CC3C4)n2)c1)c1ccccc1)C1CCCO1
O=C(NCC(Oc1ccc2c(cnn2-c2cccc(C3CC3)n2)c1)c1ccc2c(c1)CCC2)c1ccon1
O=C(NCC(Oc1ccc2c(cnn2-c2n[nH]c3ccccc23)c1)c1ccccc1)c1cn[nH]c1
O=C(NCC(Oc1ccc2c(cnn2-c2ccccn2)c1)c1ccc2c(c1)CCC2)c1cnco1
O=C(NCC(Oc1ccc2c(cnn2-c2n[nH]c3ccncc23)c1)c1ccc2c(c1)OCCO2)c1ccccc1
O=C(NCC(Oc1ccc2c(cnn2-c2cnc3cnccn23)c1)c1ccccc1)c1cc2cnccc2[nH]1
O=C(NCc1ccccc1)c1ccc(-n2ncc3cc(OC(CNC(=O)c4ccon4)c4ccccc4)ccc32)cc1
O=C(NCC(Oc1ccc2c(cnn2-c2cn(CC3CCCCC3)nn2)c1)c1ccccc1)C1CCCC1
c1ccc2c(c1)OCCO2
O=C(NCC(Oc1ccc2c(cnn2-c2ccc(N3CCOCC3)nn2)c1)c1ccccc1)c1ccccc1
O=C(NCC(Oc1ccc2c(cnn2-c2ccn3ccnc3c2)c1)c1ccccc1)c1cnccn1
O=C(NCC(Oc1ccc2c(cnn2-c2ccccc2-c2ncccn2)c1)c1ccc2c(c1)OCCO2)c1nccs1
O=C(NCC(Oc1ccc2c(cnn2-c2nnc(-c3ccccc3)o2)c1)c1ccc2c(c1)OCCO2)c1cc[nH]n1
O=C(NCC(Oc1ccc2c(cnn2-c2cccc(-n3ncc4cnccc43)c2)c1)c1ccc2c(c1)OCCO2)c1coc2ccccc12
O=C(NCC(Oc1ccc2c(cnn2-c2ccc3ncoc3c2)c1)c1ccc2c(c1)OCCO2)c1cccnc1
c1cc(-n2ncc3cc(OCc4ccc5c(c4)OCCO5)ccc32)nc(C2CC2)n1
O=C(NCC(Oc1ccc2c(cnn2-c2cc3ccccc3cn2)c1)c1ccc2c(c1)OCCO2)C1CCCOC1
O=C(NCC(Oc1ccc2c(cnn2-c2nccc3cncnc23)c1)c1ccc2[nH]ccc2c1)c1cncs1
O=C(NCC(Oc1ccc2c(cnn2-c2ccc3c(c2)CCN(Cc2cccs2)C3)c1)c1ccc2c(c1)OCCO2)C1CCOCC1
O=C(NCC(Oc1ccc2c(cnn2-c2ccon2)c1)c1ccc2c(c1)CCC2)c1ncn2c1CCC2
c1cc2c(cc1COc1ccc3c(cnn3-c3cnc4ccc(N5CCOCC5)nn34)c1)OCCO2
O=C(COCCSc1nnc(CNc2ccccc2)[nH]1)Nc1cn(Cc2ccccc2)c(=O)[nH]c1=O
O=C(NCC(Oc1ccc2c(cnn2-c2ncc3c(n2)CCNC3)c1)c1ccccc1)c1cscn1
O=C(NCC(Oc1ccc2c(cnn2-c2csc(-c3cccnc3)n2)c1)c1ccc2c(c1)OCCO2)c1cncnc1
O=C(NCC(Oc1ccc2c(cnn2-c2cn3ccccc3n2)c1)c1ccc2c(c1)OCCO2)c1ccncc1
O=C(NCC(Oc1ccc2c(cnn2-c2cccc(C3CC3)n2)c1)c1ccc2c(c1)OCCO2)c1nccs1
O=C(NCC(Oc1ccc2c(cnn2-c2cncc(-c3ccccc3)c2)c1)c1ccc2c(c1)OCCO2)c1cocn1
O=C(NCC(Oc1ccc2c(cnn2-c2cncc(-c3cccnc3)c2)c1)c1ccc2c(c1)OCCO2)c1ccccc1
O=C(NCC(Oc1ccc2c(cnn2-c2ccc3ccccc3n2)c1)c1ccc2c(c1)OCCC2)c1cnco1
O=C(CNC(=O)COc1ccccc1)NCc1ccccc1
O=C(NCC(Oc1ccc2c(cnn2-c2ccc(-n3cccn3)cc2)c1)c1ccc2c(c1)OCCO2)C1CCOC1
O=C(NCC(Oc1ccc2c(cnn2-c2cccc(-n3cccn3)c2)c1)c1ccccc1)c1nc[nH]n1
O=C(NCC(Oc1ccc2c(cnn2-c2nncc3ccccc23)c1)c1ccc2c(c1)OCCO2)c1cccnc1
O=C(NCC(Oc1ccc2c(cnn2-c2cnc3ccccc3n2)c1)c1ccc2c(c1)CNC2)c1cnco1
O=C(NCC(Oc1ccc2c(cnn2-c2nc(N3CCOCC3)nc(N3CCOCC3)n2)c1)c1ccc2c(c1)OCCO2)c1ccsc1
O=C(NCC(Oc1ccc2c(cnn2-c2nc3cnccn3c2-c2ccncc2)c1)c1ccccc1)c1ccsc1
O=C(Cc1ccccc1)NCC(Oc1ccc2c(cnn2-c2cccc3[nH]ncc23)c1)c1ccc2c(c1)OCCO2
O=C(NCC(Oc1ccc2c(cnn2-c2cc(C3CC3)ncn2)c1)c1cccnc1)c1nncs1
O=C(NCC(Oc1ccc2c(cnn2-c2cccc(N3CCCCC3)n2)c1)c1ccccn1)c1cnccn1
O=C(NCC(Oc1ccc2c(cnn2-c2nc(N3CCOCC3)ncc2-c2ccnnc2)c1)c1ccc2c(c1)OCCO2)c1cnoc1
O=C(NCC(Oc1ccc2c(cnn2-c2cnc3c(c2)=NCCN=3)c1)c1ccc2c(c1)OCCO2)c1cnoc1
O=C(NCC(Oc1ccc2c(cnn2-c2nnn[nH]2)c1)c1ccc2c(c1)OCCO2)c1cocn1
O=C(NCC(Oc1ccc2c(cnn2-c2ccc3ccccc3c2)c1)c1ccc2c(c1)OCCCO2)c1ccco1
c1cc2c(cc1CCN1CCc3onc(-c4ccc5c(c4)CCCC5)c3C1)OCCO2
O=C(NCC(Oc1ccc2c(cnn2-c2cn(-c3cn[nH]c3)cn2)c1)c1ccccc1)c1ncns1
O=C(Cc1ccsc1)NCC(Oc1ccc2c(cnn2-c2nccc3c2CCNC3)c1)c1ccc2c(c1)OCCCO2
O=C(NCC(Oc1ccc2c(cnn2-c2nccc3c2CCN3)c1)c1ccc2c(c1)OCC2)c1cc[nH]n1
O=C(Cc1ccncc1)NCC(Oc1ccc2c(cnn2-c2cccnn2)c1)c1ccc2c(c1)OCCO2
O=C(CCc1ccccc1)NCC(Oc1ccc2c(cnn2-c2cc[nH]n2)c1)c1ccc2c(c1)OCCCO2
O=C(NCC(Oc1ccc2c(cnn2-c2nnc[nH]2)c1)c1ccc2c(c1)OCCCO2)c1ccccc1
O=C(Cc1cccc2ccccc12)NCC(Oc1ccc2c(cnn2-c2cncc3nccn23)c1)c1ccc2c(c1)CCC2
O=C(NCC(Oc1ccc2c(cnn2-c2cnc3ccnn3c2)c1)c1ccc2c(c1)OCCO2)c1nnc(-c2ccccc2)o1
O=C(NCC(Oc1ccc2c(cnn2-c2ccccn2)c1)c1ccncc1)c1nnc(-c2ccccc2)o1
O=C(NCC(Oc1ccc2c(cnn2-c2ccc3nonc3c2)c1)c1ccccc1)c1nnoc1-c1ccccc1
N=c1[nH]oc2ccc(-n3ncc4cc(OC(CNC(=O)C5CCC5)c5ccccc5)ccc43)cc12
c1nc(-n2ncc3cc(OCc4ccc5c(c4)OCCO5)ccc32)c2[nH]ncc2n1
O=C(NCC(Oc1ccc2c(cnn2-c2nccc(C3CC3)n2)c1)c1ccccc1)c1cn2ccsc2n1
O=C(Cc1cccc2[nH]ccc12)NCC(Oc1ccc2c(cnn2-c2cn(CC3CCCCC3)nn2)c1)c1ccc2c(c1)OCCO2
O=C(NCC(Oc1ccc2c(cnn2-c2ccccn2)c1)c1ccc2c(c1)OCCO2)c1ccccc1
O=C(NCC(Oc1ccc2c(cnn2-c2cnc3ccccc3n2)c1)c1ccc2c(c1)OCCO2)c1cccs1
O=C(NCC(Oc1ccc2c(cnn2-c2nccc3c2CNC3)c1)c1ccc2c(c1)OCCO2)c1ccn[nH]1
O=C(NCC(Oc1ccc2c(cnn2-c2ccnc(-c3ccccc3)c2)c1)c1ccccc1)c1ccon1
O=C(NCC(Oc1ccc2c(cnn2-c2ccc3cccnc3c2)c1)c1ccc2c(c1)OCCO2)c1ccoc1
O=C(NCC(Oc1ccc2c(cnn2-c2nncs2)c1)c1ccccc1)c1ccco1
O=C(NCC(Oc1ccc2c(cnn2-c2nn(Cc3ccccc3)c3ncncc23)c1)c1ccc2c(c1)OCCO2)C1CCC1
O=C(NCC(Oc1ccc2c(cnn2-c2nccc3c2CCN(CC2CC2)C3)c1)c1ccc2c(c1)OCCO2)c1ccco1
O=C(CCCc1ccccc1)NCC(Oc1ccc2c(cnn2-c2nccc(-c3cn[nH]c3)n2)c1)c1ccc2c(c1)OCCO2
O=C(NC(CC1CCCC1)C(=O)NCC(Oc1ccc2c(cnn2-c2ccccc2)c1)c1ccc(-n2cccc2)cc1)c1ccno1
O=C(NCC(Oc1ccc2c(cnn2-c2cnc3nc(N4CCCCC4)ncc3c2)c1)c1ccc2c(c1)OCCO2)c1ccccc1
O=C(NCC(Oc1ccc2c(cnn2-c2ccn[nH]2)c1)c1ccc2c(c1)OCCO2)c1csnn1
O=C(NCC(Oc1ccc2c(cnn2-c2cccnc2-c2ccccn2)c1)c1ccccc1)c1ccco1
N=c1[nH]cc(-c2cnn(C3CC3)c2)cc1-n1ncc2cc(OC(CNC(=O)c3cnoc3)c3ccccc3)ccc21
O=C(NCC(Oc1ccc2c(cnn2-c2cncnc2)c1)c1ccc2c(c1)CCO2)c1cncs1
O=C(NCC(Oc1ccc2c(cnn2-c2cccc(N3CCOCC3)n2)c1)c1ccccc1)c1cncs1
O=C(NCC(Oc1ccc2c(cnn2-c2ccc(N3CCOCC3)nc2)c1)c1ccc2c(c1)OCCO2)c1cccc2ccccc12
O=C(NCC(Oc1ccc2c(cnn2-c2cc3c(cn2)OCc2ccccc2-3)c1)c1ccc2c(c1)CNC2)C1CCC1
O=C(NCC(Oc1ccc2c(cnn2-c2nc(C3CC3)nc3c2CCC3)c1)c1cccnc1)C1CC1
O=C(NCC(Oc1ccc2c(cnn2-c2ncnc3c2CCC3)c1)c1ccccc1)c1cccc2ccccc12
O=C(NCC(Oc1ccc2c(cnn2-c2nc(N3CCOCC3)cc(=O)[nH]2)c1)c1cccnc1)C1CCCOC1
O=C(NCC(Oc1ccc2c(cnn2-c2ccccn2)c1)c1cnc2ccccc2n1)C1CCCC1
O=C(NCC(Oc1ccc2c(cnn2-c2cncc(C3CC3)n2)c1)c1ccc2c(c1)OCCO2)c1nccs1
O=C(NCC(Oc1ccc2c(cnn2-c2cccc3nc[nH]c23)c1)c1ccccc1)c1ccccc1
O=S(=O)(NCCNc1cccc2c1cnn2-c1cccc2c1cnn2CC1CC1)c1cnoc1
O=C(NCC(Oc1ccc2c(cnn2-c2cn[nH]c2)c1)c1ccc2c(c1)OCCO2)c1ccccc1
O=C(NCC(Oc1ccc2c(cnn2-c2ccccc2-c2nc[nH]n2)c1)c1ccc2c(c1)OCCO2)c1ncc[nH]1
O=C(NCC(Oc1ccc2c(cnn2-c2nccc3c2CCNC3=O)c1)c1ccccc1)c1ncc(-c2cncnc2)s1
O=C(NCC(Oc1ccc2c(cnn2-c2cnn(-c3ccn[nH]3)c2)c1)c1ccc2c(c1)OCCO2)c1ccn[nH]1
c1cncc(-n2ncc3cc(OCc4ccc5c(c4)OCCCO5)ccc32)c1
O=C(NCC(Oc1ccc2c(cnn2-c2cccnc2)c1)c1ccc2c(c1)OCCO2)c1n[nH]c2c1CCCC2
O=C(NCC(Oc1ccc2c(cnn2-c2ccc(-c3ncon3)cc2)c1)c1cccnc1)c1cnoc1
O=C(NCC(Oc1cc2cnn(-c3ccn[nH]3)c2s1)c1ccc2c(c1)OCCO2)c1cncnc1
O=C(NCC(Oc1ccc2c(cnn2-c2ccncc2)c1)c1ccc2c(c1)CCC2)c1ccccc1
O=C(NCC(Oc1ccc2c(cnn2-c2nccc3c2CCNC3)c1)c1ccc2c(c1)OCCO2)c1[nH]nc2c1CCCC2
O=C(NCC(Oc1ccc2c(cnn2-c2cnc3c(c2)CCNC3=O)c1)c1ccc2c(c1)OCCC2)c1ccccc1
c1ccc2sc(-n3ncc4cc(OCc5ccc6c(c5)OCCO6)ccc43)nc2c1
O=C(NCC(Oc1ccc2c(cnn2-c2ccccn2)c1)c1ccc2c(c1)OCCO2)c1c[nH]cn1
O=C(NCC(Oc1ccc2c(cnn2-c2nc(C3CC3)nc3c2CCCC3)c1)c1ccccc1)c1cnoc1
O=C(NCC(Oc1ccc2c(cnn2-c2ccncn2)c1)c1ccc2c(c1)OCCO2)c1ccon1
O=C(NCC(Oc1ccc2c(cnn2-c2cnn(CCN3CCOCC3)c2)c1)c1ccc2c(c1)OCCCO2)c1cnoc1
O=C(NCC(Oc1ccc2c(cnn2-c2cnc3cccnc3c2)c1)c1ccc2c(c1)OCCCO2)c1ccn[nH]1
O=C(CCc1ccccc1)NCC(Oc1ccc2c(cnn2-c2ccnn2-c2ccccc2)c1)c1ccc2c(c1)OCCO2
O=C(NCC(Oc1ccc2c(cnn2-c2ncco2)c1)c1ccc2c(c1)OCCN2Cc1cnc[nH]1)c1cccnc1
O=C(NCC(Oc1ccc2c(cnn2-c2cccc(-c3ccccn3)c2)c1)c1cccs1)c1cnco1
O=C(NCC(Oc1ccc2c(cnn2-c2nc(=NCc3cccnc3)[nH]s2)c1)c1ccccc1)c1cc2ccn(-c3ccccc3)c2cn1
c1csc(COc2ccc3c(cnn3-c3n[nH]c4ccncc34)c2)c1
O=C(NCC(Oc1ccc2c(cnn2-c2c[nH]c(C(=O)NCc3ccccc3)c2)c1)c1ccc2c(c1)OCCCO2)c1ccon1
O=C(NCC(Oc1ccc2c(cnn2-c2nn[nH]n2)c1)c1ccc2c(c1)CCC2)c1ccccc1
O=C(NCC(Oc1ccc2c(cnn2-c2cnc3[nH]ncc3c2)c1)c1ccc2c(c1)OCCO2)c1ccco1
O=C(NCC(Oc1ccc2c(cnn2-c2nccc3c2CCN(C(=O)C2CC2)C3)c1)c1ccc2c(c1)OCCO2)c1ccccc1
O=C(NCC(Oc1ccc2c(cnn2-c2cnc3[nH]c(=O)[nH]c3n2)c1)c1ccc2c(c1)OCCO2)c1cocn1
O=C(NCC(Oc1ccc2c(cnn2-c2ccncc2)c1)c1ccccn1)c1ccccc1
O=C(NCC(Oc1ccc2c(cnn2-c2cc3ccccc3nn2)c1)c1ccccc1)c1ccn[nH]1
O=C(NCC(Oc1ccc2c(cnn2-c2cccc(-c3ccccn3)c2)c1)c1ccc2c(c1)OCCO2)c1ccccn1
O=C(NCC(Oc1ccc2c(cnn2-c2ncnc3[nH]ccc23)c1)c1ccccc1)C1CCCN1
c1cc2c(cc1COc1ccc3c(cnn3-c3ccc(-c4ncc5c(n4)CCNC5)nn3)c1)OCCO2
O=C(CCc1ccccc1)NCC(Oc1cc2cnn(-c3cccc4nccnc34)c2s1)c1ccc2c(c1)OCCO2
O=C(NCC(Oc1ccc2c(cnn2-c2ncccc2-c2cncnc2)c1)c1ccc2c(c1)OCCO2)c1cccnc1
O=C(NCC(Oc1ccc2c(cnn2-c2ccccc2-c2ncco2)c1)c1ccccc1)c1cncs1
O=C(NCC(Oc1ccc2c(cnn2-c2ncns2)c1)c1ccc2c(c1)CCO2)c1ccccc1
O=C(NCC(Oc1ccc2c(cnn2-c2cccc(N3CCOCC3)n2)c1)c1ccccc1)c1cn[nH]n1
O=c1c(-n2ccnc2)c[nH]n1-c1ccccc1
O=C(NCC(Oc1ccc2c(cnn2-c2cccc(-c3cccnc3)c2)c1)c1ccccc1)c1cccs1
O=C(NCC(Oc1ccc2c(cnn2-c2cncc(-c3ccccc3)c2)c1)c1cccnc1)C1CCCCO1
O=C(NCC(Oc1ccc2c(cnn2-c2cccnc2)c1)c1ccc2c(c1)CCC2)c1ccccc1
O=C(NCC(Oc1ccc2c(cnn2-c2ncnn2-c2cn[nH]c2)c1)c1ccccc1)C1CCC1
O=C(NCC(Oc1ccc2c(cnn2-c2ccccc2)c1)c1ccc2c(c1)OCCO2)c1ncc[nH]1
c1coc(-c2nc3cccc(-c4cccs4)c3[nH]2)c1
O=C(NCC(Oc1ccc2c(cnn2-c2ncnc3ccccc23)c1)c1ccc2c(c1)OCC2)c1cnco1
O=C(NCC(Oc1ccc2c(cnn2-c2ncncc2-c2ccon2)c1)c1ccc2c(c1)OCCCO2)c1cn2ccccc2n1
O=C(NCC(Oc1ccc2c(cnn2-c2cnc3ncnn3c2-c2cncnc2)c1)c1ccc2c(c1)OCCO2)C1CCC1
c1cc2c(cc1COc1ccc3c(cnn3-c3cc4c(cn3)CNCC4)c1)OCCCO2
N=c1nc(-n2ncc3cc(OC(CNC(=O)c4ccnnc4)c4ccccc4)ccc32)cc[nH]1
O=C(NCC(Oc1ccc2c(cnn2-c2cccc(N3CCCC3)n2)c1)c1ccccc1)C1CC1
N=c1[nH]c(-n2ncc3cc(OC(CNC(=O)c4ccno4)c4ccc5c(c4)OCCO5)ccc32)cs1
O=C(NCC(Oc1ccc2c(cnn2-c2cccc(-c3cccnc3)c2)c1)c1ccc2c(c1)OCCO2)c1cscn1
O=C(NCCOc1ccccc1)c1nnn(-c2ccccc2)c1-c1ccccc1
O=C(NCC(Oc1ccc2c(cnn2-c2cccnc2)c1)c1ccc2c(c1)OCCO2)c1ccn[nH]1
O=C(NCC(Oc1ccc2c(cnn2-c2cc3c(cn2)CCC3)c1)c1ccc2c(c1)OCCCO2)c1ccncc1
O=C(NCC(Oc1ccc2c(cnn2-c2ccn[nH]2)c1)c1ccccc1)c1nsc2ccccc12
O=C(Cc1ccccc1)NCC(Oc1ccc2c(cnn2-c2ccc3ncnn3c2)c1)c1ccc2c(c1)OCCC2
N=c1[nH]onc1-n1ncc2cc(OC(CNC(=O)c3conn3)c3ccccc3)ccc21
O=C(NCC(Oc1ccc2c(cnn2-c2ccc(-c3cn[nH]c3)nc2)c1)c1ccccc1)c1cccnc1
O=C(NCC(Oc1ccc2c(cnn2-c2cnc3[nH]ccc3c2)c1)c1ccc2c(c1)OCCCO2)c1ccccc1
O=C(NCC(Oc1ccc2c(cnn2-c2ccc3[nH]ccc3c2)c1)c1ccc2c(c1)OCCCO2)c1cnsn1
O=C(NCC(Oc1ccc2c(cnn2-c2n[nH]c3ccccc23)c1)c1ccc2c(c1)OCCO2)c1cnccn1
O=C(NCC(Oc1ccc2c(cnn2-c2cnccn2)c1)c1ccccc1)c1cccc2ccoc12
O=C(NCC(Oc1ccc2c(cnn2-c2cc3c(cn2)CCC3)c1)c1ccc2c(c1)OCCO2)C1CCNCC1
O=c1c2ccccc2nc(-c2cccnc2)n1-c1ccc2[nH]c(-c3cnc(-n4cccn4)nc3)nc2c1
O=C(NCC(Oc1ccc2c(cnn2-c2nc(C3CC3)cnc2N2CC3CC2CO3)c1)c1ccc2c(c1)OCCO2)c1cnco1
O=C(NCC(Oc1ccc2c(cnn2-c2cccc(-n3ncc4ccccc4c3=O)c2)c1)c1ccc2c(c1)OCCO2)c1cccnc1
O=C(NCC(Oc1ccc2c(cnn2-c2cccc(N3CCOCC3)n2)c1)c1ccccc1)c1c[nH]cn1
O=C(NCC(Oc1ccc2c(cnn2-c2ccon2)c1)c1ccc2c(c1)OCCO2)c1csc2cccnc12
O=C(NCC(Oc1ccc2c(cnn2-c2cccc(-n3cccn3)c2)c1)c1ccc2c(c1)CCO2)C1COCCO1
O=C(Cc1ccccc1)NCC(Oc1ccc2c(cnn2-c2cncnc2)c1)c1ccc2c(c1)OCCO2
c1cc2cnc(-n3ncc4cc(OCc5ccc6c(c5)OCCO6)ccc43)cc2o1
c1ccc2cc(-n3ncc4cc(OCc5ccc6c(c5)OCCN6)ccc43)ncc2c1
O=C(NCC(Oc1ccc2c(cnn2-c2cc(C3=CCCCC3)ncn2)c1)c1ccc2c(c1)OCCO2)c1ccccc1
O=C(NCC(Oc1ccc2c(cnn2-c2cnc3ccccc3n2)c1)c1ccc2c(c1)OCCO2)C1CCCO1
O=C(NCC(Oc1ccc2c(cnn2-c2ccc3c(c2)OCCO3)c1)c1ccc2c(c1)OCCCO2)C1CCCN1C(=O)c1ncco1
N=c1nc(-n2ncc3cc(OC(CNC(=O)C4CCOC4)c4ccc5c(c4)CCO5)ccc32)cc[nH]1
O=C(NCC(Oc1ccc2c(cnn2-c2ccnc(-c3ccncc3)c2)c1)c1ccc2c(c1)OCCO2)c1ccccc1
N=c1nc(-n2ncc3cc(OC(CNC(=O)c4ccccc4)c4ccc5c(c4)OCC5)ccc32)cc[nH]1
O=C(Cn1ncc2cnc(-n3ncc4cc(OCc5ccc6c(c5)OCCO6)ccc43)cc21)N1CCOCC1
O=C(Cn1ncc2ccccc21)NCC(Oc1ccc2c(cnn2-c2ccccc2)c1)c1ccc2c(c1)OCCO2
O=C(NCC(Oc1ccc2c(cnn2-c2ccnc(C3CC3)n2)c1)c1ccc2ccccc2n1)c1ccno1
O=C(NCC(Oc1ccc2c(cnn2-c2cncc(-c3cscn3)n2)c1)c1ccc2c(c1)OCCO2)c1cnc[nH]1
O=C(NCC(Oc1ccc2c(cnn2-c2ccc3c(c2)OCCO3)c1)c1ccccc1)c1ccccc1
O=C(NCC(Oc1ccc2c(cnn2-c2ncnc3[nH]cnc23)c1)c1ccc2c(c1)CCNC2)c1ccc[nH]1
O=C(NCC(Oc1ccc2c(cnn2-c2ccn[nH]2)c1)c1ccc2c(c1)OCCO2)c1cc2ccccc2s1
O=C(NCC(Oc1ccc2c(cnn2-c2cccnc2-c2ccc(-n3cccn3)cn2)c1)c1ccccc1)c1ccncc1
O=C(NCC(Oc1ccc2c(cnn2-c2nccc3c2CNC3=O)c1)c1ccc2c(c1)OCCO2)c1ccccc1
O=C(NCC(Oc1ccc2c(cnn2-c2cccc3cnnn23)c1)c1ccccc1)c1ccco1
c1ccc(CCc2ccc3cnn(-c4ccccc4)c3n2)cc1
O=C(NCC(Oc1ccc2c(cnn2-c2ccccc2)c1)c1ncco1)c1cnoc1
O=C(NCC(Oc1ccc2c(cnn2-c2ccnc(-n3ncc4ccccc43)c2)c1)c1ccccc1)c1cocn1
O=C(c1ccccc1)N1CCc2cc(COc3ccc4c(cnn4-c4ccccc4)c3)ccc2C1
O=C(NCC(Oc1ccc2c(cnn2-c2ccccc2-c2ccnn2-c2ccccn2)c1)c1ccc2c(c1)OCCO2)c1ccccc1
O=C(NCC(Oc1ccc2c(cnn2-c2n[nH]c3ccncc23)c1)c1ccc2c(c1)OCCO2)c1cccnc1
O=C(NCC(Oc1ccc2c(cnn2-c2cccnc2)c1)c1ccc2c(c1)OCCCO2)c1nncs1
O=C(Cc1cccc2ccccc12)NCC(Oc1ccc2c(cnn2-c2cccnc2)c1)c1ccc2c(c1)OCCO2
O=C(NCC(Oc1ccc2c(cnn2-c2ccccc2)c1)c1ccc2c(c1)OCCO2)c1ccccc1
O=C(NCC(Oc1ccc2c(cnn2-c2ncnc3cc[nH]c23)c1)c1ccccc1)c1cscn1
O=C(NCC(Oc1ccc2c(cnn2-c2ccncn2)c1)c1ccccn1)C(Cc1ccccc1)c1cccs1
c1cnc2c(COc3ccc4c(cnn4-c4nccc5[nH]ncc45)c3)cccc2c1
O=C(Cc1coc2ccccc12)NCC(Oc1ccc2c(cnn2-c2ncc3ccccc3n2)c1)c1ccnc2ccccc12
O=C(NCC(Oc1ccc2c(cnn2-c2cc3ncccc3cn2)c1)c1ccc2c(c1)CCO2)c1cscn1
O=C(NCC(Oc1ccc2c(cnn2-c2cn(CC3CC3)nn2)c1)c1ccc2occc2c1)C1COc2ncccc21
O=C(NCC(Oc1ccc2c(cnn2-c2nnc(-c3ccccc3)o2)c1)c1ccccc1)c1ccco1
O=C(NCC(Oc1ccc2c(cnn2-c2ncc3c(n2)-c2ccccc2C3)c1)c1ccc2c(c1)OCCO2)c1cnc2[nH]ncc2c1
O=C(NCC(Oc1ccc2c(cnn2-c2cnn(C3CCNCC3)c2)c1)c1ccc2c(c1)CCC2)c1cccc2ccccc12
O=C(NCC(Oc1ccc2c(cnn2-c2ccccc2)c1)c1ccc2c(c1)OCCCO2)c1ccccc1
c1ccc2c(-n3ncc4cc(OCc5ccc6c(c5)OCCO6)ccc43)n[nH]c2c1
O=C(NCC(Oc1ccc2c(cnn2-c2cnn(-c3ccccc3)c2)c1)c1ccc2c(c1)CCO2)C1CC1
O=C(NCC(Oc1ccc2c(cnn2-c2ccccc2)c1)c1cccc2c1OCC2)C1CCc2ccccc2C1
O=c1c2cc(C3=CCNCC3)ccc2ccn1-c1ccccc1
O=C(NCC(Oc1ccc2c(cnn2-c2nncs2)c1)c1ccc2c(c1)OCCO2)c1cccc2c1cnn2-c1ccccc1
O=C(NCC(Oc1ccc2c(cnn2-c2ccc3cnc(N4CCOCC4)nc3n2)c1)c1ccccc1)c1cscn1
O=C(NCC(Oc1ccc2c(cnn2-c2cc3ccccc3cn2)c1)c1ccc2c(c1)OCCO2)c1cccc2cn[nH]c12
O=C(NCC(Oc1ccc2c(cnn2-c2cc(-c3ncccn3)ccn2)c1)c1ccccc1)c1cn[nH]c1
O=C(NCC(Oc1ccc2c(cnn2-c2cnn(C3COC3)c2)c1)c1ccc2c(c1)OCCN2)C1CCC1
O=C(NCC(Oc1ccc2c(cnn2-c2cc[nH]n2)c1)c1ccccc1)c1cn[nH]c1
O=C(NCC(Oc1ccc2c(cnn2-c2ccccn2)c1)c1ccc2c(c1)OCCO2)c1cccs1
O=C(NCC(Oc1ccc2c(cnn2-c2nnco2)c1)c1ccccc1)c1cc(C2CC2)on1
O=C(NCC(Oc1ccc2c(cnn2-c2cn[nH]c2)c1)c1ccc2ccccc2n1)C12CC=CC(CC1)C2
c1cnn2cc(-n3ncc4cc(OCc5ccc6c(c5)OCCO6)ccc43)nc2c1
O=C(NCC(Oc1ccc2c(cnn2-c2nc(C3CC3)cs2)c1)c1ccccc1)c1cccc2ccccc12
O=C(NCC(Oc1ccc2c(cnn2-c2ccc3c(c2)OCCO3)c1)c1ccc2c(c1)OCCO2)c1ccnnc1
O=C(NCC(Oc1ccc2c(cnn2-c2ccc(-n3cccn3)cn2)c1)c1ccc2c(c1)OCCO2)c1ccnnc1
O=C(NCC(Oc1ccc2c(cnn2-c2cnc(N3CCNCC3)nc2)c1)c1ccc2c(c1)OCCO2)c1ccccc1
O=C(Cc1ccccc1)NCC(Oc1ccc2c(cnn2-c2ccccc2-c2ccncn2)c1)c1ccc2c(c1)OCCO2
O=C(NCC(Oc1ccc2c(cnn2-c2cnn(C3CCCC3)c2)c1)c1ccc2c(c1)CCC2)c1ccccc1
O=C(CCc1cccs1)NCC(Oc1ccc2c(cnn2-c2cncnc2)c1)c1ccc2c(c1)OCCO2
O=C(NCC(Oc1ccc2c(cnn2-c2cnc3c[nH]nc3c2)c1)c1ccc2c(c1)OCCO2)C1CCCN1
O=C(NCC(Oc1ccc2c(cnn2-c2cccnn2)c1)c1ccccc1)c1ccccc1
N=c1cc[nH]c(-n2ncc3cc(OC(CNC(=O)c4cnco4)c4ccccc4)ccc32)n1
O=C(NCC(Oc1ccc2c(cnn2-c2cccnc2)c1)c1ccccc1)c1cc[nH]n1
O=C(NCC(Oc1ccc2c(cnn2-c2ncnc3c2ccn3-c2ccccc2)c1)c1ccc2c(c1)OCCO2)c1ccco1
O=C(NCC(Oc1ccc2c(cnn2-c2ccccc2)c1)c1ccccc1)C1CCNCC1
O=C(NCC(Oc1ccc2c(cnn2-c2cc3ccccc3cn2)c1)c1nccs1)c1cccnc1
O=C(Cc1ccc2c(c1)CCC2)NCC(Oc1ccc2c(cnn2-c2cn(C3CCCCC3)nn2)c1)c1cccnc1
O=C(NCC(Oc1ccc2c(cnn2-c2nnn[nH]2)c1)c1ccc2c(c1)OCCCO2)c1cnc[nH]1
O=C(Cc1cccs1)NCC(Oc1ccc2c(cnn2-c2cnn(-c3ccccn3)c2)c1)c1ccc2c(c1)OCCCO2
O=C(NCC(Oc1ccc2c(cnn2-c2ccc3ccccc3c2)c1)c1ccc2c(c1)OCCO2)c1cnccn1
O=C(NCC(Oc1ccc2c(cnn2-c2nncs2)c1)c1ccc2c(c1)OCCO2)c1cncnc1
O=C(NCC(Oc1ccc2c(cnn2-c2cn[nH]c2)c1)c1ccccc1)c1ccsc1
O=C(NCC(Oc1ccc2c(cnn2-c2nnnn2C2CCCCC2)c1)c1ccc2c(c1)OCCCO2)C1CCCCC1
O=C(NCC(Oc1ccc2c(cnn2-c2nccs2)c1)c1ccc2c(c1)OCC2)C1CCOC1
O=C(NCC(Oc1ccc2c(cnn2-c2cccc(-n3cccn3)c2)c1)c1cccnc1)C1CCC1
O=C(NCC(Oc1ccc2c(cnn2-c2ccc3ncoc3c2)c1)c1ccc2c(c1)OCCO2)c1ccncc1
O=C(NCC(Oc1ccc2c(cnn2-c2cc(-c3cnn(C4CCOCC4)c3)ccn2)c1)c1ccc2c(c1)OCCO2)c1ccccn1
c1cnc2ccnc(-n3ncc4cc(OCc5ccc6c(c5)OCCCC6)ccc43)c2c1
O=C(NCC(Oc1ccc2c(cnn2-c2ccc3cccnc3c2)c1)c1ccc2c(c1)OCCO2)c1cc2cc[nH]c2cn1
O=C(Cc1cc2ccccc2cn1)NCC(Oc1ccc2c(cnn2-c2cnoc2)c1)c1ccc2c(c1)OCCCO2
O=C(NCC(Oc1ccc2c(cnn2-c2cn3ccnc3nn2)c1)c1ccc2c(c1)CCC2)c1cccnc1
c1cc(-n2cc(-n3ncc4cc(OCc5ccc6c(c5)OCCO6)ccc43)cn2)ncn1
O=C(NCC(Oc1ccc2c(cnn2-c2ncnc3ccsc23)c1)c1ccc2c(c1)CCO2)c1nc[nH]n1
O=C(NCC(Oc1ccc2c(cnn2-c2cccnc2)c1)c1ccc2c(c1)OCCO2)c1ccccc1
O=C(NCC(Oc1ccc2c(cnn2-c2ccccc2)c1)c1ccc2ccccc2c1)c1cccc2[nH]ncc12
c1cc2c(cc1COc1ccc3c(cnn3-c3ccc(-n4ncc5c4CCCC5)cn3)c1)OCCO2
O=C(NCCOc1ccc2c(cnn2-c2cccc(C3CCCCC3)n2)c1)c1cccnc1
O=C(NCC(Oc1ccc2c(cnn2-c2nc(C3CC3)ncc2-c2cncnc2)c1)c1ccc2c(c1)OCCO2)c1ccno1
O=C(NCC(Oc1ccc2c(cnn2-c2ccc3nc[nH]c3c2)c1)c1ccc2c(c1)CCC2)c1cnco1
O=C(CCc1ccccc1)NCC(Oc1ccc2c(cnn2-c2cn[nH]c2)c1)c1ccc2c(c1)OCCO2
C1=C2CCC3C4CCCC4CCC3C2Cc2cnn(-c3ccccc3)c21
O=C(NCC(Oc1ccc2c(cnn2-c2cccc3cncn23)c1)c1cccnc1)c1cccc2ccccc12
O=C(NCC(Oc1ccc2c(cnn2-c2ccc3ccccc3n2)c1)c1cccnc1)c1c[nH]cn1
O=C(NCC(Oc1ccc2c(cnn2-c2ccccc2)c1)c1ccc2c(c1)OCCO2)c1ccccc1
O=C(NCC(Oc1ccc2c(cnn2-c2cn[nH]c2)c1)c1ccc2c(c1)CCC2)c1cccc2ccncc12
O=C(NCC(Oc1ccc2c(cnn2-c2csc(N3CCCCCC3)n2)c1)c1ccccc1)c1cnc[nH]1
O=C(NCC(Oc1ccc2c(cnn2-c2ccnn2-c2ccccc2)c1)c1ccc2c(c1)OCCO2)C1COc2ccccc2C1
O=C(NCC(Oc1ccc2c(cnn2-c2n[nH]c3ncncc23)c1)c1ccc2c(c1)OCCO2)c1ccccn1
O=C(NCC(Oc1ccc2c(cnn2-c2cncnc2)c1)c1ccccc1)c1cnoc1
O=C(NCC(Oc1ccc2c(cnn2-c2cccc(-n3ccnc3)c2)c1)c1ccc2c(c1)OCCO2)c1cncs1
O=C(NCC(Oc1ccc2c(cnn2-c2cccnc2)c1)c1ccc2c(c1)CCO2)c1ccc[nH]c1=O
O=C(NCC(Oc1ccc2c(cnn2-c2nccnc2C2CCOCC2)c1)c1cccs1)c1cccnn1
O=C(NCC(Oc1ccc2c(cnn2-c2ccccc2-c2nccs2)c1)c1ccc2c(c1)OCCO2)C1CCCC1
O=C(NCC(Oc1ccc2c(cnn2-c2nccc3c2CCNC3)c1)c1ccc2c(c1)OCCO2)c1ccccc1
O=C(NCC(Oc1ccc2c(cnn2-c2cc3cccnc3cn2)c1)c1ccc2c(c1)OCCO2)c1ncon1
O=C(NCC(Oc1ccc2c(cnn2-c2ccccc2-c2nn[nH]n2)c1)c1cccc2cccnc12)C1CCC1
O=C(NCC(Oc1ccc2c(cnn2-c2ccc(-c3ccoc3)cc2)c1)c1ccccc1)c1cnoc1
O=C(NCC(Oc1ccc2c(cnn2-c2cccnc2)c1)c1ccccc1)c1cccs1
O=C(NCC(Oc1ccc2c(cnn2-c2ccc3c(c2)CCN(Cc2ccccc2)C3)c1)c1ccccc1)c1ccccc1
O=C(NCC(Oc1ccc2c(cnn2-c2cnc3c(c2)CCC3)c1)c1ccccc1)c1ccccc1
O=C(NCC(Oc1ccc2c(cnn2-c2cccc3cc[nH]c23)c1)c1ccccc1)c1cnccn1
O=C(NCC(Oc1ccc2c(cnn2-c2cccc3[nH]ncc23)c1)c1ccc2c(c1)OCCO2)C1COc2ncccc21
O=C(NCC(Oc1ccc2c(cnn2-c2nccc3c2CNC3)c1)c1ccccc1)c1nncs1
O=C(NCC(Oc1ccc2c(cnn2-c2cn[nH]c2)c1)c1ccc2c(c1)OCCCO2)c1conc1-c1ccccc1
O=C(NCC(Oc1ccc2c(cnn2-c2ccc3c(c2)CCNC3)c1)c1ccc2c(c1)OCCO2)c1cccc2cccnc12
O=C(NCC(Oc1ccc2c(cnn2-c2noc3ccccc23)c1)c1ccc2c(c1)OCCO2)c1cnco1
O=C(Cc1ccccn1)NCC(Oc1ccc2c(cnn2-c2ccnc3cc[nH]c23)c1)c1ccc2c(c1)CCC2
O=C(NCC(Oc1ccc2c(cnn2-c2n[nH]c3ccccc23)c1)c1ccc2c(c1)COC2)C1CCC1
O=C(NCC(Oc1ccc2c(cnn2-c2cccnc2)c1)c1ccccc1)c1cnc[nH]1
O=C(NCC(Oc1ccc2c(cnn2-c2ncc3n[nH]cc3n2)c1)c1ccc2c(c1)OCCO2)c1nccs1
O=C(NCC(Oc1ccc2c(cnn2-c2ccc3ccn(C4CC4)c3c2)c1)c1ccccc1)C1CC1
O=C(Cc1cccs1)NCC(Oc1ccc2c(cnn2-c2conc2-c2ccccn2)c1)c1ccc2c(c1)OCCO2
c1cc(N2CCCCC2)nc(-n2ncc3cc(OCc4ccc5c(c4)CNCC5)ccc32)c1
O=C(NCC(Oc1ccc2c(cnn2-c2cnc3c(cnn3C3COC3)c2)c1)c1ccccc1)c1cc[nH]c1
O=C(NCC(Oc1ccc2c(cnn2-c2ncn[nH]2)c1)c1ccccc1)c1cccnc1
O=C(NCC(Oc1ccc2c(cnn2-c2nccc3ccccc23)c1)c1ccc2c(c1)CCO2)c1cnc(-c2ccsc2)s1
O=C(NCCOc1ccc2[nH]ncc2c1)C(Oc1ccc2c(cnn2-c2ccncc2)c1)c1ccccc1
O=C(NCC(Oc1ccc2c(cnn2-c2ncnc3ccnn23)c1)c1ccccc1)c1cnoc1
O=C(NCC(Oc1ccc2c(cnn2-c2ncnc3c2CCC3)c1)c1ccncc1)c1ccco1
O=C(NCC(Oc1ccc2c(cnn2-c2cnn(-c3ccccc3)c2)c1)c1ccc2c(c1)OCCCO2)c1ncccn1
O=C(NCC(Oc1ccc2c(cnn2-c2ccccn2)c1)c1ccc2c(c1)OCCCO2)c1ccn[nH]1
O=C(NCC(Oc1ccc2c(cnn2-c2cnc3n[nH]cc3c2)c1)c1ccccc1)C1CCC1
c1cc2c(cc1COc1ccc3c(cnn3-c3c[nH]nn3)c1)OCCCO2
O=C(NCC(Oc1ccc2c(cnn2-c2cnc3cnccc3c2)c1)c1ccccn1)C1CCCN1C(=O)C1(c2ccccn2)CC1
O=C(NCC(Oc1ccc2c(cnn2-c2cn3cnnc3cn2)c1)c1ccc2c(c1)OCCO2)c1ccoc1
O=C(NCC(Oc1ccc2c(cnn2-c2cnc3nsnc3c2)c1)c1ccccc1)c1cccnc1
O=C(NCC(Oc1ccc2c(cnn2-c2ccc3ccncc3c2)c1)c1ccc2c(c1)OCCCO2)c1nccc2ccccc12
O=C(NCC(Oc1ccc2c(cnn2-c2cnc3cnccc3c2)c1)c1ccc2ccccc2c1)c1ccccc1
c1ccc(CN2Cc3ccc(COc4ccc5c(cnn5-c5ccsc5)c4)cc3C2)nc1
O=C1CCC(C(=O)NCC(Oc2ccc3c(cnn3-c3n[nH]c4cnccc34)c2)c2ccccc2)CC1
O=C(NCC(Oc1ccc2c(cnn2-c2ccccc2-c2ccccc2)c1)c1ccccc1)c1coc2ccccc12
O=C(NCC(Oc1ccc2c(cnn2-c2cccc3cncn23)c1)c1ccc2c(c1)OCCO2)c1cnccn1
O=C(NCC(Oc1ccc2c(cnn2-c2ccc3[nH]ncc3c2)c1)c1ccc2c(c1)OCCO2)c1ccccc1
c1ccc(-n2ncc3cc(OC(CNCc4cn(CC5CC5)cn4)c4ccc5c(c4)OCC5)ccc32)cc1
O=C(C1CC1)N(CCCNc1ncnc2c1cnn2-c1cccc2cnccc12)Cc1ccccc1
O=C(NCC(Oc1ccc2c(cnn2-c2ccnc3ccsc23)c1)c1ccc2c(c1)OCCO2)c1cncnc1
O=C(NCC(Oc1ccc2c(cnn2-c2ccncn2)c1)c1ccc2c(c1)OCCCO2)c1ccsc1
O=C(Cc1ccc2c(c1)CCC2)NCC(Oc1ccc2c(cnn2-c2ccc3ncccc3c2)c1)c1ccc2c(c1)OCCCO2
O=C(NCC(Oc1ccc2c(cnn2-c2cccc(C3CCCCC3)n2)c1)c1ccc2c(c1)OCCO2)c1ccoc1
O=C(NCC(Oc1ccc2c(cnn2-c2n[nH]c3ccccc23)c1)c1ccc2c(c1)OCCO2)C1CCCCC1
N=c1[nH]ccc2ccc(-n3ncc4cc(OC(CNC(=O)c5csnn5)c5ccc6c(c5)OCCCO6)ccc43)cc12
O=C(Cc1ccccc1)NCC(Oc1ccc2c(cnn2-c2ccncn2)c1)c1ccccc1
c1ccc2c(-n3ncc4cc(OCc5ccc6c(c5)OCCO6)ccc43)csc2c1
O=C(NCC(Oc1ccc2c(cnn2-c2cc3c(cn2)CCNCC3)c1)c1ccccc1)c1nc[nH]n1
O=C(Cc1ccncc1)NCC(Oc1ccc2c(cnn2-c2cccc(-c3ccn[nH]3)c2)c1)c1ccc2c(c1)OCCO2
c1cc(COc2ccc3c(cnn3-c3ccc4nncn4c3)c2)ccn1
O=C(NCC(Oc1ccc2c(cnn2-c2ccnc(N3CCCCC3)c2)c1)c1ccc2c(c1)OCCO2)c1cccc2ccccc12
c1ccc2c(-c3ccncc3)c(-n3ncc4cc(OCc5ccc6c(c5)OCCO6)ccc43)[nH]c2c1
O=C(NCC(Oc1ccc2c(cnn2-c2cccc3c2cnn3-c2cccnc2)c1)c1ccc2c(c1)OCCCO2)c1csnn1
c1ccc(COc2ccc3c(cnn3-c3cccc(-n4cc5c(n4)CCNC5)c3)c2)cc1
O=C(NCC(Oc1ccc2c(cnn2-c2ccccc2)c1)c1ccc2c(c1)OCCN2C(=O)c1ccncc1)C1CCCC1
O=C(NCC(Oc1ccc2c(cnn2-c2ccc3ccncc3c2)c1)c1ccc2c(c1)OCCO2)c1cnc2ccccc2n1
O=C(CCc1ccccc1)NCC(Oc1ccc2c(cnn2-c2cnc3c[nH]cc3c2)c1)c1ccc2c(c1)OCCO2
O=C(NCC(Oc1ccc2c(cnn2-c2nccc3c2CN(Cc2ccccc2)C3)c1)c1ccc2c(c1)CCC2)c1ncco1
O=C(NCC(Oc1ccc2c(cnn2-c2cnc3nc(N4CCNCC4)ncc3c2)c1)c1ccc2c(c1)OCCO2)c1cnco1
O=C1CCC(C(=O)NCC(Oc2ccc3c(cnn3-c3cccc(N4CCOCC4)n3)c2)c2ccc3c(c2)OCCO3)CN1
O=C(Cc1cccc2cnccc12)NCC(Oc1ccc2c(cnn2-c2nccc3[nH]ncc23)c1)c1ccc2c(c1)CCC2
O=C(NCC(Oc1ccc2c(cnn2-c2ccccc2-c2ncccn2)c1)c1ccc2[nH]ncc2c1)c1cscn1
O=C(NCC(Oc1ccc2c(cnn2-c2cccc(N3CCCC3)n2)c1)c1ccccc1)c1cnoc1
O=C(Cc1ccccc1)NCC(Oc1ccc2c(cnn2-c2cnc3ccncc3c2)c1)c1ccc2c(c1)OCCCO2
O=C(NCC(Oc1ccc2c(cnn2-c2ccccn2)c1)c1ccccc1)c1cocn1
O=c1c(-c2ccncc2)cc2cncnc2n1-c1ccccc1
O=C(NCC(Oc1ccc2c(cnn2-c2cccnn2)c1)c1ccccc1)c1ccon1
O=C(NCC(Oc1ccc2c(cnn2-c2cnc(N3CCOCC3)cn2)c1)c1ccccc1)c1cccnc1
O=C(NCC(Oc1ccc2c(cnn2-c2cc3scnc3cn2)c1)c1ccc2c(c1)CCC2)C1CCC=NO1
O=C(NCC(Oc1ccc2c(cnn2-c2nccc3cnccc23)c1)c1ccc2c(c1)OCCO2)c1nsc2ccccc12
O=C(NCC(Oc1ccc2c(cnn2-c2ccn3ccnc3c2)c1)c1ccccc1)c1cccs1
O=C(NCC(Oc1ccc2c(cnn2-c2ccc3ccccc3c2)c1)c1ccc2c(c1)OCCO2)c1ccc(-n2ncc3ccccc3c2=O)s1
O=C(NCC(Oc1ccc2c(cnn2-c2ccccn2)c1)c1ccc2c(c1)OCCO2)c1cocn1
O=C(NCC(Oc1ccc2c(cnn2-c2nccc3cc[nH]c23)c1)c1ccc2c(c1)OCCO2)c1ncc[nH]1
O=C(NCC(Oc1ccc2c(cnn2-c2ncnc3c2CCC3)c1)c1ccc2c(c1)CCO2)c1coc2ccccc12
O=C(NCC(Oc1ccc2c(cnn2-c2ccccc2)c1)c1ccc2c(c1)OCCO2)Nc1ccccc1
O=C(NCC(Oc1ccc2c(cnn2-c2nccc3cc[nH]c(=O)c23)c1)c1ccc2c(c1)OCC2)c1nsc2ccccc12
O=C(NCC(Oc1ccc2c(cnn2-c2cc3[nH]cnc3cn2)c1)c1ccc2c(c1)OCCO2)c1ccccc1
O=C(NCC(Oc1ccc2c(cnn2-c2ncnc3c2ncn3C2CCCC2)c1)c1ccc2c(c1)OCCO2)c1ccccc1
O=C(NCC(Oc1ccc2c(cnn2-c2noc(-n3cccn3)n2)c1)c1ccccc1)c1cnoc1
O=C(Cc1ccccc1)NCC(Oc1ccc2c(cnn2-c2cn[nH]c2)c1)c1ccc2c(c1)CCO2
O=C(NCC(Oc1ccc2c(cnn2-c2cc[nH]n2)c1)c1ccc2c(c1)oc1ccccc12)C1CCOCC1
c1ccc(-c2nnc3ccc(-n4ncc5cc(OCc6ccncc6)ccc54)cn23)cc1
O=C(NCC(Oc1ccc2c(cnn2-c2cncnc2)c1)c1ccccc1)c1cnns1
O=C(NCC(Oc1ccc2c(cnn2-c2ccccc2)c1)c1ccc2c(c1)OCCCO2)C1CCCCC1
O=C(NCC(Oc1ccc2c(cnn2-c2cnn(-c3ccn[nH]3)c2)c1)c1ccc2c(c1)OCCO2)c1cnn2cccnc12
O=C(NCC(Oc1ccc2c(cnn2-c2ncco2)c1)c1ccc2c(c1)OCCO2)c1ccnnc1
O=C(NCC(Oc1ccc2c(cnn2-c2cn3cnnc3cn2)c1)c1ccccc1)c1n[nH]c2ccccc12
O=C(NCC(Oc1ccc2c(cnn2-c2ccccc2)c1)c1ccc2c(c1)OCCO2)c1cnc2cc[nH]c2c1
O=C(NCC(Oc1ccc2c(cnn2-c2cccc3cccnc23)c1)c1ccc2c(c1)OCCCO2)c1cnc[nH]1
O=C(NCC(Oc1ccc2c(cnn2-c2ccc3[nH]ccc3c2)c1)c1ccc2c(c1)OCCO2)c1ccoc1
N=c1c(C(=O)Nc2cccc(-n3ncc4ccccc43)c2)c[nH]n1-c1ncnc2ccccc12
O=C(CCNCc1ccccc1)NCC(Oc1ccc2c(cnn2-c2ncccc2-c2ccn[nH]2)c1)c1ccc2c(c1)OCCO2
O=C(NCC(Oc1ccc2c(cnn2-c2cccc(-c3ccn[nH]3)c2)c1)c1ccc2c(c1)OCCO2)c1ccsc1
O=C(NCC(Oc1ccc2c(cnn2-c2cc3ccccc3cn2)c1)c1ccc2c(c1)CCNC2)c1cccs1
O=C(CCCc1ccccc1)NCC(Oc1ccc2c(cnn2-c2ccccc2)c1)c1ccccc1
c1ccc(-n2ncc3c2CCN(c2ccc(-c4ncco4)cc2)C3)cc1
O=C(NCC(Oc1ccc2c(cnn2-c2cnc3ccccc3c2)c1)c1ccc2c(c1)CCO2)C1CCNCC1
O=C(NCC(Oc1ccc2c(cnn2-c2ccncc2)c1)c1ccccc1)c1cocn1
O=C(NCC(Oc1ccc2c(cnn2-c2ccccc2-c2ccn[nH]2)c1)c1ccc2c(c1)OCCO2)c1ccc[nH]1
N=c1[nH]c2cc(-n3ncc4cc(OC(CNC(=O)C5CCCOC5)c5ccc6c(c5)OCCCO6)ccc43)cnc2[nH]1
O=C(NCC(Oc1ccc2c(cnn2-c2cccc(-n3cncn3)c2)c1)c1ccc2c(c1)OCCO2)c1ncn2ccccc12
O=C(NCC(Oc1ccc2c(cnn2-c2ccc3c(c2)CCC3)c1)c1ccc2c(c1)OCCN2)c1cnc[nH]1
O=C(NCC(Oc1ccc2c(cnn2-c2cnc3ccccc3c2)c1)c1ccccc1)c1cccs1
O=C(NCC(Oc1ccc2c(cnn2-c2nccc3ccccc23)c1)c1ccc2c(c1)CCO2)c1cnc2ccccc2n1
O=C(CCc1ccccc1)NCC(Oc1ccc2c(cnn2-c2ccccc2-c2nc3ccccc3s2)c1)c1ccc2c(c1)OCCO2
O=C(NCC(Oc1ccc2c(cnn2-c2nccc3c2CCN(Cc2ccco2)C3)c1)c1ccc2c(c1)OCCCO2)c1cccc2cnccc12
O=C(NCC(Oc1ccc2c(cnn2-c2ccccn2)c1)c1ccccc1)c1nncc2c1CCCC2
O=C(NCC(Oc1ccc2c(cnn2-c2cn3ncccc3n2)c1)c1ccccc1)c1cnco1
O=C(NCC(Oc1ccc2c(cnn2-c2nc3cccnc3o2)c1)c1cccnc1)c1cccs1
O=C(NCC(Oc1ccc2c(cnn2-c2cc[nH]n2)c1)c1ccccc1)c1cc2ccncc2s1
O=C(NCC(Oc1ccc2c(cnn2-c2ncnc3c2CCCC3)c1)c1ccc2c(c1)OCCO2)c1cnc[nH]1
O=C(NCC(Oc1ccc2c(cnn2-c2cn[nH]c2)c1)c1ccc2c(c1)CCC2)c1cnn2cccnc12
O=C(NCC(Oc1ccc2c(cnn2-c2ccccn2)c1)c1cncnc1)c1cncnc1
O=C(NCC(Oc1ccc2c(cnn2-c2c[nH]nn2)c1)c1ccc2c(c1)OCCO2)c1cscn1
O=C(NCC(Oc1ccc2c(cnn2-c2cccnc2)c1)c1ccc2c(c1)OCCO2)c1ccccn1
O=C(NCC(Oc1ccc2c(cnn2-c2nccc(N3CCOCC3)n2)c1)c1ccccc1)c1cscn1
O=C(NCC(Oc1ccc2c(cnn2-c2nccc(N3CCOCC3)n2)c1)c1ccc2c(c1)OCCO2)c1cccs1
c1ccc2c(-n3ncc4cc(OCc5ccc6c(c5)OCCO6)ccc43)n[nH]c2c1
O=C(NCC(Oc1ccc2c(cnn2-c2ccc3oc(=O)ccc3c2)c1)c1ccccc1)c1cnc[nH]1
O=C(NCC(Oc1ccc2c(cnn2-c2ncncc2-c2ccc3c(c2)CCNCC3)c1)c1ccc2c(c1)OCCO2)C1CCC1
O=C(NCC(Oc1ccc2c(cnn2-c2cccc3c2cnn3-c2ccccn2)c1)c1ccc2c(c1)OCCO2)c1ccccc1
O=C(NCC(Oc1ccc2c(cnn2-c2n[nH]c3ccccc23)c1)c1ccc2c(c1)OCCO2)c1ccon1
O=C(NCC(Oc1ccc2c(cnn2-c2ccc3ccccc3n2)c1)c1ccc2c(c1)OCCCO2)c1ccc2c(c1)OCCO2
O=C(CCc1ncc2ccccc2n1)NCC(Oc1ccc2c(cnn2-c2ncnc3c2CCC3)c1)c1ccncc1
O=C(NCC(Oc1ccc2c(cnn2-c2ccccc2)c1)c1ccc2c(c1)CCC2)c1cncs1
O=C(NCC(Oc1ccc2c(cnn2-c2ccccn2)c1)c1ccc2c(c1)OCCCO2)c1ccno1
O=C(NCC(Oc1ccc2c(cnn2-c2ccccc2)c1)c1ccncc1)C1CCCC1
c1cc2c(cc1COc1ccc3c(cnn3-c3ncn(CC4CC4)n3)c1)OCCO2
O=C(NCC(Oc1ccc2c(cnn2-c2ncccc2-c2ccc(=O)[nH]c2)c1)c1ccccc1)c1nnco1
O=C(NCC(Oc1ccc2c(cnn2-c2ccc(N3CCOCC3)nc2)c1)c1ccccc1)c1ccoc1
O=C(NCC(Oc1ccc2c(cnn2-c2nccc3ncccc23)c1)c1ccc2c(c1)OCCO2)c1cnccn1
O=C(NCC(Oc1ccc2c(cnn2-c2cnn(-c3cn[nH]c3)c2)c1)c1cccnc1)c1ccccc1
O=C(NCC(Oc1ccc2c(cnn2-c2cnccn2)c1)c1ccncc1)C1CC1
O=C(Cc1cccc2ncccc12)NCC(Oc1ccc2c(cnn2-c2nc3ccccc3o2)c1)c1ccc2c(c1)OCCO2
O=C(NCC(Oc1ccc2c(cnn2-c2nccc3ccccc23)c1)c1ccc2c(c1)CCO2)c1cnccn1
c1ccc(-n2ncc3cc(OCc4ccc5c(c4)OCCC5)ccc32)cc1
O=C(NCC(Oc1ccc2c(cnn2-c2ncccn2)c1)c1ccc2c(c1)CCC2)c1cccnc1
O=C(NCC(Oc1ccc2c(cnn2-c2cnc3cccnn23)c1)c1ccc2c(c1)CCC2)C1CCC1
O=C(NCC(Oc1ccc2c(cnn2-c2cnc[nH]2)c1)c1ccc2c(c1)OCCO2)c1ccnnc1
O=C(NCC(Oc1ccc2c(cnn2-c2cccc3[nH]ncc23)c1)c1ccc2c(c1)OCCO2)c1ccccc1
O=C(NCC(Oc1ccc2c(cnn2-c2ccccn2)c1)c1ccc2c(c1)CCO2)c1cccs1
c1cncc(-n2ncc3cc(OCc4ccc5c(c4)CCN5)ccc32)c1
O=C(NCC(Oc1ccc2c(cnn2-c2cnc3nccn3c2)c1)c1ccc2c(c1)OCCO2)c1ccccc1
O=C(NCC(Oc1ccc2c(cnn2-c2ccccn2)c1)c1ccccc1)c1ccncc1
N=C1CCc2cc(-n3c4ccccc4c4ccncc43)ccc21
O=C(CNc1ccc2c(c1)OCCO2)NCC(Oc1ccc2c(cnn2-c2ccncc2)c1)c1ccc2c(c1)OCCO2
O=C(NCC(Oc1ccc2c(cnn2-c2ncnc3ccncc23)c1)c1ccccc1)c1ccccc1
O=C(NCC(Oc1ccc2c(cnn2-c2ccccn2)c1)c1ccccn1)Nc1ccccc1
O=C(NCC(Oc1ccc2c(cnn2-c2ccc3occc3c2)c1)c1ccc2[nH]ccc2c1)c1ccncc1
O=C(CCc1ccccc1)NCC(Oc1ccc2c(cnn2-c2cnc3c(c2)CCC3)c1)c1ccc2c(c1)OCCO2
O=C(NCC(Oc1ccc2c(cnn2-c2c[nH]nn2)c1)c1ccc2c(c1)CCC2)C1CCCOC1
O=S(=O)(NCCc1c[nH]c2ccccc12)c1ccccc1
O=C(NCC(Oc1ccc2c(cnn2-c2cccc(-c3ccccc3)c2)c1)c1ccccc1)c1nsc2ccccc12
O=C(NCC(Oc1ccc2c(cnn2-c2cnc3sncc3c2)c1)c1ccccc1)C1CCCN1
O=C(NCC(Oc1ccc2c(cnn2-c2[nH]nc3c2CCC3)c1)c1ccccc1)c1cocn1
O=C(NCC(Oc1ccc2c(cnn2-c2cccc(C3CNCCO3)n2)c1)c1ccc2c(c1)OCCO2)c1ccoc1
O=C(NCC(Oc1ccc2c(cnn2-c2cc3ccoc3cn2)c1)c1ccc2c(c1)OCCO2)c1nncs1
O=C(NCC(Oc1ccc2c(cnn2-c2nnc3ccccn23)c1)c1ccco1)c1ccon1
O=C(NCC(Oc1ccc2c(cnn2-c2cccnn2)c1)c1ccc2occc2c1)C1CCCN1
O=C(NCC(Oc1ccc2c(cnn2-c2ncns2)c1)c1ccc2c(c1)CCO2)c1cnc[nH]1
O=C(NCC(Oc1ccc2c(cnn2-c2cc3nc[nH]c3cn2)c1)c1ccccc1)c1ccon1
O=C(NCC(Oc1ccc2c(cnn2-c2ccncc2)c1)c1ccccc1)c1ccccc1
O=C(NCC(Oc1ccc2c(cnn2-c2ccccn2)c1)c1[nH]nc2c1CCC2)C1CC1
O=C(NCC(Oc1ccc2c(cnn2-c2ccnn2-c2ccncc2)c1)c1ccc2c(c1)OCCO2)C1CCC1
O=C(NCC(Oc1ccc2c(cnn2-c2cccnn2)c1)c1ccccc1)c1ccccn1
O=C(NCC(Oc1ccc2c(cnn2-c2c[nH]nn2)c1)c1ccc2c(c1)CCC2)c1cnoc1
O=C(NCC(Oc1ccc2c(cnn2-c2cnc3ncncc3n2)c1)c1ccc2c(c1)OCCO2)c1cncs1
O=C(NCC(Oc1ccc2c(cnn2-c2cccnn2)c1)c1ccccc1)c1cnccn1
O=C(NCC(Oc1ccc2c(cnn2-c2ncnc3[nH]ncc23)c1)c1ccccc1)C1(c2ccccc2)CCC1
O=C(NCC(Oc1ccc2c(cnn2-c2cccc3cccnc23)c1)c1ccc2c(c1)OCCCO2)c1cccc2c1NCC2
O=C(NCC(Oc1ccc2c(cnn2-c2nncs2)c1)c1ccccc1)c1nnc(-c2ccccc2)s1
O=C(NCC(Oc1ccc2c(cnn2-c2ccccn2)c1)c1cnccn1)c1ccc[nH]1
O=C(NCC(Oc1ccc2c(cnn2-c2cccc3cc[nH]c23)c1)c1ccc2c(c1)OCCO2)c1nnco1
O=C(Cc1ccccn1)NCC(Oc1ccc2c(cnn2-c2ccccc2-n2cccn2)c1)c1ccc2c(c1)OCCO2
O=C(NCC(Oc1ccc2c(cnn2-c2n[nH]c3ccccc23)c1)c1ccc2c(c1)OCCO2)c1cocn1
O=C(NCC(Oc1ccc2c(cnn2-c2cnccn2)c1)c1ccc2c(c1)OCCO2)c1cnc2cccnn12
O=C(NCC(Oc1ccc2c(cnn2-c2cn3ccccc3n2)c1)c1ccc2c(c1)OCCO2)c1ccco1
O=C(NCC(Oc1ccc2c(cnn2-c2cnc3ccccn23)c1)c1ccc2[nH]ccc2c1)c1cccnc1
O=C(NCC(Oc1ccc2c(cnn2-c2nccc3cc[nH]c23)c1)c1ccc2c(c1)OCCO2)c1cnco1
O=C(NCC(Oc1ccc2c(cnn2-c2cc3c(cn2)CCN(C2COC2)CC3)c1)c1ccccc1)c1cnc[nH]1
O=C(NCC(Oc1ccc2c(cnn2-c2cnc3occc3c2)c1)c1ccc2c(c1)OCCO2)c1ccncc1
O=C(NCC(Oc1ccc2c(cnn2-c2cnn(CCN3CCOCC3)n2)c1)c1ccc2c(c1)OCCCO2)c1cscn1
O=C(NCC(Oc1ccc2c(cnn2-c2ccc(-n3ccnc3)cc2)c1)c1ccc2ccccc2c1)c1cnoc1
c1cncc(Cn2cc(-n3ncc4cc(OCc5ccc6c(c5)OCC6)ccc43)cn2)c1
O=C(NCC(Oc1ccc2c(cnn2-c2cn(CC3CCCO3)nn2)c1)c1ccc2c(c1)OCCO2)c1cccs1
O=C(NC1(C(=O)NCC(Oc2ccc3c(cnn3-c3cnc4c(c3)CNCC4)c2)c2ccccc2)CCCC1)c1nncc2cnccc12
O=C(NCC(Oc1cc2cnn(-c3ccc(C4CC4)cc3)c2nn1)c1ccc2c(c1)OCCO2)c1cc[nH]n1
N=c1nc(-n2ncc3cc(OC(CNC(=O)COc4ccccc4)c4ccc5c(c4)CCC5)ccc32)cc[nH]1
c1cncc(-n2ncc3cc(OCc4ccc5c(c4)OCCN5)ccc32)c1
O=C(NCC(Oc1ccc2c(cnn2-c2ccccn2)c1)c1ccc2c(c1)CCC2)c1cccs1
O=C(NCC(Oc1ccc2c(cnn2-c2ncncn2)c1)c1ccc2occc2c1)c1cccnn1
O=C(NCC(Oc1ccc2c(cnn2-c2cnc3c(c2)CNCC3)c1)c1ccccc1)C1CCCN1
O=C(NCC(Oc1ccc2c(cnn2-c2cccnc2)c1)c1ccccc1)c1ccn[nH]1
O=C(NCC(Oc1ccc2c(cnn2-c2n[nH]c3cccnc23)c1)c1ccc2c(c1)OCCO2)c1cccs1
O=C(NCC(Oc1ccc2c(cnn2-c2cc(-c3ccccc3)[nH]n2)c1)c1ccc2c(c1)OCCO2)C1CC1
O=C(NCC(Oc1ccc2c(cnn2-c2cc3c(cn2)OCC3)c1)c1ccc2c(c1)OCCO2)c1ccco1
O=S(=O)(NCCNc1cccc2c1cnn2-c1ccc(-c2cn[nH]c2)cc1)c1cnoc1
O=C(NCC(Oc1ccc2c(cnn2-c2ccnc(C3CC3)n2)c1)c1ccc2c(c1)OCCO2)c1cccnc1
c1nc(N2CCOCC2)cc(-n2ncc3cc(OCc4ccc5c(c4)OCCO5)ccc32)n1
O=C(NCC(Oc1ccc2c(cnn2-c2cncc3ccccc23)c1)c1ccccc1)c1cnccn1
O=C(CCCN1CCCCC1)NCC(Oc1ccc2c(cnn2-c2ccc3[nH]ncc3c2)c1)c1ccc2c(c1)CCC2
c1coc(-c2ncc(-n3ncc4cc(OCc5ccc6c(c5)CCC6)ccc43)nn2)c1
O=C(NCC(Oc1ccc2c(cnn2-c2cc3ncsc3cn2)c1)c1ccc2c(c1)OCCO2)c1cnccn1
c1cc2c(c(-n3ncc4cc(OCc5ccc6c(c5)OCCO6)ccc43)n1)CCN(CC1CC1)C2
c1cc2oc(COc3ccc4c(cnn4-c4cnoc4)c3)cc2cn1
O=C(NCC(Oc1ccc2c(cnn2-c2ccc3[nH]ccc3c2)c1)c1csc2ccccc12)c1cnc[nH]1
c1cc(CCCCc2cc3n(n2)CCCNC3)c2c(c1)CCO2
O=C(NCC(Oc1ccc2c(cnn2-c2ccncn2)c1)c1ccccc1)c1cc2ccccc2[nH]1
O=C(NCC(Oc1ccc2c(cnn2-c2ccc[nH]2)c1)c1ccc2c(c1)OCCO2)c1ccoc1
O=C(NCC(Oc1ccc2c(cnn2-c2ccncn2)c1)c1ccc2c(c1)OCC2)c1cncs1
O=C(NCC(Oc1ccc2c(cnn2-c2cc3[nH]ncc3cn2)c1)c1ccccc1)c1nnco1
O=C(NCC(Oc1ccc2c(cnn2-c2cncnc2)c1)c1ccc2c(c1)CCC2)c1cnco1
O=C(NCC(Oc1ccc2c(cnn2-c2nccc3c2CN(Cc2ccsc2)C3)c1)c1ccc2c(c1)OCCCO2)C1CCCNC1
O=C(NCC(Oc1ccc2c(cnn2-c2ncon2)c1)c1ccc2c(c1)OCCCO2)c1ccc2c(c1)C1(CC1)C(=O)N2
O=C(NCC(Oc1ccc2c(cnn2-c2ccccc2-c2nc[nH]n2)c1)c1ccc2c(c1)OCCO2)c1ccccc1
c1cc(-n2ncc3cc(OCc4ccc5c(c4)OCCN5)ccc32)ccn1
O=C(NCC(Oc1ccc2c(cnn2-c2n[nH]c3ncncc23)c1)c1ccc2c(c1)OCCCO2)c1ccco1
O=C1NCc2c1ccnc2-n1ncc2cc(OC(CNC(=O)c3cccc4ncccc34)c3ccccc3)ccc21
O=C(NCC(Oc1ccc2c(cnn2-c2cnccn2)c1)c1ccc2[nH]ncc2c1)c1ccccc1
O=C(Cc1cccs1)NCC(Oc1ccc2c(cnn2-c2ccc3c(=O)ccoc3c2)c1)c1ccc2c(c1)OCCO2
O=C(COc1ccccc1)NCC(Oc1ccc2c(cnn2-c2ncnc3[nH]cnc23)c1)c1ccc2c(c1)OCCO2
O=C(NCC(Oc1ccc2c(cnn2-c2nccc3c2CCNC3)c1)c1nccs1)c1cn[nH]c1
O=C(NCC(Oc1ccc2c(cnn2-c2ccc(-c3ccccc3)cc2)c1)c1ccc2c(c1)CCO2)c1cnc(-n2cccn2)s1
O=C(NCC(Oc1ccc2c(cnn2-c2nncs2)c1)c1cccc2ccccc12)C1CCCCC1
O=c1[nH]cnc2cccc(-n3ncc4cc(OCc5ccc6c(c5)OCCO6)ccc43)c12
O=C(NCC(Oc1ccc2c(cnn2-c2ncnc3cn[nH]c23)c1)c1ccccc1)c1cnc(-c2cnco2)s1
O=C(NCC(Oc1ccc2c(cnn2-c2ccc(-n3cncn3)cc2)c1)c1ccc2c(c1)OCCO2)Nc1ccccc1
O=C(Nc1ccccc1)NC1COc2ccccc2-c2[nH]c3c(c21)C1CCC(C3)N1
O=C(NCC(Oc1ccc2c(cnn2-c2cccc(N3CCNCC3)n2)c1)c1ccc2c(c1)CCCC2)c1cccnc1
O=C(NCC(Oc1cnc2c(cnn2-c2ccccc2)c1)c1ccccn1)c1ccnc2ccccc12
O=C(NCC(Oc1ccc2c(cnn2-c2ncnc3c2CCC3)c1)c1ccccc1)c1cccnc1
O=C(NCC(Oc1ccc2c(cnn2-c2ncnc3[nH]cnc23)c1)c1ccc2c(c1)OCCO2)c1cnn(-c2ccccc2)n1
O=C(NCC(Oc1ccc2c(cnn2-c2nccc3c2CNC3)c1)c1ccccc1)c1cc2ccccc2s1
O=C(NCC(Oc1ccc2c(cnn2-c2cnn(-c3cncnc3)c2)c1)c1ccc2c(c1)OCCO2)c1csnn1
O=C(NCC(Oc1ccc2c(cnn2-c2nccc3ccccc23)c1)c1ccc2c(c1)OCCO2)c1ccccc1
O=C(NCC(Oc1ccc2c(cnn2-c2ccc(-n3ccnc3)nn2)c1)c1ccc2c(c1)OCCO2)c1cccnn1
O=C(NCC(Oc1ccc2c(cnn2-c2nccs2)c1)c1ccccc1)c1ccno1
c1cc(N2CCOCC2)nc(-n2ncc3cc(OCc4ccc5c(c4)CCNCC5)ccc32)n1
O=C(NCC(Oc1ccc2c(cnn2-c2nccc3c2cnn3-c2ccccc2)c1)c1ccc2c(c1)OCCO2)c1ccccc1
O=C(NCC(Oc1ccc2c(cnn2-c2cnc3c(cnn3C3CCC3)c2)c1)c1ccccc1)c1ccccc1
O=C(NCC(Oc1ccc2c(cnn2-c2nccc3c2CCNC3)c1)c1ccccc1)c1cnc2ccncc2n1
O=C(NCC(Oc1ccc2c(cnn2-c2nccc3[nH]ncc23)c1)c1ccc2c(c1)OCCO2)c1cc2ccccc2[nH]1
O=C(NCC(Oc1ccc2c(cnn2-c2ccc3cccnc3n2)c1)c1ccccc1)c1ccsc1
O=C(NCC(Oc1ccc2c(cnn2-c2nnco2)c1)c1ccc2occc2c1)C1CCC1
O=C(COc1ncccn1)NCC(Oc1ccc2c(cnn2-c2cccc3ncccc23)c1)c1ccc2c(c1)OCCO2
O=C(NCC(Oc1ccc2c(cnn2-c2ccnc(C3CC3)n2)c1)c1ccc2c(c1)CCO2)c1ccncn1
O=C(NCC(Oc1ccc2c(cnn2-c2n[nH]c3ncccc23)c1)c1ccc2c(c1)OCCCO2)C1CCCOC1
c1cc(N2CCCNCC2)nc(-n2ncc3cc(-c4ccoc4)ccc32)c1
O=C(CCc1ccccn1)NCC(Oc1ccc2c(cnn2-c2ccncn2)c1)c1ccc2c(c1)OCCCO2
O=C(NCC(Oc1ccc2c(cnn2-c2ccc3ccccc3n2)c1)c1ccc2c(c1)CCO2)C1CCCCN1
O=C(NCC(Oc1ccc2c(cnn2-c2cccc3c[nH]nc23)c1)c1ccccc1)c1ccccc1-n1cccn1
O=C(NCC(Oc1ccc2c(cnn2-c2cccnc2)c1)c1ccccc1)c1cccnc1
O=S(=O)(NCc1cnc2ccccn12)c1cccc2nsnc12
O=C(NCC(Oc1ccc2c(cnn2-c2[nH]ncc2-c2nccs2)c1)c1ccccc1)c1nccc2ccccc12
c1cncc(COc2ccc3c(cnn3-c3ccc4nncn4c3)c2)c1
O=C(NCC(Oc1ccc2c(cnn2-c2c[nH]nn2)c1)c1ccccc1)c1ccccc1
O=C(NCC(Oc1ccc2c(cnn2-c2cncc(-c3c[nH]c4cnccc34)c2)c1)c1ccccc1)c1cc[nH]n1
O=C(NCC(Oc1ccc2c(cnn2-c2cnn(-c3ccccc3)c2)c1)c1ccc2c(c1)OCCCO2)c1cc[nH]n1
O=C(NCC(Oc1ccc2c(cnn2-c2cccc3[nH]ncc23)c1)c1ccccc1)c1cncnc1
O=C(NCC(Oc1ccc2c(cnn2-c2cccc(=NC3COC3)[nH]2)c1)c1ccccc1)c1cocn1
O=C(NCC(Oc1ccc2c(cnn2-c2ccccc2-c2cnccn2)c1)c1ccc2c(c1)OCCO2)c1cnoc1
O=C(NCC(Oc1ccc2c(cnn2-c2cc[nH]n2)c1)c1ccc2c(c1)OCCO2)c1ccccc1
c1ccc(-n2nccc2-n2ncc3cc(OCc4ccc5c(c4)OCCO5)ccc32)cc1
O=C(NCC(Oc1ccc2c(cnn2-c2ccc3[nH]ccc3c2)c1)c1cccnc1)C1CCCCN1
O=C(CCc1ccccc1)NCC(Oc1ccc2c(cnn2-c2ccc3c(c2)CCC3)c1)c1ccc2c(c1)OCCO2
c1cc2c(c(-n3ncc4cc(OCc5ccc6c(c5)CCO6)ccc43)n1)CNC2
O=C(NCC(Oc1ccc2c(cnn2-c2cn[nH]c2)c1)c1ccccc1)c1cncnc1
O=C(Cc1cn[nH]c1)NCC(Oc1ccc2c(cnn2-c2cncc(-n3ccnc3)c2)c1)c1ccccc1
O=C(NCC(Oc1ccc2c(cnn2-c2nc(N3CCNCC3)c3sccc3n2)c1)c1ccncc1)c1ccncc1
O=C(NCC(Oc1ccc2c(cnn2-c2cccc3[nH]ncc23)c1)c1ccc2c(c1)CCO2)c1cscn1
O=C(NCC(Oc1ccc2c(cnn2-c2nccn2-c2cccnc2)c1)c1ccc2c(c1)OCCO2)c1cscn1
O=C(NCC(Oc1ccc2c(cnn2-c2ccccc2-c2ncccn2)c1)c1ccc2c(c1)OCCO2)c1cnco1
O=C(COc1ccccc1)NCC(Oc1ccc2c(cnn2-c2nccc3[nH]cnc23)c1)c1ccc2c(c1)OCCCO2
O=C(NCC(Oc1ccc2c(cnn2-c2cccc(-c3cn[nH]c3)c2)c1)c1ccc2c(c1)OCCO2)c1ccn[nH]1
O=C(NCC(Oc1ccc2c(cnn2-c2cncc(-c3cnco3)c2)c1)c1ccc2c(c1)OCCCO2)C1CCC1
O=S1(=O)CCCN(c2cccc(-n3ncc4cc(OCc5ccc6c(c5)OCCO6)ccc43)n2)CC1
O=C(NCC(Oc1ccc2c(cnn2-c2ccc3cccnc3n2)c1)c1ccc2c(c1)CCC2)c1nsc2ccccc12
c1ccc(-n2ncc3cc(OCc4ccc5c(c4)CCNC5)ccc32)cc1
O=C(NCC(Oc1ccc2c(cnn2-c2c[nH]cn2)c1)c1ccccc1)c1cnccn1
O=C(NCC(Oc1ccc2c(cnn2-c2nnc3ccccn23)c1)c1ccc2c(c1)OCCCO2)c1ccccc1
O=C(NCC(Oc1ccc2c(cnn2-c2nc3ccncc3[nH]2)c1)c1ccccc1)c1c[nH]cn1
c1ccc2nc(-n3ncc4cc(OCc5ccc6c(c5)CCO6)ccc43)cnc2c1
O=C(NCC(Oc1ccc2c(cnn2-c2cn[nH]c2)c1)c1ccc2c(c1)OCCCO2)c1cncc(-c2ccn[nH]2)c1
O=C(NCC(Oc1ccc2c(cnn2-c2nccnc2C2CC2)c1)c1ccc2c(c1)OCCO2)C1COCCO1
O=C(Cn1nnc(-n2ncc3cc(OC(CNC(=O)c4cccc5ccccc45)c4ccc5c(c4)OCCO5)ccc32)n1)Nc1ccccc1
O=C(NCC(Oc1ccc2c(cnn2-c2nc(C3CC3)cs2)c1)c1ccc2c(c1)OCCO2)C1COC1
c1ccc(-c2nnc(-n3ncc4cc(OC(c5ccc6c(c5)COC6)C5CCCC5)ccc43)o2)cc1
O=C(NCC(Oc1ccc2c(cnn2-c2ccc3ncccc3c2)c1)c1ccc2c(c1)CCCC2)c1cnco1
O=C(NCC(Oc1ccc2c(cnn2-c2cccc(N3CCCCC3)n2)c1)c1ccccc1)c1coc2ccccc12
O=C(NCC(Oc1ccc2c(cnn2-c2nccc3c2CNCC3)c1)c1ccc2c(c1)OCCO2)c1cc2ccccc2s1
O=C(NCC(Oc1ccc2c(cnn2-c2ccccc2)c1)c1ccccc1)c1cscn1
c1ccc2c(c1)cnn2-c1ccc2c(c1)CCCCO2
O=C(NC1(C(=O)NCC(Oc2ccc3c(cnn3-c3ccc4c(c3)CCNCC4)c2)c2ccccc2)COC1)c1ccno1
O=C(NCC(Oc1ccc2c(cnn2-c2cnc3cnccc3c2)c1)c1ccc2c(c1)OCCO2)c1cccnc1
O=C(NCC(Oc1ccc2c(cnn2-c2cccc(N3CCC3)n2)c1)c1ccc2c(c1)OCCO2)C1Cc2ccccc2C1
O=C(NCC(Oc1ccc2c(cnn2-c2cnc3ccccn23)c1)c1ccc2c(c1)OCCO2)c1ncc[nH]1
O=C(NCC(Oc1ccc2c(cnn2-c2ccccc2-c2nn[nH]n2)c1)c1ccccc1)C1(c2ccccn2)CC1
O=C(NCC(Oc1ccc2c(cnn2-c2cccnc2)c1)c1ccc2c(c1)CCCC2)c1ccsc1
O=C(NCC(Oc1ccc2c(cnn2-c2cn[nH]c2)c1)c1ccc2c(c1)OCCO2)c1cnccn1
O=C(NCC(Oc1ccc2c(cnn2-c2cc[nH]n2)c1)c1ccccn1)c1cnco1
O=C(NCC(Oc1ccc2c(cnn2-c2nccc3ccccc23)c1)c1ccccc1)c1ccsn1
O=C(NCC(Oc1ccc2c(cnn2-c2cccc(-n3cccn3)c2)c1)c1ccc2c(c1)OCCO2)c1cccs1
O=C(NCC(Oc1ccc2c(cnn2-c2nncs2)c1)c1ccncc1)C1CCCCC1
O=C(NCC(Oc1ccc2c(cnn2-c2cnc3[nH]ncc3c2)c1)c1ccc2c(c1)OCCO2)c1ccncc1
O=C(NCC(Oc1ccc2c(cnn2-c2cccc(-n3cnc4c5ccccc5ccc43)c2)c1)c1ccc2c(c1)OCCO2)C1CCCCC1
O=C(NCC(Oc1ccc2c(cnn2-c2ccc3nncn3n2)c1)c1ccc2c(c1)CCCC2)c1ccncc1
O=C(NCC(Oc1ccc2c(cnn2-c2cnc3ccncc3c2)c1)c1ccccc1)C1CCCC1
N=c1cnc(-n2ncc3cc(OCc4ccc5c(c4)OCCO5)ccc32)c[nH]1
O=C(NCC(Oc1ccc2c(cnn2-c2ccccc2N2CCOCC2)c1)c1ccc2c(c1)CCO2)c1cn[nH]c1
O=C(NCC(Oc1ccc2c(cnn2-c2cnc3ccccc3c2)c1)c1ccccc1)c1ncn2c1SCCC2
O=C(NCC(Oc1ccc2c(cnn2-c2cnn(CCN3CCOCC3)c2)c1)c1ccc2c(c1)OCCO2)c1nccc2ccccc12
O=C(NCC(Oc1ccc2c(cnn2-c2cc3cc[nH]c3cn2)c1)c1ccc2c(c1)OCCO2)c1ccccn1
O=C(NCC(Oc1ccc2c(cnn2-c2ncc3ccccc3n2)c1)c1ccc2c(c1)OCCO2)c1cccc2cnccc12
O=C(NCC(Oc1ccc2c(cnn2-c2ccc3c(c2)CCC3)c1)c1ccc2c(c1)OCCC2)c1cnco1
O=C(NCC(Oc1ccc2c(cnn2-c2nccc3[nH]ncc23)c1)c1cccnc1)c1cscn1
O=C(NCC(Oc1ccc2c(cnn2-c2cccnn2)c1)c1ccccc1)c1cccc2nccnc12
O=C(NCC(Oc1ccc2c(cnn2-c2ncnc3ccsc23)c1)c1ccc2c(c1)OCCO2)c1cccc2[nH]ncc12
O=C(NCC(Oc1ccc2c(cnn2-c2cncnc2)c1)c1ccccc1)c1c[nH]c2c1CCCC2
O=C(NCC(Oc1ccc2c(cnn2-c2ccccn2)c1)c1ccc2c(c1)OCCO2)c1n[nH]c2c1CCCC2
O=C(NCC(Oc1ccc2c(cnn2-c2cc[nH]c(=NC3CC4CC3CO4)n2)c1)c1ccccc1)c1cnccn1
O=C(NCC(Oc1ccc2c(cnn2-c2cnccn2)c1)c1ccc2c(c1)OCCO2)c1ccnnc1
O=C(NCC(Oc1ccc2c(cnn2-c2ncnc3[nH]cnc23)c1)c1ccc2c(c1)CCCC2)c1ccncc1
O=C(NCC(Oc1ccc2c(cnn2-c2ccc[nH+]c2)c1)c1ccc2c(c1)OCCO2)C1CCCCC1
O=c1c(-c2cccnc2)c[nH]n1-c1ccnc2ccccc12
O=C(NCC(Oc1ccc2c(cnn2-c2ccn3cccc3c2)c1)c1ccc2c(c1)OCCO2)c1cnccn1
O=C(NCC(Oc1ccc2c(cnn2-c2cc3n(n2)CCNC3)c1)c1ccccc1)c1cccnc1
O=C(NCC(Oc1ccc2c(cnn2-c2cc3ncccc3cn2)c1)c1ccc2c(c1)OCC2)c1cn[nH]c1
O=C(Cn1cccn1)NCC(Oc1ccc2c(cnn2-c2ccncn2)c1)c1ccc2c(c1)OCCO2
O=c1ccn(C2CCCO2)c(=O)[nH]1
c1ccc(COc2ccc3c(cnn3-c3cncnc3)c2)cc1
O=C(NCC(Oc1ccc2c(cnn2-c2nn[nH]n2)c1)c1ccc2c(c1)OCCCO2)c1cc2ncccc2o1
O=C(Cc1ccccn1)NCC(Oc1ccc2c(cnn2-c2cnc3ccncc3c2)c1)c1ccc2c(c1)CCC2
O=C(NCC(Oc1ccc2c(cnn2-c2ncncc2-c2ccoc2)c1)c1ccccc1)c1ccc2ccccc2n1
O=C(NCC(Oc1ccc2c(cnn2-c2ccccc2)c1)c1ccc2c(c1)OCCO2)c1ccncc1
O=c1cc(-c2ccccc2)oc2ccccc12
O=C(NCC(Oc1ccc2c(cnn2-c2n[nH]c3ccccc23)c1)c1ccccc1)C1CCC1
O=C(NCC(Oc1ccc2c(cnn2-c2nncc3ccccc23)c1)c1ccccc1)c1ccsc1
O=C(NCC(Oc1ccc2c(cnn2-c2nn[nH]n2)c1)c1ccc2c(c1)CCO2)C1(c2ccccc2)CC1
O=C(NCC(Oc1ccc2c(cnn2-c2cccc(-c3ccccn3)c2)c1)c1ccc2c(c1)OCCO2)C1CCC1
O=C(COc1ccccc1)NCC(Oc1ccc2c(cnn2-c2nncs2)c1)c1ccc2c(c1)CCC2
O=C(NCC(Oc1ccc2c(cnn2-c2cnc(-c3ccco3)s2)c1)c1ccc2c(c1)OCCO2)c1cnn(-c2ccccc2)c1
O=C(Cc1ccnc2ccccc12)NCC(Oc1ccc2c(cnn2-c2cccc3cnccc23)c1)c1ccc2c(c1)OCCO2
O=C(NCC(Oc1ccc2c(cnn2-c2ncnc3[nH]cnc23)c1)c1ccccc1)C12CCCC(C1)C2
O=C(NCC(Oc1ccc2c(cnn2-c2ccccc2)c1)c1ccc2c(c1)OCCCO2)c1cocn1
O=C(NCC(Oc1ccc2c(cnn2-c2cnc3c(c2)NCCO3)c1)c1ccccc1)c1nnc(-c2ccncc2)s1
O=C(Cn1cccn1)NCC(Oc1ccc2c(cnn2-c2cnc[nH]2)c1)c1ccc2c(c1)OCCO2
O=C(NCC(Oc1ccc2c(cnn2-c2cccnc2)c1)c1ccc2c(c1)OCCO2)c1cccc2ncnn12
O=C(NCC(Oc1ccc2c(cnn2-c2cnc3ccccc3c2)c1)c1ccc2c(c1)OCCO2)c1ccncc1
O=C(NCC(Oc1ccc2c(cnn2-c2cccc3ccccc23)c1)c1ccc2c(c1)OCCO2)c1cc[nH]n1
O=C(NCC(Oc1ccc2c(cnn2-c2ccccc2)c1)c1cnn(-c2ccccc2)c1)C1CCCOC1
O=C(NCC(Oc1ccc2c(cnn2-c2cncc(-n3ccnc3)c2)c1)c1ccccc1)c1cncnc1
O=c1nc[nH]c2c(-c3ccccc3)cccc12
O=C(NCC(Oc1ccc2c(cnn2-c2cncc(N3CCOCC3)n2)c1)c1ccccn1)C1CC1
O=C(NCC(Oc1ccc2c(cnn2-c2ccccc2-c2ncon2)c1)c1ccc2c(c1)OCCO2)c1cncnc1
O=C(NCC(Oc1ccc2c(cnn2-c2nnc(-c3cncnc3)[nH]2)c1)c1ccc2c(c1)OCCO2)c1cnco1
c1cn2c(-n3ncc4cc(OCc5ccc6c(c5)OCCCO6)ccc43)cnc2cn1
O=C(NCC(Oc1ccc2c(cnn2-c2ccnc(N3CCCC3)n2)c1)c1ccc2c(c1)OCC2)c1cnoc1
N=c1scc(C(=O)NCC(Oc2ccc3c(cnn3-c3ccccc3-c3ncccn3)c2)c2ccc3c(c2)OCCO3)s1
O=C(NCC(Oc1ccc2c(cnn2-c2cccnc2)c1)c1ccc2c(c1)OCCO2)c1cnoc1
O=C(NCC(Oc1ccc2c(cnn2-c2cnc3[nH]cnc3c2)c1)c1ccccc1)c1ccccc1
O=C(NCC(Oc1ccc2c(cnn2-c2cncc(-c3cccc4cnccc34)n2)c1)c1ccc2c(c1)OCCO2)c1ccc[nH]1
O=C(NCC(Oc1ccc2c(cnn2-c2ccccc2-n2ccnn2)c1)c1ccc2c(c1)CCO2)C1CC1
O=C(NCC(Oc1ccc2c(cnn2-c2ncon2)c1)c1ccc2c(c1)OCCO2)c1ccn[nH]1
c1cc2c(cc1COc1ccc3c(cnn3-c3ccc4ccc(N5CCNCC5)cc4n3)c1)OCCO2
O=C(NCC(Oc1ccc2c(cnn2-c2ccncc2)c1)c1ccc2c(c1)OCCCC2)c1cscn1
O=C(NCC(Oc1ccc2c(cnn2-c2nnc(-c3cccnc3)o2)c1)c1ccc2c(c1)OCCO2)c1ccccc1
O=C(NCC(Oc1ccc2c(cnn2-c2cccc(N3CCCCC3)n2)c1)c1ccccc1)c1cscn1
O=C(NCC(Oc1ccc2c(cnn2-c2cc3c(cn2)CN(Cc2ccccn2)CC3)c1)c1ccc2c(c1)CCO2)c1cnccn1
O=C(NCC(Oc1ccc2c(cnn2-c2cccc(N3CCN4CCCC4C3)n2)c1)c1ccccc1)C1CCC1
O=C(NCC(Oc1ccc2c(cnn2-c2ncnc3c2CNC3)c1)c1ccc2c(c1)OCCO2)c1cnccn1
O=C(NCC(Oc1ccc2c(cnn2-c2cccnc2)c1)c1ccc2c(c1)OCCCO2)c1cnccn1
O=C(NCC(Oc1ccc2c(cnn2-c2ncnc3c2CCCC3)c1)c1ccc2c(c1)OCCO2)c1ccncc1
O=C(NCC(Oc1ccc2c(cnn2-c2ccccn2)c1)c1ccc2c(c1)CCO2)c1ccon1
O=C(NCC(Oc1ccc2c(cnn2-c2nc[nH]n2)c1)c1ccc2c(c1)OCCO2)c1cccc2c1CCNC2
O=C(Cc1cccnc1)NCC(Oc1ccc2c(cnn2-c2cnc3c(c2)CCC3)c1)c1ccc2c(c1)CCC2
O=C(NCC(Oc1ccc2c(cnn2-c2ccon2)c1)c1ccc2c(c1)CCC2)c1cccnc1
c1cc2ncc(-n3ncc4cc(OCc5ccc6c(c5)OCCO6)ccc43)cn2n1
N=c1nc(-n2ncc3cc(OC(CNC(=O)c4nc5ccccc5s4)c4ccc5c(c4)OCCCO5)ccc32)cc[nH]1
O=C(Cc1ccsc1)NCC(Oc1ccc2c(cnn2-c2nccs2)c1)c1ccc2c(c1)OCCO2
c1ccc2c(c1)CC1NCCc3cccc-2c31
O=C(NCC(Oc1ccc2c(cnn2-c2nc(C3CC3)cs2)c1)c1ccccc1)c1ccoc1
O=C(Cc1cccc2ncccc12)NCC(Oc1ccc2c(cnn2-c2cc3cc[nH]c3cn2)c1)c1ccncc1
O=C(NCC(Oc1ccc2c(cnn2-c2ncc3cc[nH]c3n2)c1)c1ccc2c(c1)CCCO2)C1CCOCC1
O=C(NCC(Oc1ccc2c(cnn2-c2nc[nH]n2)c1)c1ccc2c(c1)OCCO2)c1nccc2cc[nH]c12
O=C(NCC(Oc1ccc2c(cnn2-c2nccc3c2cnn3-c2ccccc2)c1)c1ccccn1)c1ccccc1
O=C(Cc1ccccc1)NCC(Oc1ccc2c(cnn2-c2ccc3c(c2)C(=O)OC3)c1)c1ccc2c(c1)OCCCO2
O=C(NCC(Oc1ccc2c(cnn2-c2ccccn2)c1)c1ccc2c(c1)OCCCO2)c1cnc2[nH]ncc2c1
c1cc(-n2ncc3cc(OCc4ccc5c(c4)OCCO5)ccc32)c2nccnc2c1
O=C(NCC(Oc1ccc2c(cnn2-c2ccccc2)c1)c1ccc2c(c1)CCCO2)c1ccnn1-c1ccccc1
c1cc2c(cnn2-c2cnoc2)cc1OCc1cn(-c2cc3c(cn2)CCC3)nn1
c1nc2cnc(-n3ncc4cc(OCc5ccc6c(c5)OCCO6)ccc43)cc2[nH]1
O=C(NCC(Oc1ccc2c(cnn2-c2cnc3c(c2)NCCS3(=O)=O)c1)c1ccc2c(c1)OCCO2)c1ccn[nH]1
c1ccc(-n2ncc3ccccc32)cc1
O=C(NCC(Oc1ccc2c(cnn2-c2cccc(N3CCOCC3)n2)c1)c1ccc2c(c1)OCCO2)c1ccoc1
O=C(NCC(Oc1ccc2c(cnn2-c2nc3cnc(N4CCOCC4)cc3[nH]2)c1)c1ccc2c(c1)OCCO2)c1coc2ccccc12
O=C(NCC(Oc1ccc2c(cnn2-c2ccccc2)c1)c1cn[nH]c1)c1ccc(-c2ccncc2)nc1
O=C(NCC(Oc1ccc2c(cnn2-c2nncs2)c1)c1ccccc1)c1cc[nH]n1
O=C(Cc1ccccc1)NCC(Oc1ccc2c(cnn2-c2n[nH]c3ccccc23)c1)c1ccc2c(c1)OCCO2
O=C(NCC(Oc1ccc2c(cnn2-c2cn[nH]c2)c1)c1ccc2c(c1)OCCO2)c1cncnc1
O=C(NCC(Oc1ccc2c(cnn2-c2cc3nccn3cn2)c1)c1ccc2c(c1)CCC2)c1nccs1
O=C(C1CC1)N1CCOc2cc(COc3ccc4c(cnn4-c4nncs4)c3)ccc21
O=C(NCC(Oc1ccc2c(cnn2-c2cn[nH]c2)c1)c1ccc2c(c1)OCCCO2)c1ccccc1
O=C(NCC(Oc1ccc2c(cnn2-c2ccccn2)c1)c1ccc2c(c1)OCCO2)c1cccnc1
c1ccc(COc2ccc3c(cnn3-c3cncc(-c4ccccc4)c3)c2)cc1
O=C(NCC(Oc1ccc2c(cnn2-c2ccc3cncnc3c2)c1)c1ccccn1)C1CCC1
O=C(CNC(=O)c1ccc(-n2ccccc2=O)cc1)Oc1ccc2c(cnn2-c2ccccc2)c1
O=C(NCC(Oc1ccc2c(cnn2-c2nccc3cccnc23)c1)c1ccccc1)c1ccc(-c2cnco2)s1
O=C(COc1ccc2ccncc2c1)NCC(Oc1ccc2c(cnn2-c2cnc3ccccn23)c1)c1ccccc1
O=S(=O)(NCC(Oc1ccc2c(cnn2-c2cncc(-n3ccnc3)n2)c1)c1ccccc1)C1CC1
c1ccc(-n2ncc3cc(CCCCCC4CCCc5ccccc54)ccc32)cc1
O=C(CC1CCCO1)NCC(Oc1ccc2c(cnn2-c2ncnc3c2CCC3)c1)c1ccccc1
c1cc2c(cc1COc1ccc3c(cnn3-c3cc(-c4cn[nH]c4)nc(N4CCOCC4)n3)c1)OCCO2
c1ccc2[nH]c(-n3ncc4cc(OCc5ccc6c(c5)OCCO6)ccc43)nc2c1
O=C(NCC(Oc1ccc2c(cnn2-c2ccn[nH]2)c1)c1ccccc1)c1ccccc2cnnc1-2
O=C(NCC(Oc1ccc2c(cnn2-c2cnc(N3CCNCC3)cn2)c1)c1ccc2c(c1)OCCO2)c1ccn[nH]1
O=C(NCC(Oc1ccc2c(cnn2-c2cncc(N3CCC3)n2)c1)c1ccccc1)c1nnco1
c1cc(-n2ncc3cc(OCc4ccc5c(c4)CCC5)ccc32)cs1
O=C(Cc1ccccc1)NCC(Oc1ccc2c(cnn2-c2cncc3ccccc23)c1)c1ccc2c(c1)OCCO2
O=C(NCC(Oc1ccc2c(cnn2-c2ccc(-c3ccco3)nn2)c1)c1ccc2c(c1)OCCCO2)c1ccn[nH]1
O=C(NCC(Oc1ccc2c(cnn2-c2cccc3cnoc23)c1)c1ccc2c(c1)OCCO2)c1cnoc1
O=C(NCC(Oc1ccc2c(cnn2-c2cccc(C3CC3)n2)c1)c1ccccc1)c1ccccc1
O=C(NCC(Oc1ccc2c(cnn2-c2cc(CCC3CC3)ncn2)c1)c1ccc2c(c1)OCCO2)c1ccccc1
O=C(NCC(Oc1ccc2c(cnn2-c2ccccc2)c1)c1ccc2c(c1)OCCO2)C1CCOCC1
O=C(NCC(Oc1ccc2c(cnn2-c2cn(-c3cncnc3)cn2)c1)c1ccccc1)c1ccncc1
O=C(NCC(Oc1ccc2c(cnn2-c2ccc3scnc3c2)c1)c1ccccc1)c1cnc(-n2cccn2)nc1
O=C(NCC(Oc1ccc2c(cnn2-c2ccccc2)c1)c1ccc2c(c1)CCC2)c1ccnc2ccccc12
O=C(NCC(Oc1ccc2c(cnn2-c2cccnc2C2CC2)c1)c1ccc2c(c1)OCCO2)c1ccoc1
O=C(NCC(Oc1ccc2c(cnn2-c2cccc(-n3ccnc3)c2)c1)c1ccc2c(c1)OCCN2)C1CCCOC1
O=C(NCC(Oc1ccc2c(cnn2-c2cc(-c3cncnc3)cnn2)c1)c1ccccc1)c1cnccn1
O=C(NCC(Oc1ccc2c(cnn2-c2ncnc3ccccc23)c1)c1ccc2c(c1)OCCCO2)c1ccncc1
O=C(NCC(Oc1ccc2c(cnn2-c2ccccc2)c1)c1nc2ncccc2[nH]1)C1CC1
O=C(NCC(Oc1ccc2c(cnn2-c2ccccc2-c2ncccn2)c1)c1ccc2c(c1)OCCO2)c1ccc2ccccc2n1
O=C(NCC(Oc1ccc2c(cnn2-c2ccccn2)c1)c1ccc2c(c1)OCCO2)C1CCNCC1
O=C(NCC(Oc1ccc2c(cnn2-c2ccccn2)c1)c1cc2ccccc2o1)c1ccn[nH]1
O=C(NCC(Oc1ccc2c(cnn2-c2cc3c(cn2)CCc2sccc2-3)c1)c1ccc2c(c1)OCCO2)c1ccco1
O=C(NCC(Oc1ccc2c(cnn2-c2ncc3c(n2)CCC3)c1)c1ccccc1)c1cocn1
C1=C2CCC(CCc3ccccc3)C(C2)Cc2cnn(-c3cccc4cnccc34)c21
O=C(NCC(Oc1ccc2c(cnn2-c2ccccn2)c1)c1ccc2c(c1)OCCO2)c1cnc[nH]1
O=C(NCC(Oc1ccc2c(cnn2-c2cccnn2)c1)c1ccc2c(c1)OCCO2)Nc1ccccc1
O=C(NCC(Oc1ccc2c(cnn2-c2coc3c[nH]cc23)c1)c1ccc2c(c1)OCCO2)c1csc2ccccc12
O=C(NCC(Oc1ccc2c(cnn2-c2cc[nH]n2)c1)c1ccc2occc2c1)c1ccccn1
c1cc2cc(COc3ccc4c(cnn4-c4cnoc4)c3)ccc2o1
O=C(NCC(Oc1ccc2c(cnn2-c2nc3ccccc3[nH]2)c1)c1ccc2c(c1)OCCO2)c1ccn[nH]1
O=C1CCC(C(=O)NCC(Oc2ccc3c(cnn3-c3ccccn3)c2)c2ccncn2)CC1
O=C(NCC(Oc1ccc2c(cnn2-c2cccc(-n3cncn3)c2)c1)c1ccc2c(c1)CCO2)c1ncc[nH]1
O=C(NCC(Oc1ccc2c(cnn2-c2cnc3ccccn23)c1)c1ccccc1)c1coc2ccccc12
O=C(NCC(Oc1ccc2c(cnn2-c2ccc(-n3ccnc3)cc2)c1)c1ccc2c(c1)OCCO2)c1ccoc1
c1ccc2nc(N3CCC(Cn4cc(-n5ncc6cc(OCc7ccc8c(c7)OCCO8)ccc65)nn4)CC3)cnc2c1
O=C(NCC(Oc1ccc2c(cnn2-c2cn(-c3ccn[nH]3)nn2)c1)c1ccccc1)c1ccccc1
O=C(NCC(Oc1ccc2c(cnn2-c2ccon2)c1)c1ccccc1)c1coc2ccccc12
O=C(NCC(Oc1ccc2c(cnn2-c2ccc3ccccc(=O)c3c2)c1)c1ccc2ccccc2c1)c1ccno1
O=C(NCC(Oc1ccc2c(cnn2-c2ccnc(-c3cn[nH]c3)n2)c1)c1ccc2c(c1)OCCO2)c1ccoc1
O=C(NCC(Oc1ccc2c(cnn2-c2cc(N3CCCC3)ncn2)c1)c1ccc2c(c1)OCCO2)c1ccoc1
O=C(NCC(Oc1ccc2c(cnn2-c2ccccn2)c1)c1ccccc1)c1ccc[nH]1
O=C(NCC(Oc1ccc2c(cnn2-c2cn(CC3CCOCC3)nn2)c1)c1ccccc1)c1ccsc1
O=C(N=c1cc[nH]n1-c1ccccc1)c1ccnc(-c2cccc3c2CCO3)c1
N=c1cccc(CCCCc2n[nH]c(=NC(=O)CNC(=O)c3conc3-c3ccccc3)s2)[nH]1
O=C(NCC(Oc1ccc2c(cnn2-c2nccc3c2CCNC3)c1)c1ccc2c(c1)OCCO2)c1cc2ccccc2[nH]1
c1cc2cc(-n3ncc4cc(OCc5ccc6c(c5)OCCO6)ccc43)cnc2[nH]1
O=C(NCC(Oc1ccc2c(cnn2-c2cccc(C3CCC3)n2)c1)c1ccccc1)c1cccc2ccccc12
O=C(NCC(Oc1ccc2c(cnn2-c2ccnn2-c2ccncn2)c1)c1ccccc1)c1cnco1
O=C(NCc1ccccc1)C(Oc1ccc2c(cnn2-c2cnn[nH]2)c1)c1ccc2c(c1)CCO2
O=C(NCC(Oc1ccc2c(cnn2-c2ncc3cnn(C4CCCCC4)c3n2)c1)c1ccc2c(c1)OCCO2)C1CCCN1
O=C(Cc1cccc2ccccc12)NCC(Oc1ccc2c(cnn2-c2ncnc3c2cnn3C2CCOCC2)c1)c1ccc2c(c1)OCCO2
O=C(NCC(Oc1ccc2c(cnn2-c2cccnc2)c1)c1ccccc1)c1cnc(-n2cccn2)s1
c1ccc(-n2ncc3cc(OCc4ccncc4)ccc32)cc1
O=C(NCC(Oc1ccc2c(cnn2-c2ccc3nc[nH]c3c2)c1)c1ccc2c(c1)OCCO2)c1ccncc1
O=C(NCC(Oc1ccc2c(cnn2-c2cccnc2-n2nccn2)c1)c1ccc2c(c1)OCCO2)c1ccccc1
O=C(NCC(Oc1ccc2c(cnn2-c2ccc(-c3ccccc3)cc2)c1)c1ccccc1)c1cnccn1
O=C(NCC(Oc1ccc2c(cnn2-c2[nH]ncc2CN2CCOCC2)c1)c1ccc2c(c1)OCCCO2)c1cccs1
O=C(NCC(Oc1ccc2c(cnn2-c2ncnc3ccsc23)c1)c1ccccc1)c1cnc(-c2ccncc2)s1
O=C(NCC(Oc1ccc2c(cnn2-c2nccc(C3CC3)n2)c1)c1ccc2c(c1)OCCCO2)c1cncs1
O=C(NCC(Oc1ccc2c(cnn2-c2ccn3cnnc3c2)c1)c1ccc2c(c1)OCCO2)c1cscn1
O=C(Cc1ccccc1)NCC(Oc1ccc2c(cnn2-c2ncnc3c2CCC3)c1)c1ccc2c(c1)CCO2
O=C(NCC(Oc1ccc2c(cnn2-c2ccc3cccnc3c2)c1)c1ccc2c(c1)OCCO2)c1csnn1
N=c1[nH]cc(-n2cccn2)nc1-n1ncc2cc(OCc3ccc4c(c3)OCCO4)ccc21
O=C(Cc1ccccc1)NCC(Oc1ccc2c(cnn2-c2nnco2)c1)c1ccccc1
O=C(NCC(Oc1ccc2c(cnn2-c2cccc(N3CCOCC3)n2)c1)c1ccccc1)c1c[nH]c(=O)cn1
c1cc2c(cc1COc1ccc3c(cnn3-c3cc4cn[nH]c4cn3)c1)OCCO2
O=C(NCC(Oc1ccc2c(cnn2-c2ccnn2-c2ccccc2)c1)c1ccc2c(c1)OCCCO2)c1ccoc1
O=C(NCC(Oc1ccc2c(cnn2-c2ccccn2)c1)c1ccccc1)c1cn[nH]c1
O=C(NCC(Oc1ccc2c(cnn2-c2ccncc2)c1)c1ccc2c(c1)OCCCO2)c1ccsc1
O=C(NCC(Oc1ccc2c(cnn2-c2nccc3c2CCNC3)c1)c1cccnc1)c1ccncc1
O=C(NCC(Oc1ccc2c(cnn2-c2ccc(-n3cccn3)cn2)c1)c1ccc2c(c1)OCCO2)c1cnoc1
O=C(CCCc1ccccc1)NCC(Oc1ccc2c(cnn2-c2ccccc2-c2cncnc2)c1)c1ccc2c(c1)OCCO2
O=C(NCC(Oc1ccc2c(cnn2-c2cncc(C(=O)N3CCCC3)c2)c1)c1ccc2c(c1)CCO2)C1Cc2ccccc2CN1
O=C(CCNc1ccccc1)NCC(Oc1ccc2c(cnn2-c2ncc[nH]2)c1)c1ccc2c(c1)OCCO2
O=C(NCC(Oc1ccc2c(cnn2-c2ncccn2)c1)c1ccc2c(c1)OCCCO2)c1ccccc1
O=C(NCC(Oc1ccc2c(cnn2-c2cnc3c(cnn3C3COC3)c2)c1)c1ccc2c(c1)OCCO2)c1ccncc1
O=C(NCC(Oc1ccc2c(cnn2-c2cc[nH]n2)c1)c1ccc2c(c1)OCCC2)c1ccccn1
O=C(NCC(Oc1ccc2c(cnn2-c2cnc(-c3ccon3)cn2)c1)c1ccccc1)c1cccc2cnccc12
c1ccc(-n2ncc3cc(OCc4ccc5c(c4)CN(Cc4ncccn4)CC5)ccc32)cc1
O=C(NCC(Oc1ccc2c(cnn2-c2cc3ccccc3cn2)c1)c1ccc2c(c1)OCCCO2)c1ccoc1
O=C(NCC(Oc1ccc2c(cnn2-c2cn[nH]c2)c1)c1ccccc1)c1ccccc1
c1cc(-c2ccoc2)cc(-n2ncc3cc(OCc4ccc5c(c4)OCCO5)ccc32)c1
O=C(NCC(Oc1ccc2c(cnn2-c2ccc3c(c2)CCC3)c1)c1ccccc1)c1ccn2cccnc12
O=C(NCC(Oc1ccc2c(cnn2-c2cncc(-n3cccn3)n2)c1)c1ccccc1)c1cc[nH]n1
O=C(NCC(Oc1ccc2c(cnn2-c2cnon2)c1)c1ccc2c(c1)CCCC2)c1ccncc1
O=C(NCC(Oc1ccc2c(cnn2-c2nccc3c2CCN(Cc2cccnc2)C3)c1)c1ccc2c(c1)OCCO2)c1cocn1
O=C(NCC(Oc1ccc2c(cnn2-c2cc3c(cn2)N2CCCCC2CC3)c1)c1ccc2c(c1)OCCO2)c1ncc[nH]1
O=C(NCC(Oc1ccc2c(cnn2-c2cccnc2)c1)c1ccc2c(c1)OCCO2)c1cnoc1
O=C(NCC(Oc1ccc2c(cnn2-c2ccccc2-c2ncco2)c1)c1ccc2c(c1)OCCO2)c1csnn1
O=C(NCC(Oc1ccc2c(cnn2-c2ncccc2-c2c[nH]cn2)c1)c1ccccc1)c1cn[nH]c1
O=C(Cc1ccccc1)NCC(Oc1ccc2c(cnn2-c2cnn(CCN3CCCCC3)c2)c1)c1ccc2c(c1)CCO2
O=C(NCC(Oc1ccc2c(cnn2-c2cn[nH]n2)c1)c1ccc2c(c1)OCCCO2)C1COCC2OCCC21
c1cc(-c2ccnc3ccnn23)cc(-n2ncc3cc(OCc4ccc5c(c4)OCCO5)ccc32)n1
O=C(NCC(Oc1ccc2c(cnn2-c2cncc(-c3cccnc3)c2)c1)c1ccccc1)c1cnccn1
O=C(NCC(Oc1ccc2c(cnn2-c2ncnc3[nH]ccc23)c1)c1ccc2c(c1)OCCN2)C1CCC1
O=C(NCC(Oc1ccc2c(cnn2-c2cnc3ccnn3c2)c1)c1ccc2c(c1)CCO2)c1cncnc1
O=C(NCC(Oc1ccc2c(cnn2-c2nccc3[nH]ncc23)c1)c1ccc2c(c1)OCCCO2)c1cccnc1
O=C(NCC(Oc1ccc2c(cnn2-c2nnco2)c1)c1cnccn1)c1cccnn1
O=C(NCC(Oc1ccc2c(cnn2-c2cnn(-c3cnccn3)c2)c1)c1ccc2c(c1)OCCCO2)C1CCS(=O)(=O)C1
O=C(Cc1ccccc1)NCC(Oc1ccc2c(cnn2-c2cnc3[nH]ncc3c2)c1)c1ccc2c(c1)OCCO2
O=C(NCC(Oc1ccc2c(cnn2-c2nc3ccccc3[nH]2)c1)c1ccc2c(c1)OCCO2)c1ncon1
O=C(NCC(Oc1ccc2c(cnn2-c2ccccn2)c1)c1ccc2c(c1)OCCCO2)c1cnccn1
O=C(NCC(Oc1ccc2c(cnn2-c2ccc(OCC3COC3)nn2)c1)c1ccc2c(c1)OCCCO2)c1ccccc1
O=C(NCC(Oc1ccc2c(cnn2-c2cnnc3ccccc23)c1)c1ccc2c(c1)OCCO2)c1cnccn1
O=C(NCC(Oc1ccc2c(cnn2-c2ccncc2)c1)c1ccc2c(c1)OCCCO2)c1cnn2cccnc12
O=C(NCC(Oc1ccc2c(cnn2-c2cccc(-n3nccn3)c2)c1)c1ccc2c(c1)OCCO2)c1ccno1
O=C(NCC(Oc1ccc2c(cnn2-c2cnccn2)c1)c1ccc2ccccc2c1)c1ccn[nH]1
O=C(NCC(Oc1ccc2c(cnn2-c2nncs2)c1)c1ccc2ccccc2c1)c1ccccc1
O=C(NCC(Oc1ccc2c(cnn2-c2nccc3c2CNC3)c1)c1ccc2c(c1)OCCO2)c1cnc[nH]1
O=C(Oc1ccc2c(cnn2-c2cccc3[nH]ncc23)c1)c1ccccc1
O=C(NCC(Oc1ccc2c(cnn2-c2cn(-c3ncnc4[nH]ccc34)cn2)c1)c1ccc2c(c1)OCCO2)c1ccccc1
O=C(COC(=O)c1ccncc1)NCc1ccco1
O=C(NCC(Oc1ccc2c(cnn2-c2cccc(-c3cnc[nH]3)c2)c1)c1ccc2c(c1)OCCCO2)c1ccn[nH]1
O=C(NCC(Oc1ccc2c(cnn2-c2ccc3[nH]ncc3c2)c1)c1ccccc1)c1cccs1
O=C(NCC(Oc1ccc2c(cnn2-c2ccccc2)c1)c1ccncc1)OCc1ccccc1
O=C(NCC(Oc1ccc2c(cnn2-c2nccs2)c1)c1ccc2c(c1)OCCO2)C1CCCN1
O=C(NCC(Oc1ccc2c(cnn2-c2cccc3ncccc23)c1)c1ccc2c(c1)CCO2)c1cccs1
O=C(NCC(Oc1ccc2c(cnn2-c2nccc(C3CC3)n2)c1)c1cccnc1)c1ccon1
O=C(NCC(Oc1ccc2c(cnn2-c2cccc(-n3ccnc3)c2)c1)c1ccc2c(c1)OCCO2)c1ncn2ccccc12
O=C(NCC(Oc1ccc2c(cnn2-c2ccn[nH]2)c1)c1ccc2c(c1)OCCCO2)c1cnoc1
O=C(NCC(Oc1ccc2c(cnn2-c2c[nH]cn2)c1)c1ccc2c(c1)OCCCO2)c1onc2c1CCCC2
O=C(NCC(Oc1ccc2c(cnn2-c2cc(C3CCC3)ncn2)c1)c1ccccc1)c1nc[nH]n1
c1ccc(-n2ncc3cc(OCc4ccc5c(c4)OCCO5)ccc32)c(C2CC2)c1
c1cnnc(-n2ncc3cc(OCc4ccoc4)ccc32)c1
O=C(NCC(Oc1ccc2c(cnn2-c2cccc3ccnn23)c1)c1ccc2c(c1)OCCO2)c1ccccc1
O=C(NCC(Oc1ccc2c(cnn2-c2ccccc2)c1)c1ccc2c(c1)OCCO2)c1cccc2ccccc12
O=C(NCC(Oc1ccc2c(cnn2-c2ccc3nonc3n2)c1)c1ccc2c(c1)OCCO2)c1ccccn1
O=C(NCC(Oc1ccc2c(cnn2-c2cccc3occc23)c1)c1ccc2c(c1)OCCO2)c1cccc2cn[nH]c12
O=C(NCC(Oc1ccc2c(cnn2-c2cccc3cc[nH]c23)c1)c1ccccc1)c1cccs1
O=C(NCC(Oc1ccc2c(cnn2-c2ccccn2)c1)c1ccc2c(c1)CCO2)c1cnn2cccnc12
O=C(NCC(Oc1ccc2c(cnn2-c2ccncn2)c1)c1ccc2c(c1)OCCCO2)c1ccco1
O=C(NCC(Oc1ccc2c(cnn2-c2ccc3cn[nH]c3c2)c1)c1ccc2c(c1)OCCO2)c1cnoc1
O=C(NCC(Oc1ccc2c(cnn2-c2cnc3n[nH]cc3c2)c1)c1ccc2cnoc2c1)c1cccnc1
O=C(NCC(Oc1ccc2c(cnn2-c2cnn(-c3ccccc3)c2-c2ncccn2)c1)c1ccc2c(c1)OCCO2)c1ccccc1
O=C(NCC(Oc1ccc2c(cnn2-c2cccc(-c3cccnc3)c2)c1)c1ccccc1)c1cnoc1
O=C(NCC(Oc1ccc2c(cnn2-c2cccc3[nH]ccc23)c1)c1ccc2c(c1)OCCO2)c1ccn[nH]1
O=C(NCC(Oc1ccc2c(cnn2-c2cccnn2)c1)c1ccccc1)c1nnco1
c1ccc2c(-n3ncc4cc(OCc5ccc6c(c5)OCCO6)ccc43)noc2c1
O=C(NCC(Oc1ccc2c(cnn2-c2cc3c4c(oc3cn2)CCCC4)c1)c1ccccc1)c1cccnc1
O=C(NCC(Oc1ccc2c(cnn2-c2cc[nH]c(=O)c2)c1)c1ccccc1)C1CNC1
O=C(NCC(Oc1ccc2c(cnn2-c2nnc(C3CC3)o2)c1)c1ccc2c(c1)OCCO2)c1cscn1
O=C(NCC(Oc1ccc2c(cnn2-c2cccc3cccnc23)c1)c1ccc2c(c1)OCCO2)c1ncn2cccnc12
O=C(NCC(Oc1ccc2c(cnn2-c2cc[nH]n2)c1)c1ccc2c(c1)OCCO2)c1cccnc1
O=C(NCC(Oc1ccc2c(cnn2-c2cn[nH]c2)c1)c1ccc2c(c1)OCCO2)C1(c2ccccc2)CCCC1
O=C(NCC(Oc1ccc2c(cnn2-c2ccccc2)c1)c1nc2ccccc2o1)Nc1ccccc1-c1cccc2ccccc12
O=C(NCC(Oc1ccc2c(cnn2-c2ccccc2)c1)c1ccc2c(c1)OCCO2)c1nsc2ccccc12
O=C(NCC(Oc1ccc2c(cnn2-c2ccn[nH]2)c1)c1ccc2[nH]ncc2c1)c1ccccn1
O=C(NCC(Oc1ccc2c(cnn2-c2ccccn2)c1)c1ccc2c(c1)CCC2)c1ccc2ccoc2c1
O=C(NCC(Oc1ccc2c(cnn2-c2cccnn2)c1)c1ccccc1)c1ccsc1
O=C(NCC(Oc1ccc2c(cnn2-c2ccccn2)c1)c1ccccc1)c1cc[nH]n1
O=C(NCC(Oc1ccc2c(cnn2-c2cnc3cnn(Cc4ccccc4)c3n2)c1)c1ccccc1)c1cc2ccccc2[nH]1
O=C(NCC(Oc1ccc2c(cnn2-c2nccnc2-c2cn[nH]c2)c1)c1ccc2c(c1)CCC2)c1cscn1
N=c1cc[nH]c(-n2ncc3cc(OC(CNC(=O)c4ccccc4)c4ccc5c(c4)OCCCO5)ccc32)n1
c1cn(-c2ncc3c(-n4ncc5cc(OCc6ccc7c(c6)OCCO7)ccc54)n[nH]c3n2)cn1
O=C(NCC(Oc1ccc2c(cnn2-c2cnc3ccccn3c2=O)c1)c1ccc2c(c1)OCCO2)c1cccnc1
O=C(NCC(Oc1ccc2c(cnn2-c2ccccn2)c1)c1ccccc1)c1ccns1
O=C1Nc2ccc(COc3ccc4c(cnn4-c4cncnc4)c3)cc2CC12CCC2
O=C(NCC(Oc1ccc2c(cnn2-c2ccccn2)c1)c1ccc2c(c1)CNCC2)c1cccnc1
O=C(NCC(Oc1ccc2c(cnn2-c2cccc(C3CC3)n2)c1)c1ccc2c(c1)OCCO2)C1CCOC1
O=C(NCC(Oc1ccc2c(cnn2-c2cccc3cccnc23)c1)c1ccc2c(c1)OCCO2)c1ccco1
O=C(NCC(Oc1ccc2c(cnn2-c2ncnc3c2CCC3)c1)c1ccc2c(c1)OCCO2)c1nnco1
O=C(CCc1ccccc1)NCC(Oc1ccc2c(cnn2-c2cc(-c3ccncc3)ccn2)c1)c1ccc2c(c1)OCCO2
O=C(NCC(Oc1ccc2c(cnn2-c2nccc3c2CCC3)c1)c1ccc2c(c1)OCCO2)c1cccc2ccccc12
O=C(NCC(Oc1ccc2c(cnn2-c2cnccn2)c1)c1ccccn1)c1ccccn1
O=C(NCC(Oc1ccc2c(cnn2-c2cc(C3CC3)ncn2)c1)c1cccnc1)C1CCC1
O=C(COc1ccccc1)NCC(Oc1ccc2c(cnn2-c2cnc3ccccc3c2)c1)c1ccc2c(c1)OCCO2
O=C(CSc1nc2cccnc2s1)C1CCC2C1CCC1C3Cc4cnn(-c5ccccc5)c4C=C3CCC12
N=c1[nH]c2ccc(C(CNC(=O)C3CC3)Oc3ccc4c(cnn4-c4ccn[nH]4)c3)cc2s1
O=C(NCC(Oc1ccc2c(cnn2-c2ccccc2-c2ccn[nH]2)c1)c1ccccc1)c1cccs1
O=C(NCC(Oc1ccc2c(cnn2-c2nccc3c2CNC3)c1)c1ccc2c(c1)OCCO2)c1ccccc1
O=C(NCC(Oc1ccc2c(cnn2-c2cccc3nonc23)c1)c1ccc2c(c1)CCO2)c1cc[nH]n1
O=C(NCC(Oc1ccc2c(cnn2-c2nccc3c2cnn3-c2ccccc2)c1)c1ccc2c(c1)OCCO2)c1cccnc1
O=C(NCC(Oc1ccc2c(cnn2-c2ccc(=O)[nH]n2)c1)c1ccc2c(c1)OCCO2)c1ccon1
O=C(Nc1cn2nc(-n3ncc4cc(OC(CNC(=O)c5ccc[nH]c5=O)c5ccccc5)ccc43)ccc2n1)c1ccncc1
O=C(NCC(Oc1ccc2c(cnn2-c2cccnc2)c1)c1ccc2c(c1)OCC=C2)c1cnc2ccccn12
O=C(NCC(Oc1ccc2c(cnn2-c2cn(-c3cnn(C4COC4)c3)nn2)c1)c1ccc2c(c1)CCO2)c1cccnc1
O=C(NCC(Oc1ccc2c(cnn2-c2cnc3ccccn23)c1)c1ccccc1)C1COCCN1
O=C(NCC(Oc1ccc2c(cnn2-c2nccc3c2CCN(Cc2ccncc2)C3)c1)c1ccc2c(c1)OCCO2)c1cnco1
O=C(COc1ccccc1)NCC(Oc1ccc2c(cnn2-c2cccc3cnncc23)c1)c1ccc2c(c1)OCCO2
c1cnc(-n2cc3cc(OCc4ccc5c(c4)OCCCO5)cc-3cn2)c(N2CCOCC2)n1
O=C(NCC(Oc1ccc2c(cnn2-c2ccc3nccnc3c2)c1)c1ccc2c(c1)OCCO2)c1cnccn1
c1cc2c(cc1COc1ccc3c(cnn3-c3ccc4cn[nH]c4c3)c1)CCO2
O=C(NCC(Oc1ccc2c(cnn2-c2cccc(N3CCNCC3)n2)c1)c1ccccc1)c1nn[nH]n1
O=C(NCC(Oc1ccc2c(cnn2-c2cccnn2)c1)c1ccc2c(c1)CCO2)c1cccnc1
O=C(NCC(Oc1ccc2c(cnn2-c2cccc(-c3ccncc3)c2)c1)c1ccccc1)c1csnn1
O=C(NCC(Oc1ccc2c(cnn2-c2nccc3c2cnn3-c2ccccc2)c1)c1ccccc1)c1nccs1
O=C(NCC(Oc1ccc2c(cnn2-c2cccnn2)c1)c1ccccc1)c1ccsc1
O=C(NCC(Oc1ccc2c(cnn2-c2cc3c(cn2)cnn3-c2ccccc2)c1)c1ccc2c(c1)OCCO2)c1nccc2cnccc12
O=C(NCC(Oc1ccc2c(cnn2-c2cc3ccccc3cn2)c1)c1ccccc1)c1cc(-c2cccnc2)co1
O=C(NCC(Oc1ccc2c(cnn2-c2ncnc3c2CCC3)c1)c1ccc2c(c1)OCCO2)c1cncc2ccccc12
O=C(NCC(Oc1ccc2c(cnn2-c2cc[nH]n2)c1)c1ccc2c(c1)OCCO2)c1cnco1
O=C(NCC(Oc1ccc2c(cnn2-c2ccc3nc[nH]c3c2)c1)c1ccc2c(c1)OCCO2)c1cccc2cccnc12
O=C(NCC(Oc1ccc2c(cnn2-c2nccc3ccncc23)c1)c1ccccc1)c1ccnc2ccccc12
O=C(NCC(Oc1ccc2c(cnn2-c2cccc(-c3ccccc3)c2)c1)c1ccc2c(c1)OCCO2)c1cnc2ccccn12
c1cc2c(cc1COc1ccc3c(cnn3-c3ccc4c(c3)CCNC4)c1)OCCN2C1CCOCC1
c1cc(N2CCCCC2)nc(-n2ncc3cc(OCc4ncc[nH]4)ccc32)c1
O=C(NCC(Oc1ccc2c(cnn2-c2cncc3[nH]ncc23)c1)c1ccc2c(c1)OCCO2)c1cnc2ccccn12
O=C(NCC(Oc1ccc2c(cnn2-c2cccc(-n3cnc4cnccc43)c2)c1)c1ccc2c(c1)OCCO2)c1ccccc1
O=C(NCC(Oc1ccc2c(cnn2-c2ccc(N3CCOCC3)nc2)c1)c1ccc2ccccc2c1)c1cnoc1
O=C(NCC(Oc1ccc2c(cnn2-c2ccccc2)c1)c1ccc2c(c1)OCCO2)c1nccc2ccccc12
O=C(NCC(Oc1ccc2c(cnn2-c2ccccn2)c1)c1ccccc1)c1cccnc1
O=C(NCC(Oc1ccc2c(cnn2-c2cnc3ncncc3c2)c1)c1ccc2c(c1)OCCO2)c1ccnnc1
c1ccc2oc(-n3ncc4cc(OCc5ccc6c(c5)OCCO6)ccc43)nc2c1
O=C(NCC(Oc1ccc2c(cnn2-c2cccnc2)c1)c1ccc2c(c1)OCCO2)c1ncc[nH]1
O=C(NCC(Oc1ccc2c(cnn2-c2cc3c(cn2)CNCC3)c1)c1ccc2c(c1)OCCO2)c1cc2c(cn1)CCO2
O=C(NCC(Oc1ccc2c(cnn2-c2ccnc(C(=O)N3CCCCC3)c2)c1)c1ccccc1)c1cnc[nH]1
O=C(NCC(Oc1ccc2c(cnn2-c2ccncn2)c1)c1cccnc1)c1nnco1
c1ccc(-c2ncncc2-c2ccc3[nH]nc(-c4ccccn4)c3c2)nc1
O=C(CCc1ccncc1)NCC(Oc1ccc2c(cnn2-c2ccc3[nH]ncc3c2)c1)c1ccc2c(c1)OCCO2
O=C(NCC(Oc1ccc2c(cnn2-c2cccc(-c3ncon3)c2)c1)c1ccc2c(c1)OCCO2)c1csnn1
O=C(NCC(Oc1ccc2c(cnn2-c2ncnc3sccc23)c1)c1ccccc1)c1csnn1
O=C(NCC(Oc1ccc2c(cnn2-c2ccccc2)c1)c1ccccc1)c1cccnc1
O=C(NCC(Oc1ccc2c(cnn2-c2ccc3nncn3c2)c1)c1ccccc1)c1ccon1
O=C(NCC(Oc1ccc2c(cnn2-c2cc3c(cn2)CN(Cc2ccccc2)CC3)c1)c1ccc2c(c1)CCO2)c1cccs1
O=C(NCC(Oc1ccc2c(cnn2-c2ccccc2)c1)c1ccc2c(c1)CCOC2)c1ccccn1
c1cc2c(cc1COc1ccc3c(cnn3-c3nnc4ccc(-c5cn[nH]c5)cn34)c1)OCCO2
O=C(NCC(Oc1ccc2c(cnn2-c2cc(-c3cnco3)ccn2)c1)c1ccc2c(c1)OCCO2)c1ccccc1
O=C(NCC(Oc1ccc2c(cnn2-c2ccc3c[nH]nc3c2)c1)c1ccc2c(c1)CCC2)C1CCCN(C(=O)C2CC2)C1
O=C(NCC(Oc1ccc2c(cnn2-c2nnco2)c1)c1ccc2c(c1)OCCO2)c1cccnn1
O=C(NCC(Oc1ccc2c(cnn2-c2cccc(-c3cnoc3)c2)c1)c1ccc2c(c1)CCC2)c1ccccc1
O=C(NCC(Oc1ccc2c(cnn2-c2ccnc(C3CC3)n2)c1)c1ccc2c(c1)OCCO2)c1cnccn1
O=C(NCc1ccccc1)c1cccc(-n2ncc3cc(OC(CNC(=O)c4ccsc4)c4ccccc4)ccc32)c1
O=C(NCC(Oc1ccc2c(cnn2-c2nn[nH]n2)c1)c1ccccc1)c1cccs1
O=C(NCC(Oc1ccc2c(cnn2-c2ccc3c(c2)CCN(Cc2cnc[nH]2)C3)c1)c1ccccc1)c1ccc2nccn2c1
O=C(NC1(C(=O)NCC(Oc2ccc3c(cnn3-c3cnc(-n4nccn4)nc3)c2)c2ccccn2)CC1)c1ccno1
c1ccc(CCNCC(Oc2ccc3c(cnn3-c3nncc4ccccc34)c2)c2ccc3c(c2)OCCO3)cc1
O=C(NCC(Oc1ccc2c(cnn2-c2nccc3c2CCNC3)c1)c1ccc2c(c1)OCCO2)c1cccnc1
O=C(NCC(Oc1ccc2c(cnn2-c2nccn3ccnc23)c1)c1ccc2c(c1)OCCO2)c1ccn[nH]1
O=C(NCC(Oc1cnc2c(cnn2-c2cnccn2)c1)c1ccccc1)c1ccon1
O=C(NCC(Oc1ccc2c(cnn2-c2ccnc(C3CC3)n2)c1)c1ccccc1)c1ccccn1
O=C(Cc1ccccc1)NCC(Oc1ccc2c(cnn2-c2cncs2)c1)c1ccccc1
O=C(NCC(Oc1ccc2c(cnn2-c2ccccc2)c1)c1ccc2c(c1)OCCO2)c1ccn[nH]1
O=C(NCC(Oc1ccc2c(cnn2-c2cnn(-c3ccncc3)c2)c1)c1ccccc1)c1cccnc1
O=C(CCCc1ccccc1)NCC(Oc1ccc2c(cnn2-c2cn[nH]c2)c1)c1ccc2c(c1)CCC2
O=C(NCC(Oc1ccc2c(cnn2-c2cnc3ccccn23)c1)c1ccc2c(c1)OCCO2)C1CCOC1
O=C(NCC(Oc1ccc2c(cnn2-c2ccccn2)c1)c1ccccc1)c1ccc2c(c1)OCCO2
O=C(NCC(Oc1ccc2c(cnn2-c2ncnc3c2CCCC3)c1)c1ccc2ccccc2c1)c1cc[nH]n1
c1ccc(-n2ncc3cc(OCc4ccc5cnccc5c4)ccc32)cc1
O=C1C=CC2C(=C1)CCC1C2CCC2C(C(=O)CSc3nnc(-c4ccco4)[nH]3)CCC21
N=c1[nH]cc(C(=O)NCC(Oc2ccc3c(cnn3-c3ccccc3)c2)c2ccc3c(c2)OCCO3)s1
O=C(Cc1ccccc1)NCC(Oc1ccc2c(cnn2-c2ccccc2)c1)c1ccc2[nH]c(=O)ccc2c1
O=C(NCC(Oc1ccc2c(cnn2-c2nccc(N3CCNCC3)n2)c1)c1ccc2c(c1)OCCCO2)C1CC1
O=C(CC1CCCCC1)NCC(Oc1ccc2c(cnn2-c2cccc3[nH]ncc23)c1)c1ccc2c(c1)OCCO2
c1ccc(-n2cc(-n3ncc4cc(OCc5ccc6c(c5)CCO6)ccc43)nn2)cc1
O=C(NCC(Oc1ccc2c(cnn2-c2nc(N3CCCCC3)n[nH]2)c1)c1ccc2c(c1)OCCO2)c1cn2ccccc2n1
O=C(NCC(Oc1ccc2c(cnn2-c2cnc3c(c2)CCCN3)c1)c1ccccc1)c1csnn1
O=C(NCC(Oc1ccc2c(cnn2-c2cnccn2)c1)c1ccc2c(c1)OCCO2)c1cc2ccccc2o1
O=C(NCC(Oc1ccc2c(cnn2-c2cncc(-c3cnccn3)c2)c1)c1ccc2ccccc2c1)c1ccccn1
O=C(NCC(Oc1ccc2c(cnn2-c2ccc3cc[nH]c3c2)c1)c1ccncc1)C1CC1
O=C(NCC(Oc1ccc2c(cnn2-c2ncnc3[nH]cnc23)c1)c1ccc2c(c1)OCCO2)c1ccc[nH]1
O=C(Cc1ccc2[nH]ncc2c1)NCc1nc(-c2ccccc2)no1
O=C(NCC(Oc1ccc2c(cnn2-c2ncccn2)c1)c1ccc2c(c1)OCCO2)c1cc2ccccc2[nH]1
O=C(NCC(Oc1ccc2c(cnn2-c2ccccc2-c2ncco2)c1)c1ccccc1)c1cnco1
N=c1cc[nH]c(-n2ncc3cc(OC(CNC(=O)c4ccc5c(c4)OCCO5)c4ccc5c(c4)OCCO5)ccc32)n1
O=C(NCC(Oc1ccc2c(cnn2-c2noc3ccccc23)c1)c1ccc2c(c1)CCCC2)c1ccc2c(c1)OCO2
c1ccc(-c2ccc3c(c2)CC(NCC(Cn2cncn2)c2ccccc2)CC3)cc1
O=C(Cc1ccccc1)NCC(Oc1ccc2c(cnn2-c2ccncn2)c1)c1ccc2c(c1)OCCCO2
O=C(NCC(Oc1ccc2c(cnn2-c2ccccc2-c2ccc3ccccc3n2)c1)c1ccc2c(c1)OCCO2)c1ccccn1
O=C(NCC(Oc1ccc2c(cnn2-c2cnc3[nH]cnc3c2)c1)c1ccc2c(c1)OCCO2)c1cnc(=O)[nH]c1
O=C(NCC(Oc1ccc2c(cnn2-c2ccc(N3CCCOC3=O)cn2)c1)c1ccc2c(c1)OCCO2)C1CCOC1
O=C(NCC(Oc1ccc2c(cnn2-c2cncc3ccccc23)c1)c1ccc2c(c1)OCCO2)C1CCCO1
O=C(NCC(Oc1ccc2c(cnn2-c2coc3ccccc3c2=O)c1)c1ccc2c(c1)OCCO2)c1ccccc1
O=C(NCC(Oc1ccc2c(cnn2-c2nccc3ccsc23)c1)c1ccccc1)c1cc[nH]n1
O=C(NCC(Oc1ccc2c(cnn2-c2ccc3c(c2)CCCC3)c1)c1ccc2c(c1)CCC2)c1ncco1
O=C(NCC(Oc1ccc2c(cnn2-c2ccc3c(c2)CCC(c2cccnc2)O3)c1)c1ccc2c(c1)CCO2)C1CCCOC1
O=C(NCC(Oc1ccc2c(cnn2-c2nncn2-c2ccccc2)c1)c1ccccc1)c1nnco1
O=C(Cc1ccccc1)NCC(Oc1ccc2c(cnn2-c2cccc(-c3cnoc3)c2)c1)c1ccc2c(c1)OCCO2
O=C(COc1ccccc1)NCC(Oc1ccc2c(cnn2-c2ccn3ccnc3c2)c1)c1ccc2c(c1)OCCO2
c1ccc(COc2ccc3c(cnn3-c3cnc4c(c3)CCN4)c2)cc1
N=c1nc(-n2ncc3cc(OC(CNC(=O)c4cnccn4)c4ccc5c(c4)OCCO5)ccc32)cc[nH]1
O=C(NCC(Oc1ccc2c(cnn2-c2nccc3cncn23)c1)c1ccc2c(c1)OCCO2)c1cnc2ccccn12
O=c1cc(-n2ncc3cc(OCc4nc5ccccc5s4)ccc32)cc[nH]1
O=C(NCC(Oc1ccc2c(cnn2-c2nnco2)c1)c1ccc2c(c1)OCCC2)c1cccc2cn[nH]c12
c1ccc(Oc2ccccc2)cc1
c1ccc(-n2ncc3cc(OCc4ccc5c(c4)OCCCO5)ccc32)cc1
O=C(NCC(Oc1ccc2c(cnn2-c2cnc3cnccc3c2)c1)c1ccc2c(c1)OCCO2)c1ccccc1
O=C(NCC(Oc1ccc2c(cnn2-c2cocn2)c1)c1ccc2c(c1)OCCCO2)c1cccc2ccccc12
O=C(NCC(Oc1ccc2c(cnn2-c2ccccc2-c2ccccn2)c1)c1ccc2c(c1)OCCO2)c1cnoc1
O=C(NCC(Oc1ccc2c(cnn2-c2ccncn2)c1)c1ccc2c(c1)OCCO2)c1ccoc1
O=C(NCC(Oc1ccc2c(cnn2-c2cncnn2)c1)c1ccc2c(c1)OCCO2)c1cncs1
O=C(NCC(Oc1ccc2c(cnn2-c2cnn(C3COC3)c2)c1)c1ccccc1)c1nccs1
O=C(NCC(Oc1ccc2c(cnn2-c2cscn2)c1)c1ccc2c(c1)OCCO2)c1cnn(Cc2ccccc2)c1
O=C(CCc1cccc2ccccc12)NCC(Oc1ccc2c(cnn2-c2cncc3ccccc23)c1)c1ccc2c(c1)OCCO2
O=C(NCC(Oc1ccc2c(cnn2-c2cccnc2)c1)c1ccc2c(c1)OCCO2)c1cncnc1
O=C(NCC(Oc1ccc2c(cnn2-c2ccccc2-c2ccccn2)c1)c1ccc2c(c1)OCCO2)C1CCCC1
O=C(NCC(Oc1ccc2c(cnn2-c2cc3cc[nH]c3cn2)c1)c1ccc2c(c1)OCCO2)C1(c2ccccc2)CCCC1
O=C(CNS(=O)(=O)c1cn[nH]c1)NCC(Oc1ccc2c(cnn2-c2ccccc2)c1)c1ccc2c(c1)OCCO2
O=C(NCC(Oc1ccc2c(cnn2-c2cc3c(cn2)CNCC3)c1)c1ccc2c(c1)OCCO2)c1cscn1
O=C(NCC(Oc1ccc2c(cnn2-c2cn[nH]c2)c1)c1ccccc1)c1ccc(-n2cccn2)s1
O=C(NCC(Oc1ccc2c(cnn2-c2cnc3c(cnn3-c3cccnn3)c2)c1)c1ccc2c(c1)OCCO2)c1ccn[nH]1
O=C(NCC(Oc1ccc2c(cnn2-c2cccc(N3CCCC3)n2)c1)c1ccc2c(c1)CCO2)c1ncc[nH]1
O=C(Cc1cncnc1)NCC(Oc1ccc2c(cnn2-c2cccc(C(=O)N3CCOCC3)c2)c1)c1ccc2c(c1)OCCO2
O=C(Nc1ccc2oc(-c3ccccc3)nc2c1)c1ccccc1
O=C(CCc1ccccc1)NCC(Oc1ccc2c(cnn2-c2ccc(-c3cnc4sccc4n3)cc2)c1)c1ccc2c(c1)OCCO2
O=S(=O)(NCCOc1ncnc2c1cnn2-c1ccccc1)c1ccccc1
O=C(NCC(Oc1ccc2c(cnn2-c2ccncn2)c1)c1ccccc1)c1nn[nH]n1
O=C(NCC(Oc1ccc2c(cnn2-c2cncc(N3CC4CC3C4)n2)c1)c1cc2ccccc2o1)c1csnn1
O=C(NCC(Oc1ccc2c(cnn2-c2cnn(-c3cncnc3)c2)c1)c1ccc2c(c1)CCO2)c1ccccn1
O=C(CCc1ccccc1)NCC(Oc1ccc2c(cnn2-c2cc(-c3cn[nH]c3)ccn2)c1)c1ccc2c(c1)OCCO2
O=C(NCC(Oc1ccc2c(cnn2-c2cc(N3CCOCC3)ncn2)c1)c1ccc2c(c1)OCCO2)c1ccno1
O=C(NCC(Oc1ccc2c(cnn2-c2ncnc3ccccc23)c1)c1ccc2c(c1)OCCO2)c1ccoc1
O=C(NCC(Oc1ccc2c(cnn2-c2cncc(N3CCOCC3)n2)c1)c1ccccc1)c1nc[nH]n1
O=C(NCC(Oc1ccc2c(cnn2-c2coc3ccccc23)c1)c1ccccc1)c1cnoc1
O=C(NCC(Oc1ccc2c(cnn2-c2nccc3c2CCC3)c1)c1ccc2c(c1)CCC2)c1ccccc1
O=C(NCC(Oc1ccc2c(cnn2-c2cccc3cnccc23)c1)c1ccccc1)C1CCCN1
O=C(Cn1cccn1)NCC(Oc1ccc2c(cnn2-c2ccccc2-n2nccn2)c1)c1ccc2c(c1)OCCCO2
O=C(NCC(Oc1ccc2c(cnn2-c2cccc(-c3cccnc3)c2)c1)c1ccc2c(c1)OCCO2)c1ccccc1
N=c1c(-n2ncc3cc(OC(CNC(=O)c4nsc5ccccc45)c4ccccc4)ccc32)cnc2ccccn12
c1cc2ccc(-n3ncc4cc(OCc5ccc6c(c5)OCCO6)ccc43)cc2cn1
N=c1nc(-n2ncc3cc(OC(CNS(=O)(=O)C4CC4)c4ccc5c(c4)OCCO5)ccc32)[nH]o1
O=C(NCC(Oc1ccc2c(cnn2-c2cnc(-c3ccccc3)nn2)c1)c1ccc2c(c1)OCCCO2)C1CCCCO1
c1ccc2nc(COc3ccc4c(cnn4-c4ccn[nH]4)c3)ccc2c1
O=C(NCC(Oc1ccc2c(cnn2-c2cccc(C3CCCO3)n2)c1)c1ccc2c(c1)OCCO2)C1CCC1
O=C(NCC(Oc1cnc2c(cnn2-c2cnn(-c3cnccn3)c2)c1)c1ccccc1)c1cc[nH]n1
O=C(NCC(Oc1ccc2c(cnn2-c2cc(NC3CCOCC3)ncn2)c1)c1ccccc1)c1cncc2ccccc12
O=C(NCC(Oc1ccc2c(cnn2-c2ncc3ccccc3n2)c1)c1ccc2c(c1)OCCO2)c1ccccc1
O=C(NCC(Oc1ccc2c(cnn2-c2nn[nH]n2)c1)c1ccccc1)c1cc2ccccc2[nH]1
O=C(NCC(Oc1ccc2c(cnn2-c2cccc3c2cnn3-c2ccccc2)c1)c1ccc2c(c1)OCCO2)c1cn[nH]c1
O=C(Cn1ccc2ccccc21)NCC(Oc1ccc2c(cnn2-c2ccccn2)c1)c1ccc2c(c1)OCCO2
O=C(NCC(Oc1ccc2c(cnn2-c2cn(-c3cncnc3)cn2)c1)c1ccc2c(c1)OCCO2)C1CCOCC1
O=S(=O)(NCC(Oc1ccc2c(cnn2-c2cn(Cc3ccccc3)nn2)c1)c1ccccc1)C1CCCCC1
O=C(NCC(Oc1ccc2c(cnn2-c2cc(-c3cccnc3)n[nH]2)c1)c1ccccc1)c1cocn1
O=C(NCC(Oc1ccc2c(cnn2-c2nccs2)c1)c1ccc2c(c1)OCCCO2)c1ccn[nH]1
O=C(NCC(Oc1ccc2c(cnn2-c2ncncn2)c1)c1ccc2c(c1)OCCCO2)c1cocn1
O=C(NCC(Oc1ccc2c(cnn2-c2nccc3ccccc23)c1)c1ccc2c(c1)CCC2)c1cnn(-c2ccccc2)c1
O=C(CCc1ccccc1)NCC(Oc1ccc2c(cnn2-c2cc3n(c2)CCC3)c1)c1ccc2c(c1)OCCO2
O=C(NCC(Oc1ccc2c(cnn2-c2cn(-c3cnccn3)nn2)c1)c1cnccn1)c1ccn[nH]1
O=C(NCC(Oc1ccc2c(cnn2-c2ncccn2)c1)c1ccc2c(c1)OCCO2)c1ncn2c1OCCC2
O=C(Cc1ccccc1)NCC(Oc1ccc2c(cnn2-c2cc[nH]c(=NCC3CCOC3)n2)c1)c1ccc2c(c1)OCCO2
O=C(NCC(Oc1ccc2c(cnn2-c2cccc(-c3cc[nH]n3)c2)c1)c1ccccc1)c1cnoc1
N=c1cc(-n2ncc3cc(OC(CNC(=O)c4cocn4)c4ccc5c(c4)CCO5)ccc32)nc[nH]1
O=C(NCC(Oc1ccc2c(cnn2-c2cn3ncsc3n2)c1)c1ccc2c(c1)OCCO2)C1CCC1
O=C(NCC(Oc1ccc2c(cnn2-c2cccc(-c3cnccn3)c2)c1)c1ccc2c(c1)OCCCO2)C1CCC1
O=C(NCC(Oc1ccc2c(cnn2-c2cncc(-n3cccn3)c2)c1)c1ccc2c(c1)OCCN2)c1nccs1
O=C(NCCc1ccccc1)c1cc2scnc2n1-c1ccccc1
O=C(NCC(Oc1ccc2c(cnn2-c2ccc3[nH]ncc3c2)c1)c1ccc2c(c1)CCC2)c1ncc[nH]1
O=C(NCC(Oc1ccc2c(cnn2-c2ccccc2-c2cccnc2)c1)c1ccccc1)c1ccncc1
O=C(NCC(Oc1ccc2c(cnn2-c2cccs2)c1)c1ccncc1)c1ccc2c(c1)OCC2
O=C(NCC(Oc1ccc2c(cnn2-c2ccc[nH]2)c1)c1ccc2c(c1)OCCCO2)c1ccco1
O=C(NCC(Oc1ccc2c(cnn2-c2ccnc(N3CCNCC3)n2)c1)c1ccccc1)c1cn[nH]c1
O=C(NCC(Oc1ccc2c(cnn2-c2ccccn2)c1)c1ccc2ccccc2c1)c1nnco1
O=C(NCC(Oc1ccc2c(cnn2-c2ccncn2)c1)c1ccc2c(c1)OCCO2)c1ccccc1
O=C(NCC(Oc1ccc2c(cnn2-c2ccncn2)c1)c1ccc2c(c1)OCCO2)C1CCCN1
O=C(NCC(Oc1ccc2c(cnn2-c2ccccc2)c1)c1ccccc1)c1cccc2ncccc12
c1cc(-n2ncc3cc(OCc4ccc5c(c4)OCCO5)ccc32)ccn1
O=C(NCC(Oc1ccc2c(cnn2-c2ncc3cc[nH]c3n2)c1)c1ccc2c(c1)OCCO2)c1ccccc1
O=C(NCC(Oc1ccc2c(cnn2-c2cc(-c3cocn3)ccn2)c1)c1ccc2c(c1)OCCO2)c1ccncc1
O=C(Cc1ccccc1)NCC(Oc1ccc2c(cnn2-c2cnc3ccccn23)c1)c1ccco1
O=C(NCC(Oc1ccc2c(cnn2-c2ccnc(C3CC3)n2)c1)c1cccc2ccccc12)c1cncs1
O=C(Cc1ccc2c(c1)CCCO2)NCC(Oc1ccc2c(cnn2-c2ncnc3cnccc23)c1)c1ccc2c(c1)OCCO2
O=C(NCC(Oc1ccc2c(cnn2-c2ncnc3[nH]ncc23)c1)c1ccc2c(c1)OCC2)C1CCCC1
c1ccc(-n2ncc3cc(OC(CNCCNc4cnc5[nH]cnc5c4)c4ccncc4)ccc32)cc1
O=C(NCC(Oc1ccc2c(cnn2-c2ncnc3[nH]ccc23)c1)c1ccccn1)C1CCNC1
O=C(NCC(Oc1ccc2c(cnn2-c2cc3cnccc3cn2)c1)c1ccc2c(c1)OCC2)c1cnco1
O=C(NCC(Oc1ccc2c(cnn2-c2cncc3ccccc23)c1)c1ccc2c(c1)OCCO2)C1COCCO1
O=C(NCC(Oc1ccc2c(cnn2-c2ccccn2)c1)c1ccc2c(c1)OCCO2)c1cocn1
O=C(NCC(Oc1ccc2c(cnn2-c2cncc(-c3c[nH]c4cnc5ccccc5c34)c2)c1)c1ccccc1)C1CCCN1
O=C1CCC(C(=O)NCC(Oc2ccc3c(cnn3-c3cnc4ccccc4c3)c2)c2cncc(C3CC3)c2)C1
O=C(NCC(Oc1ccc2c(cnn2-c2c[nH]nn2)c1)c1ccc2c(c1)OCCCO2)c1ccccc1-n1ccnc1
O=C(NCC(Oc1ccc2c(cnn2-c2ccn3nncc3c2)c1)c1ccc2c(c1)OCCO2)c1ccncc1
O=C(NCC(Oc1ccc2c(cnn2-c2nccc3c2CNCC3)c1)c1ccc2c(c1)OCCO2)c1ccccc1
O=C(NCC(Oc1ccc2c(cnn2-c2cc3c(cn2)CN(Cc2nccs2)CC3)c1)c1ccc2c(c1)OCCO2)c1cscn1
c1cc(N2CCOCC2)nc(-n2ncc3cc(OCc4ccc5c(c4)OCCO5)ccc32)c1
O=C(NCC(Oc1ccc2c(cnn2-c2ccc3ncccc3c2)c1)c1ccc2c(c1)CCNC2)C1CCC1
O=C(NCC(Oc1ccc2c(cnn2-c2cccc(-c3cccc4c3cnn4C3CCOCC3)c2)c1)c1ccc2c(c1)OCCO2)c1ccn[nH]1
O=C(NCC(Oc1ccc2c(cnn2-c2nccc3c2cnn3-c2cnccn2)c1)c1ccc2ccccc2c1)c1cnoc1
O=C(NCC(Oc1ccc2c(cnn2-c2ccoc2)c1)c1ccc2c(c1)OCCCO2)c1cccs1
O=C(NCC(Oc1ccc2c(cnn2-c2ncnc3c2CCN(C2CCOCC2)C3)c1)c1ccccc1)c1ccno1
c1cnc(-n2ncc3cc(OCc4ccc5c(c4)OCCO5)ccc32)cn1
O=C(NCC(Oc1ccc2c(cnn2-c2cc(C3CC3)n[nH]2)c1)c1ccc2c(c1)OCCO2)c1ccccc1
O=C(NCC(Oc1ccc2c(cnn2-c2ncc3c(n2)CCNC3)c1)c1ccc2c(c1)CCO2)c1cccs1
O=C(NCC(Oc1ccc2c(cnn2-c2cccc(-c3ccc4n[nH]cc4c3)n2)c1)c1ccc2c(c1)OCCO2)c1ccccc1
c1ccc(COc2ccc3c(cnn3-c3cccnc3-c3nccs3)c2)cc1
O=S(=O)(NCC(Oc1ccc2c(cnn2-c2cnn(-c3ccncc3)c2)c1)c1ccc2c(c1)OCCO2)C1CC1
O=C(Nc1ccccc1)c1cnn2ccc(-n3ncc4cc(OCc5ccc6c(c5)CCN(C5CCOCC5)CC6)ccc43)nc12
O=C(NCC(Oc1ccc2c(cnn2-c2ccc3ncncc3c2)c1)c1ccc2ccccc2c1)c1cocn1
O=C(NCC(Oc1ccc2c(cnn2-c2nccc3c2CCNC3)c1)c1ccc2c(c1)OCCN(C1CCOCC1)C2)c1nccs1
O=C(NCC(Oc1ccc2c(cnn2-c2ccnc(N3CCOCC3)n2)c1)c1ccc2c(c1)OCCO2)c1ccncc1
N=c1cccc(C(=O)NCC(Oc2ccc3c(cnn3-c3cnn(-c4ccno4)c3)c2)c2ccccc2)s1
O=C(NCC(Oc1ccc2c(cnn2-c2ccc3cccnc3c2)c1)c1ccc2c(c1)OCCO2)c1cnc[nH]1
O=C(NCC(Oc1ccc2c(cnn2-c2ncccn2)c1)c1ccccc1)c1cnoc1
O=C(NCC(Oc1ccc2c(cnn2-c2ccccc2)c1)c1ccc2c(c1)OCCCO2)c1ccnnc1
c1ccc(Cn2cc(-c3cc4c(cn3)ncn4-c3ccccc3)cn2)cc1
O=C(Cn1cc2ccccc2c1)NCC(Oc1ccc2c(cnn2-c2cccnn2)c1)c1ccc2c(c1)OCCO2
O=C(NCC(Oc1ccc2c(cnn2-c2cnn(-c3cncnc3)c2)c1)c1ccc2c(c1)OCCCO2)C1CCCCC1
c1ccc(COc2ccc3c(cnn3-c3cncnc3)c2)cc1
O=C(NCC(Oc1ccc2c(cnn2-c2ccc3nncn3c2)c1)c1ccccc1)c1cnoc1
O=C(NCC(Oc1ccc2c(cnn2-c2nccc(N3CCNCC3)n2)c1)c1ccc2c(c1)OCCO2)c1ccc2c(c1)OCCCO2
c1nc(N2CCCC2)cc(-n2ncc3cc(OCc4ccc5c(c4)OCCO5)ccc32)n1
c1ccc(-c2cccc(-n3ncc4cc(OCc5ccc6c(c5)CCC6)ccc43)c2)cc1
O=C(NCC(Oc1ccc2c(cnn2-c2nccc3[nH]cnc23)c1)c1ccc2c(c1)OCCO2)c1ccccc1
O=C(NCC(Oc1ccc2c(cnn2-c2cccc3c2cnn3-c2ncccn2)c1)c1ccccn1)C1CC1
O=C(NCC(Oc1ccc2c(cnn2-c2cccc(-c3ncc[nH]3)c2)c1)c1ccc2c(c1)OCCO2)c1cnn2ccc(-c3ncccn3)nc12
O=C(NCC(Oc1ccc2c(cnn2-c2cc[nH]n2)c1)c1ccc2c(c1)OCCO2)c1ccccc1
O=C(NCC(Oc1ccc2c(cnn2-c2cccc(-c3cnoc3)c2)c1)c1ccccc1)c1cc[nH]n1
O=c1ccnc(-n2ncc3cc(OCc4ccccc4)ccc32)[nH]1
O=C(NCC(Oc1ccc2c(cnn2-c2cnc3nccnc3c2)c1)c1ccc2c(c1)OCCO2)c1cc2ccccc2[nH]1
N=C1CCc2ccc(NCC(=O)NCC(=O)Nc3cccc4cnccc34)cc21
O=C(NCC(Oc1ccc2c(cnn2-c2ncnc3ccccc23)c1)c1ccc2c(c1)OCCO2)c1cnc(-c2cnco2)s1
O=C(NCC(Oc1ccc2c(cnn2-c2cnc3c(c2)CNC3=O)c1)c1ccc2c(c1)OCCO2)c1cnco1
O=C(NCC(Oc1ccc2c(cnn2-c2ccnc(N3CCCCC3)n2)c1)c1ccccc1)c1cncnc1
O=C(NCC(Oc1ccc2c(cnn2-c2cc(C3CC3)n[nH]2)c1)c1ccccc1)c1cnccn1
O=C(NCC(Oc1ccc2c(cnn2-c2ccccc2-c2ccn[nH]2)c1)c1ccccc1)c1nnco1
O=C(NCC(Oc1ccc2c(cnn2-c2nccc3ocnc23)c1)c1ccc2c(c1)OCCO2)c1nccn2cncc12
O=C(NCC(Oc1ccc2c(cnn2-c2ncnc3c2CCC3)c1)c1cccnc1)c1ccccc1
O=C(NCC(Oc1ccc2c(cnn2-c2cccnc2-c2ccsc2)c1)c1ccc2c(c1)OCCO2)C1CCC1
c1ccc(COc2ccc(-c3cccnc3)c3cccnc23)cc1
O=C(NCC(Oc1ccc2c(cnn2-c2cnc3[nH]ncc3c2)c1)c1ccc2c(c1)CCC2)c1ccccc1
O=C(NCC(Oc1ccc2c(cnn2-c2ccc3cccn3n2)c1)c1ccccc1)c1ccccn1
O=C(NCC(Oc1ccc2c(cnn2-c2ccc3nncn3n2)c1)c1ccc2c(c1)OCCCO2)c1cscn1
O=C(NCC(Oc1ccc2c(cnn2-c2cccnc2-c2ccoc2)c1)c1ccc2c(c1)OCCO2)C1CCC1
O=C(NCC(Oc1ccc2c(cnn2-c2cncnc2)c1)c1ccccc1)c1ccccc1
O=C(NCC(Oc1ccc2c(cnn2-c2cccc(N3CCOCC3)n2)c1)c1ccccc1)c1cnco1
O=C(NCC(Oc1ccc2c(cnn2-c2cc(C3CC3)[nH]n2)c1)c1ccccc1)c1ccoc1
O=C(NCC(Oc1ccc2c(cnn2-c2ccn(-c3ccncn3)c2)c1)c1ccc2c(c1)OCCO2)c1cnoc1
O=C(NCC(Oc1ccc2c(cnn2-c2ccc(-n3cccn3)nc2)c1)c1ccc2c(c1)CCC2)c1cncnc1
O=C(CCc1ccccc1)NCC(Oc1ccc2c(cnn2-c2cnc3c(cnn3-c3ccccn3)c2)c1)c1ccc2c(c1)OCCO2
O=C(NCC(Oc1ccc2c(cnn2-c2cc(C3CCC3)ncn2)c1)c1ccccc1)c1cccs1
O=C(NCC(Oc1ccc2c(cnn2-c2ccccc2-c2c[nH]cn2)c1)c1ccccc1)c1ccc(-n2cccn2)nn1
O=C(NCC(Oc1ccc2c(cnn2-c2nccc3nccn23)c1)c1ccccc1)C1CCCC1
O=C(NCC(Oc1ccc2c(cnn2-c2ncnc3c2CCC3)c1)c1ccncc1)c1ccc2c(c1)OCCO2
O=C(CN1C(=O)c2ccccc2C1=O)NCC(Oc1ccc2c(cnn2-c2cccc(-n3cccn3)c2)c1)c1ccc2c(c1)OCCCO2
O=C(NCC(Oc1ccc2c(cnn2-c2cn[nH]c2)c1)c1ccc2c(c1)OCCCO2)c1cccnc1
c1cnnc(-n2ncc3cc(OCc4ccc5c(c4)OCCN5)ccc32)c1
O=C(NCC(Oc1ccc2c(cnn2-c2nncs2)c1)c1ccco1)c1ccccc1
O=C(NCC(Oc1ccc2c(cnn2-c2cc(N3CCNCC3)ncn2)c1)c1ccccc1)c1ccccc1
O=C(NCC(Oc1ccc2c(cnn2-c2cnc3c(c2)CCC3)c1)c1cncnc1)c1ccccc1
O=C(NCC(Oc1ccc2c(cnn2-c2nccc3c2cnn3-c2ccccc2)c1)c1ccc2c(c1)OCCO2)c1cscn1
O=C(NCC(Oc1ccc2c(cnn2-c2cnc3ccccc3c2)c1)c1ccc2c(c1)OCCO2)c1ccc2c(c1)OCCO2
O=C(NCC(Oc1ccc2c(cnn2-c2ncnc3c2CCCC3)c1)c1ccc2c(c1)OCCC2)c1cncs1
O=C(NCC(Oc1ccc2c(cnn2-c2cccnn2)c1)c1ccc2c(c1)OCC2)c1cnco1
O=C(NCC(Oc1ccc2c(cnn2-c2ccnc3ccccc23)c1)c1ccc2c(c1)OCCO2)c1ccccc1
O=C(NCC(Oc1ccc2c(cnn2-c2ccccn2)c1)c1ccc2c(c1)OCCO2)c1cccnn1
N=c1cc(-n2ncc3cc(OC(CNC(=O)c4cocn4)c4ccccn4)ccc32)[nH]cn1
O=C(NCC(Oc1ccc2c(cnn2-c2cnc3ccncc3n2)c1)c1ccc2c(c1)CCC2)c1cnco1
O=C(COc1ccccc1)NCC(Oc1ccc2c(cnn2-c2ncnc3ccncc23)c1)c1ccc2c(c1)OCCO2
O=C(NCC(Oc1ccc2c(cnn2-c2ccnc(N3CCCCC3)n2)c1)c1ccc2c(c1)OCCO2)c1cccnn1
O=C(NCC(Oc1ccc2c(cnn2-c2cnc3[nH]ncc3n2)c1)c1ccc2c(c1)OCCO2)c1cnccn1
O=C(NCC(Oc1ccc2c(cnn2-c2ccccn2)c1)c1ccc2c(c1)OCCO2)C1CCC1
O=C(NCC(Oc1ccc2c(cnn2-c2cnc(N3CCNCC3)nc2)c1)c1ccc2ccccc2c1)c1cn[nH]c1
O=C(NCC(Oc1ccc2c(cnn2-c2ccc3[nH]cnc3c2)c1)c1ccc2c(c1)OCCO2)c1cnco1
O=C(NCC(Oc1ccc2c(cnn2-c2cc(C3CC3)ncn2)c1)c1ccc2c(c1)CCCC2)c1ccccc1
O=C(NCC(Oc1ccc2c(cnn2-c2ccc(-c3c[nH]c(=O)o3)cc2)c1)c1ccccc1)c1cocn1
O=C(NCC(Oc1ccc2c(cnn2-c2ccc3ccccc3c2)c1)c1ccc2c(c1)OCCO2)c1ccccc1
O=C(Cc1cccnc1)NCC(Oc1ccc2c(cnn2-c2nnco2)c1)c1ccc2c(c1)OCCCO2
O=C(NCC(Oc1ccc2c(cnn2-c2ncnc3[nH]ccc23)c1)c1ccc2c(c1)OCCO2)c1ccccc1
O=C(NCC(Oc1ccc2c(cnn2-c2cc3[nH]cnc3cn2)c1)c1ccccc1)c1ccccc1
O=C1NCCc2cc(-n3ncc4cc(OCc5ccc6c(c5)OCCO6)ccc43)ncc21
O=C(NCC(Oc1ccc2c(cnn2-c2cc(-c3cccnc3)n[nH]2)c1)c1ccccc1)c1ccnn1N1CCOCC1
O=C(NCC(Oc1ccc2c(cnn2-c2nccc3c2CCN(Cc2ccccc2)C3)c1)c1ccccn1)c1cnco1
O=C(NCC(Oc1ccc2c(cnn2-c2cncnc2)c1)c1ccc2c(c1)CCO2)C1(c2ccccc2)CC1
O=C(NCC(Oc1ccc2c(cnn2-c2ccc3c(-c4cnoc4)cccc3n2)c1)c1ccc2c(c1)CCC2)c1ccccc1
O=C(NCC(Oc1ccc2c(cnn2-c2ncon2)c1)c1ccccc1)c1cn[nH]c1
O=C(NCC(Oc1ccc2c(cnn2-c2cnc3ccccc3c2)c1)c1ccc2c(c1)OCCO2)c1ccccc1
O=C(NCC(Oc1ccc2c(cnn2-c2nccc(-c3cccnc3)n2)c1)c1ccc2c(c1)OCCO2)c1cnoc1
O=C(NCC(Oc1ccc2c(cnn2-c2nccc(N3CCOCC3)n2)c1)c1ccncc1)C1CC1
O=C(NCC(Oc1ccc2c(cnn2-c2ccc(-c3c[nH]cn3)cc2)c1)c1ccccc1)c1cnco1
O=C(NCC(Oc1ccc2c(cnn2-c2cnc3ccccc3c2)c1)c1ccc2c(c1)CCOC2)C1CCOC1
O=C(Cn1ccc(=O)cc1)NCC(Oc1ccc2c(cnn2-c2ccc3[nH]ncc3c2)c1)c1ccc2c(c1)OCCO2
O=C(NCC(Oc1ccc2c(cnn2-c2cccc(-n3ncc4ccccc43)n2)c1)c1ccccc1)c1ccccc1
O=C(NCC(Oc1ccc2c(cnn2-c2ccc3cnccc3c2)c1)c1ccc2c(c1)CCC2)c1cccnc1
O=C(NCC(Oc1ccc2c(cnn2-c2ccncc2)c1)c1ccc2c(c1)OCCCO2)c1onc2c1CCCC2
O=C(NCC(Oc1ccc2c(cnn2-c2ccccc2)c1)c1ccc2c(c1)OCCO2)c1cscn1
O=C(NCC(Oc1ccc2c(cnn2-c2ncco2)c1)c1ccc2c(c1)OCCO2)c1occ2ccccc12
O=C(NCC(Oc1ccc2c(cnn2-c2ccnc(N3CCNCC3)n2)c1)c1ccc2c(c1)OCCO2)C1CCCNC1
O=C(NCC(Oc1ccc2c(cnn2-c2ccccn2)c1)c1ccc2c(c1)OCCO2)c1ccccc1
O=C(NCC(Oc1ccc2c(cnn2-c2ccn3ccnc3c2)c1)c1ccc2c(c1)OCCC2)c1ccsc1
O=C(NCC(Oc1ccc2c(cnn2-c2nncs2)c1)c1ccccc1)c1ccco1
O=C(NCC(Oc1ccc2c(cnn2-c2cccnc2C2CCC2)c1)c1ccc2ccccc2c1)c1cnco1
N=c1cc[nH]c(-n2ncc3cc(OC(CNC(=O)c4cnccn4)c4ccc5c(c4)OCCO5)ccc32)n1
O=C(Cc1cccc2ccccc12)NCC(Oc1ccc2c(cnn2-c2cn(-c3ccccc3)nn2)c1)c1ccc2c(c1)OCCO2
O=C(NCC(Oc1ccc2c(cnn2-c2ccc(-c3ccno3)cc2)c1)c1ccc2c(c1)OCCO2)C1CCCN1
O=C(NCC(Oc1ccc2c(cnn2-c2nnc(-c3ccco3)s2)c1)c1ccc2c(c1)OCCO2)c1ccccc1
O=C(NCC(Oc1ccc2c(cnn2-c2nccc(N3CCOCC3)n2)c1)c1ccc2c(c1)CCC2)c1c2cccc1OC=C2
O=C(NCC(Oc1ccc2c(cnn2-c2cnc3ccccn23)c1)c1ccc2c(c1)OCCO2)Nc1ccccc1
O=C(NCC(Oc1ccc2c(cnn2-c2cnc3ccnn3c2)c1)c1ccc2c(c1)OCCO2)c1cnccn1
O=C(NCC(Oc1ccc2c(cnn2-c2cccc(N3CCOCC3)n2)c1)c1ccc2c(c1)CCO2)c1ccsc1
O=C(NCC(Oc1ccc2c(cnn2-c2cccnc2-c2cnsc2)c1)c1ccc2c(c1)OCCO2)c1cnoc1
O=C(NCC(Oc1ccc2c(cnn2-c2ccncn2)c1)c1ccc2c(c1)OCCC2)c1cccs1
O=C(NCC(Oc1ccc2c(cnn2-c2cn(Cc3ccccc3)nn2)c1)c1ccc2c(c1)OCCO2)c1ccco1
O=C(NCC(Oc1ccc2c(cnn2-c2ccc(-n3ccnc3)nn2)c1)c1ccc2c(c1)OCCO2)C1CCOCC1
c1ccc(COc2ccc3c(cnn3-c3nc(N4CCOCC4)cc4nccn34)c2)cc1
O=C(NCC(Oc1ccc2c(cnn2-c2cccnc2)c1)c1ccc2c(c1)OCCO2)c1cnc2ccccn12
O=C(NCC(Oc1ccc2c(cnn2-c2ncns2)c1)c1ccc2c(c1)OCCO2)c1ccc2[nH]ncc2c1
O=C(NCC(Oc1ccc2c(cnn2-c2cccnc2)c1)c1ccc2ccccc2c1)c1cncs1
O=C(Cc1cccc2ccccc12)NCC(Oc1ccc2c(cnn2-c2nc[nH]n2)c1)c1ccc2c(c1)OCCO2
O=C(NCC(Oc1ccc2c(cnn2-c2ccc3occc3c2)c1)c1ccc2c(c1)OCCO2)c1cccnc1
O=C(NCC(Oc1ccc2c(cnn2-c2ccc3cnccc3n2)c1)c1ccccc1)c1cnoc1
O=C(NCC(Oc1ccc2c(cnn2-c2nccc3ncccc23)c1)c1ccc2c(c1)OCCO2)c1cc[nH]n1
N=c1nc(-n2ncc3cc(OCc4ccccc4)ccc32)cc[nH]1
O=C(NCC(Oc1ccc2c(cnn2-c2cnc3cccnc3c2)c1)c1ccc2c(c1)CCC2)c1ccccc1
O=C(NCC(Oc1ccc2c(cnn2-c2cn[nH]c2)c1)c1ccccc1)c1cccnc1
O=C(NCC(Oc1ccc2c(cnn2-c2cnc3ccccc3c2)c1)c1ccccc1)C1CC1
O=C(NCC(Oc1ccc2c(cnn2-c2cnsc2)c1)c1ccc2c(c1)OCCCO2)Nc1ccccc1
O=C(NCC(Oc1ccc2c(cnn2-c2ncnc3ccsc23)c1)c1ccc2c(c1)OCCC2)c1cnco1
O=C(NCC(Oc1ccc2c(cnn2-c2cc(C3CC3)nc(C3CC3)n2)c1)c1ccccc1)c1cscn1
O=C(NCC(Oc1ccc2c(cnn2-c2ccn[nH]2)c1)c1ccccc1)c1cccs1
O=C(NCC(Oc1ccc2c(cnn2-c2cncc(N3CCOCC3)n2)c1)c1ccc2c(c1)COC2)C1CCCCC1
O=C(NCC(Oc1ccc2c(cnn2-c2cn(-c3cccnc3)cn2)c1)c1ccc2c(c1)OCCO2)C1CCC1
O=C(NCC(Oc1ccc2c(cnn2-c2cnccn2)c1)c1ccc2c(c1)OCCO2)c1cc2ccccc2s1
O=C(NCC(Oc1ccc2c(cnn2-c2ccccc2)c1)c1ccccc1)C1CC1
O=C(NCC(Oc1ccc2c(cnn2-c2cnc3c(c2)CCC3)c1)c1ccc2c(c1)OCCO2)c1cnc2nncn2c1
O=C(NCC(Oc1ccc2c(cnn2-c2ncccn2)c1)c1ccc2[nH]ccc2c1)C1CCOC1
O=C(NCC(Oc1ccc2c(cnn2-c2nccnc2C2CCOCC2)c1)c1ccc2c(c1)OCCO2)c1ccccc1
O=C(NCC(Oc1ccc2c(cnn2-c2cccc(-n3cccn3)n2)c1)c1ccccc1)c1cccs1
O=C(NCC(Oc1ccc2c(cnn2-c2nccc3c2CNC3)c1)c1ccc2c(c1)OCCCO2)c1ccccc1
O=C(NCC(Oc1ccc2c(cnn2-c2ccccc2-c2ncc[nH]2)c1)c1ccccc1)c1csnn1
O=C(NCC(Oc1ccc2c(cnn2-c2cc3ccccc3cn2)c1)c1ccc2c(c1)CCO2)c1ccccc1
c1cc(-n2ncc3cc(OCc4ccoc4)ccc32)ccn1
O=C(CCc1ccccc1)NCC(Oc1ccc2c(cnn2-c2ccc(-n3cccn3)cc2)c1)c1ccc2c(c1)OCCO2
O=C(NCC(Oc1ccc2c(cnn2-c2cnc3ccncc3c2)c1)c1ccccc1)c1cccnc1
O=C(NCC(Oc1ccc2c(cnn2-c2cc3c(cn2)CCC3)c1)c1ccc2c(c1)OCCO2)C1CCOCC1
c1ccc(-n2ncc3cc(OC(CNCc4ccc[nH]4)c4ccc5c(c4)OCCO5)ccc32)cc1
N=c1nc(-n2ncc3cc(OC(CNC(=O)c4cncnc4)c4ccc5c(c4)OCCO5)ccc32)cc[nH]1
O=C(COc1ccc2ccccc2c1)NCC(Oc1ccc2c(cnn2-c2ccnn2-c2ccccc2)c1)c1ccc2c(c1)OCCO2
O=C(NCC(Oc1ccc2c(cnn2-c2cnc3n[nH]cc3c2)c1)c1ccc2c(c1)OCCCO2)c1ncon1
O=C(NCC(Oc1ccc2c(cnn2-c2cnc3[nH]ncc3c2)c1)c1ccc2c(c1)OCCCO2)c1cccnc1
O=C(NCC(Oc1ccc2c(cnn2-c2cccc3c2cnn3-c2ccccc2)c1)c1ccc2c(c1)OCCCO2)c1cnoc1
O=C(Cc1ccco1)NCC(Oc1ccc2c(cnn2-c2cncc(C(=O)NC3CCOCC3)c2)c1)c1ccccc1
O=C(NCC(Oc1ccc2c(cnn2-c2cccc(N3CCCC3)n2)c1)c1cccnc1)C1CCC1
N=c1nc(-n2ncc3cc(OC(CNC(=O)c4cncs4)c4ccc5c(c4)OCCO5)ccc32)cc[nH]1
O=C(NCC(Oc1ccc2c(cnn2-c2ccccn2)c1)c1ccc2c(c1)CCC2)c1cccs1
O=C(NCC(Oc1ccc2c(cnn2-c2nccc3c2CCNC3)c1)c1ccc2c(c1)OCCO2)c1cnsc1
c1ccc2cc(-n3ncc4cc(OCc5ccc6c(c5)OCCO6)ccc43)ncc2c1
O=C(NCC(Oc1ccc2c(cnn2-c2cnc3c(c2)CCC3)c1)c1ccccc1)C1CCCCC1
O=C(NCC(Oc1ccc2c(cnn2-c2ncnc3ccsc23)c1)c1ccc2c(c1)OCCO2)c1ccncn1
O=C(NCC(Oc1ccc2c(cnn2-c2nccc3c2ccc2sccc23)c1)c1ccc2c(c1)OCCO2)c1cscn1
O=C1NCCc2cc(-n3ncc4cc(OC(CNC(=O)c5cccc6cnccc56)c5ccc6c(c5)CCO6)ccc43)ncc21
O=C1C=C(c2ccccc2)C(=Cc2ccccc2)C1=Cc1ccccc1
O=C(NCC(Oc1ccc2c(cnn2-c2ncc(N3CCOCC3)s2)c1)c1ccc2c(c1)OCCO2)c1cnccn1
c1ccc(-n2ncc3cc(OCc4ccc5c(c4)CCCC5)ccc32)cc1
O=C(NCC(Oc1ccc2c(cnn2-c2cccc(C3CC3)n2)c1)c1ccc2c(c1)CCC2)c1cnc[nH]1
O=C(NCC(Oc1ccc2c(cnn2-c2cc(-c3ccno3)ccn2)c1)c1ccccc1)c1ccnc2ccccc12
O=C(NCC(Oc1ccc2c(cnn2-c2cnccn2)c1)c1ccccc1)c1ccsc1
O=C(NCC(Oc1ccc2c(cnn2-c2cn(-c3cn[nH]c3)cn2)c1)c1ccc2c(c1)OCCO2)c1c[nH]nn1
O=C(NCC(Oc1ccc2c(cnn2-c2ccccc2)c1)c1ccc2c(c1)OCCCO2)c1ccccc1
O=C(NCC(Oc1ccc2c(cnn2-c2cccc3ocnc23)c1)c1ccc2c(c1)OCCO2)c1cccnc1
O=C(NCC(Oc1ccc2c(cnn2-c2cccc(C3CC3)n2)c1)c1ccc2c(c1)OCCCO2)c1cccnc1
c1cc2c(cc1COc1ccc3c(cnn3-c3ccc4nncn4c3)c1)OCCO2
c1cc(-n2ncc3cc(OCc4ccc5c(c4)OCCN5)ccc32)ncn1
O=C(NCC(Oc1ccc2c(cnn2-c2ccn[nH]2)c1)c1ccc2c(c1)OCCO2)c1ccoc1
c1ccc(-n2ncc3cc(OCc4ccnnc4-c4cnc5cnccc5c4)ccc32)cc1
O=C(Cc1ccc(-n2cncn2)cc1)NCC(Oc1ccc2c(cnn2-c2ncco2)c1)c1ccc2c(c1)OCCO2
O=C(NCC(Oc1ccc2c(cnn2-c2cccc(C3CC3)n2)c1)c1ccc2c(c1)OCCO2)c1cccnc1
O=C(Cc1ccccc1)NCC(Oc1ccc2c(cnn2-c2nncc3ccccc23)c1)c1ccc2c(c1)OCCO2
O=C(Cc1ccccc1)NCC(Oc1ccc2c(cnn2-c2cccc(-c3ccccn3)c2)c1)c1ccc2c(c1)OCCO2
O=C(NCC(Oc1ccc2c(cnn2-c2cccnc2)c1)c1ccc2c(c1)OCCC2)c1cccc(-n2nccn2)c1
O=C(NCC(Oc1ccc2c(cnn2-c2ccccc2)c1)c1cscn1)C(Oc1ccc2cnccc2c1)c1ccccc1
O=C(NCC(Oc1ccc2c(cnn2-c2cncc(N3CCCNCC3)n2)c1)c1ccncc1)C1CCC1
O=C(NCC(Oc1ccc2c(cnn2-c2cccc(-c3cccnc3)c2)c1)c1ccc2c(c1)OCCO2)C1CCC1
O=C(CCCc1ccccc1)NCC(Oc1ccc2c(cnn2-c2cn[nH]c2)c1)c1ccc2c(c1)OCCCO2
O=C(NCC(Oc1ccc2c(cnn2-c2cccc(-c3ccccc3)c2)c1)c1ccc2c(c1)OCCO2)C1CCCCN1
O=C(NCC(Oc1ccc2c(cnn2-c2ccccn2)c1)c1cncnc1)c1ncc[nH]1
O=C(NCC(Oc1ccc2c(cnn2-c2nnc3ccccn23)c1)c1ccc2ccccc2c1)c1cnoc1
O=C(NCC(Oc1ccc2c(cnn2-c2cncc(-c3nncs3)c2)c1)c1ccccc1)c1cccnc1
O=C(NCC(Oc1ccc2c(cnn2-c2nccc3cccnc23)c1)c1ccc2c(c1)OCCO2)c1ccc(-c2ncccn2)s1
O=C(NCC(Oc1ccc2c(cnn2-c2ncc3c(n2)NCC3)c1)c1ccccc1)c1ccno1
O=C(NCC(Oc1ccc2c(cnn2-c2cccc3ccnn23)c1)c1ccc2c(c1)OCCO2)c1cnc[nH]1
O=C(NCC(Oc1ccc2c(cnn2-c2ccn[nH]2)c1)c1ccc2c(c1)OCCCO2)c1cccc2nccn12
N=c1nc(-n2ncc3cc(OC(CNC(=O)c4ccn[nH]4)c4ccccn4)ccc32)cn[nH]1
O=C(Cc1c[nH]c2ccccc12)NCC(Oc1ccc2c(cnn2-c2ccc3c(c2)OCCO3)c1)c1ccc2c(c1)OCCO2
O=C(NCC(Oc1ccc2c(cnn2-c2ccccc2)c1)c1ccc2c(c1)OCCO2)C1CCCOC1
O=C(NCC(Oc1ccc2c(cnn2-c2nccc3cnccc23)c1)c1ccc2c(c1)CCO2)c1cnc2ccccn12
O=C(NCC(Oc1ccc2c(cnn2-c2cccc(N3CCOCC3)n2)c1)c1ccc2c(c1)OCCO2)C1COCCO1
O=C(NCC(Oc1ccc2c(cnn2-c2cnn(-c3ccccc3)c2)c1)c1ccccc1)c1cn[nH]c1
C1=C2CCCC(Cc3cnco3)C2Cc2cnn(-c3ccccc3)c21
O=C(NCC(Oc1ccc2c(cnn2-c2cnc3ccccc3n2)c1)c1cnccn1)C1COC1
c1ccc(-n2cc(-c3cc(OCCCNc4cccc5c4cnn5-c4ccccc4)cc4c3-c3ccccc3C4)cn2)cc1
O=C(NCC(Oc1ccc2c(cnn2-c2ccncn2)c1)c1ccccc1)C1CCNC1
O=C(NCC(Oc1ccc2c(cnn2-c2cccc(-n3ncc4ccccc43)c2)c1)c1ccc2c(c1)OCCO2)c1cnn2cccnc12
O=C(NCC(Oc1ccc2c(cnn2-c2cnc3[nH]nnc3c2)c1)c1ccccc1)c1cccs1
c1cc(-n2ncc3cc(OCc4ccc5cccn5n4)ccc32)c2ccncc2c1
O=C(Cc1ccoc1)NCC(Oc1ccc2c(cnn2-c2cccc(-c3cccc4cccnc34)c2)c1)c1ccc2c(c1)OCCO2
O=C(NCC(Oc1ccc2c(cnn2-c2cccc(-c3nnn[nH]3)c2)c1)c1ccc2c(c1)OCCO2)c1ccoc1
O=C1C=CC2C(=C1)CCC1C2CCC2C(C(=O)CSc3nnc(-c4cccs4)[nH]3)CCC21
O=C(NCC(Oc1ccc2c(cnn2-c2ncnc3[nH]ncc23)c1)c1ccccc1)c1ccccc1
O=C(NCC(Oc1ccc2c(cnn2-c2nccc3c2CCN(CC2CC2)C3)c1)c1ccc2c(c1)OCCO2)c1ccccc1
O=C(NCC(Oc1ccc2c(cnn2-c2cccc(N3CCC4(CCC4)C3)n2)c1)c1ccc2c(c1)OCCO2)c1ccn[nH]1
O=C(CCNCc1ccc2c(c1)OCCO2)NCC(Oc1ccc2c(cnn2-c2cc3ccccc3cn2)c1)c1ccc2c(c1)OCCO2
O=C(NCC(Oc1ccc2c(cnn2-c2cc3ccccc3cn2)c1)c1ccncc1)C1CCCCC1c1ccccc1
c1cc(-c2ccoc2)nc(-n2ncc3cc(OCc4ccc5c(c4)OCCCO5)ccc32)n1
O=C(Cc1ccccc1)NCC(Oc1ccc2c(cnn2-c2ccncn2)c1)c1nc2ccc(-c3ccccc3)cc2s1
O=C(NCC(Oc1ccc2c(cnn2-c2ccccc2)c1)C1CCCCC1)C(Cc1ccc(Oc2ccccc2)cc1)=NC(=O)c1ccccc1
O=C(NCC(Oc1ccc2c(cnn2-c2ccnc(C3CC3)n2)c1)c1ccc2c(c1)OCCO2)C1CCCCC1
c1ccc(-n2ccc3c(N4CCNCC4)cc(N4CCNCC4)cc32)cc1
O=C(NCC(Oc1ccc2c(cnn2-c2cnn(CC3CC3)c2)c1)c1ccccc1)c1ccccc1
O=C(NCC(Oc1ccc2c(cnn2-c2cccc3nccn23)c1)c1ccncc1)c1cscn1
O=C(NCC(Oc1ccc2c(cnn2-c2ccc3[nH]cnc3c2)c1)c1ccc2c(c1)OCCO2)c1ccc2c(c1)CCC2
O=C(NCC(Oc1ccc2c(cnn2-c2cccc3ccncc23)c1)c1ccncc1)c1cc2cnccc2[nH]1
O=C(NCC(Oc1ccc2c(cnn2-c2ccccc2-c2nccs2)c1)c1ccc2c(c1)OCCCO2)c1ccccn1
c1ccc(CCCCCCc2cc3ccccc3[nH]2)cc1
O=C(NCC(Oc1ccc2c(cnn2-c2ncc3ccccc3n2)c1)c1ccc2c(c1)OCCCO2)c1ccoc1
O=C(NCC(Oc1ccc2c(cnn2-c2cnc3ccncc3n2)c1)c1ccccc1)c1ccn[nH]1
c1cc2c(cc1COc1ccc3c(cnn3-c3cn[nH]c3)c1)OCCO2
O=C(NCC(Oc1ccc2c(cnn2-c2nccc3c2CNC3)c1)c1ccc2c(c1)OCCO2)c1cccs1
O=C(NCC(Oc1ccc2c(cnn2-c2n[nH]c3ccncc23)c1)c1ccccc1)c1nccs1
O=C(NCC(Oc1ccc2c(cnn2-c2nc3c([nH]2)CCNC3)c1)c1ccc2c(c1)CCC2)c1ncc[nH]1
O=C(NCC(Oc1ccc2c(cnn2-c2c[nH]cn2)c1)c1ccccc1)c1cnco1
O=C(NCC(Oc1ccc2c(cnn2-c2cc3c(cn2)CCC2(CC2)C3)c1)c1ccccc1)c1cn[nH]c1
O=C(NCC(Oc1ccc2c(cnn2-c2nn[nH]n2)c1)c1ccccc1)c1cnn2cccnc12
O=C(NCC(Oc1ccc2c(cnn2-c2cccnc2)c1)c1cc2ccccc2s1)C1CCCN1
O=C(NCC(Oc1ccc2c(cnn2-c2ccc3cn[nH]c3c2)c1)c1ccc2ccccc2c1)c1ncno1
O=C(NCC(Oc1ccc2c(cnn2-c2ccnnc2)c1)c1ccccc1)c1ccccn1
O=C(Cc1cn(-c2cccnc2)cn1)NCC(Oc1ccc2c(cnn2-c2ccn[nH]2)c1)c1ccc2c(c1)OCCO2
c1nc2c(c(-n3ncc4cc(OCc5ccc6c(c5)CCC6)ccc43)n1)CCC2
O=C(NC1(C(=O)NCC(Oc2ccc3c(cnn3-c3cnc[nH]3)c2)c2ccccc2)CCC1)c1ccno1
O=C(NCC(Oc1ccc2c(cnn2-c2ccc3nc[nH]c3c2)c1)c1ccc2c(c1)CCC2)c1csnn1
O=C(NCC(Oc1ccc2c(cnn2-c2nc3ccccc3s2)c1)c1ccccc1)c1cscn1
c1ccc(CCNCc2cn(C3CCC3)nc2-n2ncc3cc(OCc4ccc5c(c4)OCCO5)ccc32)cc1
O=C(NCC(Oc1ccc2c(cnn2-c2ncnc3ccsc23)c1)c1ccc2c(c1)OCCO2)C1CC1
O=C(NCC(Oc1ccc2c(cnn2-c2cccc(-c3cn[nH]c3)c2)c1)c1ccccc1)c1cnoc1
O=C(NCC(Oc1ccc2c(cnn2-c2cccc(N3CCOCC3)n2)c1)c1ccc2c(c1)OCCO2)c1nccs1
O=C(NCC(Oc1ccc2c(cnn2-c2cccc(-c3cccnc3)c2)c1)c1ccccc1)c1nnco1
O=C(NCC(Oc1ccc2c(cnn2-c2cccnc2)c1)c1ccccc1)C1Cc2ccccc2CN1
O=C(NCC(Oc1ccc2c(cnn2-c2ccnn2-c2ccccc2)c1)c1ccc2ccccc2n1)c1cnns1
c1ccc(-c2n[nH]cc2-n2ncc3cc(OCc4ccc5c(c4)OCCO5)ccc32)nc1
O=C(NCC(Oc1ccc2c(cnn2-c2cc3ccccc3cn2)c1)c1ccc2c(c1)CCC2)c1csc2ccccc12
O=C1NCCOC12CC(c1ncc(-c3cccc(-c4cncc5nccnc45)c3)cn1)C2
O=C(NCC(Oc1ccc2c(cnn2-c2nccc3[nH]ncc23)c1)c1ccc2c(c1)OCCO2)c1ccccc1
C1=CC(C2=C3CCOCCN4N=C4C=CN3C3CC23)NCC(c2ccc3c(c2)OCCO3)OC2=NN(c3ccccc3)N=CC1=C2
O=C(NCC(Oc1ccc2c(cnn2-c2cnn(-c3ccon3)c2)c1)c1ccc2c(c1)CCO2)c1ccn[nH]1
O=C(NCC(Oc1ccc2c(cnn2-c2cccnn2)c1)c1ccccc1)c1nsc2ccccc12
O=C(NCC(Oc1ccc2c(cnn2-c2cnn(C3CCNCC3)c2)c1)c1ccc2c(c1)CCO2)c1cnoc1
O=C(NCC(Oc1ccc2c(cnn2-c2cccc(C3CC3)n2)c1)c1ccc2c(c1)OCCO2)c1ccnc2ccccc12
O=C(NCC(Oc1ccc2c(cnn2-c2ccon2)c1)c1ccccc1)c1cc2ccccc2o1
O=C(NCC(Oc1ccc2c(cnn2-c2ccncn2)c1)c1ccc2c(c1)OCCO2)c1cccnn1
O=C(NCC(Oc1ccc2c(cnn2-c2ccccc2)c1)c1ccc2c(c1)OCCCO2)c1ccco1
O=C(COc1ccc2[nH]ncc2c1)NCC(Oc1ccc2c(cnn2-c2nccc3ncncc23)c1)c1ccc2c(c1)OCCCO2
O=C(NCC(Oc1ccc2c(cnn2-c2cc3c(cn2)OCCO3)c1)c1ccc2c(c1)CCC2)c1ncc[nH]1
O=C(NCC(Oc1ccc2c(cnn2-c2cnccc2-c2ccccc2)c1)c1ccc2c(c1)OCCO2)C1CCC1
O=C(NCC(Oc1ccc2c(cnn2-c2ncccn2)c1)c1ccc2c(c1)CCC2)c1cccs1
N=c1cc[nH]n2cc(-n3ncc4cc(OC(CNC(=O)c5ccc[nH]5)c5ccc6c(c5)OCCO6)ccc43)cc12
O=C(NCC(Oc1ccc2c(cnn2-c2cc3ccccc3cn2)c1)c1ccc2c(c1)OCCO2)c1cnoc1
O=C(NCC(Oc1ccc2c(cnn2-c2ncccc2-n2cncn2)c1)c1ccc2c(c1)OCCO2)c1cc2ccccc2o1
O=C(NCC(Oc1ccc2c(cnn2-c2ncnc3c2CC2CCCC2O3)c1)c1ccc2c(c1)OCCCO2)c1ncc[nH]1
O=C(NCC(Oc1ccc2c(cnn2-c2cc(C3CC3)ncn2)c1)c1ccc2c(c1)OCCO2)c1ccncc1
O=C(NCC(Oc1ccc2c(cnn2-c2cnc3n[nH]cc3n2)c1)c1ccccc1)c1cccnc1
O=C(NCC(Oc1ccc2c(cnn2-c2cncc(-c3ccncc3)c2)c1)c1ccc2c(c1)OCCO2)C1CCCO1
O=C(NCC(Oc1ccc2c(cnn2-c2cccc(-c3ccc4nnnn4c3)c2)c1)c1ccc2c(c1)OCCO2)c1ccn[nH]1
O=C(NCC(Oc1ccc2c(cnn2-c2ccc3cncnc3n2)c1)c1ccc2c(c1)OCCO2)C1CCCO1
O=C(NCC(Oc1ccc2c(cnn2-c2ccc3[nH]ccc3c2)c1)c1cccnc1)c1ccccn1
O=C(NCC(Oc1ccc2c(cnn2-c2cnn(-c3ccns3)c2)c1)c1ccc2c(c1)OCCO2)c1ccno1
O=C(NCC(Oc1ccc2c(cnn2-c2cnc3occc3c2)c1)c1ccccc1)c1cc2ccccc2s1
O=C(NCC(Oc1ccc2c(cnn2-c2cccc(-n3ncc4ccccc4c3=O)c2)c1)c1ccc2c(c1)OCCO2)C1CCC1
O=C(NCC(Oc1ccc2c(cnn2-c2cc3c[nH]nc3cn2)c1)c1ccc2c(c1)CCC2)c1ccn[nH]1
O=C(NCC(Oc1ccc2c(cnn2-c2ccc3ncoc3c2)c1)c1ccc2c(c1)OCCCO2)c1ccccn1
O=C(NCC(Oc1ccc2c(cnn2-c2nnc(-c3ccco3)s2)c1)c1ccccc1)c1ccn[nH]1
c1ccc(-c2cn3nc(-n4ncc5cc(OCc6ccc7c(c6)OCCO7)ccc54)ccc3n2)cc1
O=C(NCC(Oc1ccc2c(cnn2-c2cccnc2)c1)c1ccccc1)c1ccnc2cnccc12
c1ccc(-c2cn[nH]c2-n2ncc3cc(OCc4ccc5c(c4)OCCO5)ccc32)nc1
O=C(NCC(Oc1ccc2c(cnn2-c2cccc3cnoc23)c1)c1ccc2c(c1)OCCO2)c1cccnc1
O=C(NCC(Oc1ccc2c(cnn2-c2ccon2)c1)c1ccc2c(c1)OCCCO2)c1cn[nH]c1
c1ccc(-n2ncc(CCc3ccc4c(c3)OCCO4)c2-c2cccc3c2CCCC3)cc1
O=C(NCC(Oc1ccc2c(cnn2-c2cccc(N3CCOCC3)n2)c1)c1ccccc1)c1ccccn1
O=C(NCC(Oc1ccc2c(cnn2-c2cnc3[nH]c(-c4ccncc4)cc(=O)c3c2)c1)c1ccccc1)c1ccncc1
O=C(Cc1cccc(-n2cccn2)c1)NCC(Oc1ccc2c(cnn2-c2cccnc2)c1)c1ccc2c(c1)OCCO2
O=C(NCC(Oc1ccc2c(cnn2-c2ccncc2)c1)c1ccccc1)c1nnc(-c2ccco2)o1
O=C(NCC(Oc1ccc2c(cnn2-c2ccon2)c1)c1ccc2c(c1)OCCCO2)C1CCc2ccccc2C1
O=C(NCC(Oc1ccc2c(cnn2-c2cnc3ccccn23)c1)c1ccc2c(c1)OCCO2)c1ccc[nH]1
O=C(CCc1cccnc1)NCC(Oc1ccc2c(cnn2-c2ccc(Oc3ccc4c(c3)OCCO4)nn2)c1)c1ccc2c(c1)OCCO2
O=C(NCC(Oc1ccc2c(cnn2-c2cccc(N3CCNCC3)n2)c1)c1ccc2c(c1)OCCO2)C1CCC1
O=C(NCC(Oc1ccc2c(cnn2-c2ccon2)c1)c1ccc2c(c1)OCCO2)c1cnco1
O=C(NCC(Oc1ccc2c(cnn2-c2cnccn2)c1)c1ccccc1)c1cnco1
O=C(NCC(Oc1ccc2c(cnn2-c2ncccn2)c1)c1cccnc1)c1ccon1
O=C(NCC(Oc1ccc2c(cnn2-c2ccc(=O)[nH]n2)c1)c1ccccc1)c1ccoc1
O=C(Cc1cccs1)NCC(Oc1ccc2c(cnn2-c2nnc(N3CCCCC3)s2)c1)c1ccc2c(c1)OCCO2
O=C(Cc1ccsc1)NCC(Oc1ccc2c(cnn2-c2ccc(-c3cnccn3)cc2)c1)c1ccc2c(c1)OCCO2
O=C(NCC(Oc1ccc2c(cnn2-c2ccccn2)c1)c1ccccn1)c1ncn[nH]1
O=C(Cc1ccsc1)NCC(Oc1ccc2c(cnn2-c2ccnc(N3CCC3)n2)c1)c1ccc2c(c1)OCCO2
O=C(NCC(Oc1ccc2c(cnn2-c2cncc(-n3cccn3)c2)c1)c1ccc2ccccc2c1)c1ccncc1
O=C(NCC(Oc1ccc2c(cnn2-c2cccc(N3CC[SH+]CC3)n2)c1)c1ccccc1)c1nnc[nH]1
O=C(NCC(Oc1ccc2c(cnn2-c2ccc3cncnc3c2)c1)c1ccc2c(c1)OCCO2)c1cnco1
O=C(NCC(Oc1ccc2c(cnn2-c2cnc3ccncc3c2)c1)c1ccc2c(c1)OCCO2)c1cccc2ccccc12
O=C(NCC(Oc1ccc2c(cnn2-c2ccc3ccccc3n2)c1)c1ccc2ccccc2c1)c1cccnc1
c1ccc(-c2c3c(nn2-c2ccc(-c4ccncc4)cc2)CCCC3)cc1
O=C(NCC(Oc1ccc2c(cnn2-c2nn[nH]n2)c1)c1ccc2c(c1)OCCO2)c1noc2c1CCCC2
O=C(NCC(Oc1ccc2c(cnn2-c2ccc3ccnn3n2)c1)c1ccc2c(c1)CCC2)c1ncco1
O=C(NCC(Oc1ccc2c(cnn2-c2cccnn2)c1)c1cccnc1)c1cn[nH]c1
O=C(NCC(Oc1ccc2c(cnn2-c2cnc3[nH]ncc3c2)c1)c1ccccc1)c1cocn1
O=C(NCC(Oc1ccc2c(cnn2-c2ccc(N3CCCC3=O)nc2)c1)c1ccc2c(c1)OCCCO2)C1CCC1
O=C(NCC(Oc1ccc2c(cnn2-c2nc3ccccc3o2)c1)c1ccc2c(c1)OCCO2)c1c[nH]c2ccccc12
O=C(NCC(Oc1ccc2c(cnn2-c2cc(N3CCNCC3)ncn2)c1)c1ccc2c(c1)OCCCO2)c1cscn1
O=C(NCC(Oc1ccc2c(cnn2-c2cccc3[nH]ncc23)c1)c1ccccc1)c1ccon1
O=C(NCC(Oc1ccc2c(cnn2-c2ccncn2)c1)c1ccc2c(c1)OCCO2)c1cccs1
O=C(NCC(Oc1ccc2c(cnn2-c2cc3ccccc3cn2)c1)c1ccc2c(c1)CCC2)c1ncco1
O=C(NCC(Oc1ccc2c(cnn2-c2cccc(-n3ccc4cnccc43)c2)c1)c1ccccc1)c1ccncc1
O=C(Cc1ccsc1)NCC(Oc1ccc2c(cnn2-c2ccccn2)c1)c1ccc2c(c1)OCCO2
O=C(NCC(Oc1ccc2c(cnn2-c2ccnn2-c2cccnc2)c1)c1ccc2c(c1)OCCO2)C1CCC1
O=C(Cc1cccc2ccccc12)NCC(Oc1ccc2c(cnn2-c2cncc3c2CCCC3)c1)c1ccncc1
O=C1c2ccc(COc3ccc4c(cnn4-c4ccno4)c3)cc2CCN1c1ccccc1
O=C1c2ccc(COc3ccc4c(cnn4-c4nn[nH]n4)c3)cc2OCCN1Cc1ccccn1
O=C(NCC(Oc1ccc2c(cnn2-c2cccc(-c3ccncn3)c2)c1)c1ccccc1)c1ccncn1
O=C(Cc1ccccc1)NCC(Oc1ccc2c(cnn2-c2ccccc2)c1)c1ccc2c(c1)OCCCO2
O=C(NCC(Oc1ccc2c(cnn2-c2cccc(-c3ccccc3)c2)c1)c1ccccc1)c1csnn1
O=C(NCC(Oc1ccc2c(cnn2-c2ccncn2)c1)c1ccc2c(c1)OCCC2)c1ccco1
O=C(NCC(Oc1ccc2c(cnn2-c2nncs2)c1)c1ccc2c(c1)OCCO2)c1cnc(-c2ccccc2)s1
O=C(NCC(Oc1ccc2c(cnn2-c2ccnc(-c3nn[nH]n3)c2)c1)c1ccc2c(c1)OCCO2)c1ccno1
O=C(NCC(Oc1ccc2c(cnn2-c2nncc3cnccc23)c1)c1ccccc1)c1cn[nH]c1
O=C(NCCOc1ccc2c(cnn2-c2cc[nH]c(=Nc3ccccc3)n2)c1)c1cn[nH]c1
O=C(NCC(Oc1ccc2c(cnn2-c2cccc(N3CCc4sncc4C3)n2)c1)c1ccc2c(c1)OCCO2)C1CC1
O=C(NCC(Oc1ccc2c(cnn2-c2cnc3n[nH]cc3c2)c1)c1ccccc1)c1cccs1
c1cnc2c(c1)CCc1cnc(-n3ncc4cc(OCc5ccc6c(c5)CCC6)ccc43)cc1-2
O=C(NCC(Oc1ccc2c(cnn2-c2ccc(-c3ccccn3)nc2)c1)c1ccc2c(c1)OCCO2)c1cnoc1
O=C(NCC(Oc1ccc2c(cnn2-c2ncnc3cnccc23)c1)c1cccnc1)Nc1ccccc1
O=C(Cc1ccc2c(c1)CCO2)NCC(Oc1ccc2c(cnn2-c2cnc3nccnc3c2)c1)c1ccc2c(c1)OCCO2
O=C(NCC(Oc1ccc2c(cnn2-c2cc(-c3ccn[nH]3)ncn2)c1)c1ccccc1)c1nnco1
O=C(NCC(Oc1ccc2c(cnn2-c2cnc3cnccc3c2)c1)c1ccc2c(c1)OCCO2)c1cnc2ccccn12
O=C(Cn1cccn1)NCC(Oc1ccc2c(cnn2-c2cccnn2)c1)c1ccc2c(c1)OCCO2
c1ccc(-n2ncc3cc(OC(CC4CCCC4)c4ccc5c(c4)OCCN5)ccc32)nc1
O=C(NCC(Oc1ccc2c(cnn2-c2cccc(-c3ccc4ccccc4n3)c2)c1)c1ccc2c(c1)OCCO2)c1ccn[nH]1
O=C(NCC(Oc1ccc2c(cnn2-c2cnon2)c1)c1ccc2c(c1)CCC2)c1ccco1
O=C(NCC(Oc1ccc2c(cnn2-c2nn[nH]n2)c1)c1ccncc1)c1ccno1
O=C(NCC(Oc1ccc2c(cnn2-c2ccccn2)c1)c1cncnc1)c1cnco1
O=C(NCC(Oc1ccc2c(cnn2-c2ccnc(N3CCCCC3)n2)c1)c1ccccc1)C1CCC=N1
O=C(NCC(Oc1ccc2c(cnn2-c2ncccc2-c2ccncn2)c1)c1ccc2c(c1)OCCO2)c1ccccc1
c1cnnc(-n2ncc3cc(OCc4ccc5c(c4)OCCN5C4CCC4)ccc32)c1
O=C(NCC(Oc1ccc2c(cnn2-c2nccc(-c3ccon3)n2)c1)c1ccc2c(c1)OCCO2)c1ccccc1
O=C(NCC(Oc1ccc2c(cnn2-c2cnc3ccccc3c2)c1)c1ccc2c(c1)OCCO2)c1ccc(-c2cn[nH]c2)s1
O=C(NCC(Oc1ccc2c(cnn2-c2nnco2)c1)c1ccc2c(c1)CCN(Cc1ccccc1)C2)C1CCC1
O=C(NCC(Oc1ccc2c(cnn2-c2ccc3cn[nH]c3c2)c1)c1cccnc1)C1CCC1
c1cc(-n2ncc3cc(OCc4ccc5c(c4)OCCCO5)ccc32)c2cc[nH]c2c1
O=C(NCC(Oc1ccc2c(cnn2-c2cccc(N3CCC3)n2)c1)c1ccc2c(c1)OCCO2)c1cccnn1
O=C(NCC(Oc1ccc2c(cnn2-c2nccc3nccnc23)c1)c1ccc2c(c1)OCCO2)c1cnccn1
O=C(Cc1ccccc1)NCC(Oc1ccc2c(cnn2-c2ccc(-c3ccco3)cc2)c1)c1ccc2c(c1)OCCO2
O=C(NCC(Oc1ccc2c(cnn2-c2cccc3c2[nH]c2ccncc23)c1)c1ccc2c(c1)OCCO2)c1cc[nH]n1
O=C(NCC(Oc1ccc2c(cnn2-c2ncccn2)c1)c1ccc2c(c1)OCCC2)c1ncn2c1C=NCC2
O=C(NCC(Oc1ccc2c(cnn2-c2cc(-c3ccccc3)ccn2)c1)c1ccccc1)c1cncs1
O=C(NCC(Oc1ccc2c(cnn2-c2ccccn2)c1)c1ccc2c(c1)CCCC2)c1cnccn1
O=C(NCC(Oc1ccc2c(cnn2-c2cnc3[nH]ccc3n2)c1)c1ccc2c(c1)CCC2)c1ccc2c(c1)OCCO2
O=C(NCC(Oc1ccc2c(cnn2-c2ncon2)c1)c1ccc2c(c1)OCCO2)c1cccnc1
O=C(NCc1ccc(-c2cn[nH]c2)cc1)c1cccc2cnccc12
O=C(COc1ccccc1)NCC(Oc1ccc2c(cnn2-c2nnco2)c1)c1cccs1
O=C(NCC(Oc1ccc2c(cnn2-c2ccccn2)c1)c1ccc2c(c1)OCCO2)C1CCCCC1
O=C(NC1(C(=O)NCC(Oc2ccc3c(cnn3-c3nccc4cccnc34)c2)c2ccccc2)CCC1)c1cn[nH]c1
O=C(NCC(Oc1ccc2c(cnn2-c2cnc3cnncc3c2)c1)c1ccc2c(c1)OCCO2)c1cccc2cnccc12
O=C(NCC(Oc1ccc2c(cnn2-c2ccccn2)c1)c1ccc2c(c1)OCC2)c1ccc2c(c1)OCCO2
O=C(NCC(Oc1ccc2c(cnn2-c2nn[nH]n2)c1)c1ccc2c(c1)OCCO2)C1CCCCC1
O=C(NCC(Oc1ccc2c(cnn2-c2cnc3ccccc3n2)c1)c1ccccc1)c1cn2ccccc2n1
O=C(NCC(Oc1ccc2c(cnn2-c2cccc(-c3cccc4c3NCC4)c2)c1)c1ccc2c(c1)CCO2)c1cnc2ccccn12
O=C(Cc1ccccc1)NCC(Oc1ccc2c(cnn2-c2ccccc2)c1)c1ccc2c(c1)CCO2
O=C(NCC(Oc1ccc2c(cnn2-c2ccc3cn[nH]c3n2)c1)c1ccc2c(c1)OCCO2)c1cncs1
O=C(NCC(Oc1ccc2c(cnn2-c2cc3ccccc3nn2)c1)c1ccc2c(c1)OCCO2)c1cocn1
O=C(NCC(Oc1ccc2c(cnn2-c2cnc3[nH]ccc3n2)c1)c1ccccc1)c1cccs1
O=C(NCC(Oc1ccc2c(cnn2-c2ccc3nncn3n2)c1)c1ccccc1)c1ccc(=O)[nH]c1
O=C(NCC(Oc1ccc2c(cnn2-c2ccccc2-c2ccncn2)c1)c1ccc2c(c1)OCCO2)C1CCCNC1
O=C(NCC(Oc1ccc2c(cnn2-c2ccnc(N3CCC3)n2)c1)c1ccccc1)c1nnco1
c1cc2c(cc1COc1ccc3c(cnn3-c3ncc4ncn(C5CCNCC5)c4n3)c1)OCCO2
O=C(NCC(Oc1ccc2c(cnn2-c2cc3c(cn2)Cc2ccccc2-3)c1)c1ccc2c(c1)OCCO2)c1ccsc1
O=C(NCC(Oc1ccc2c(cnn2-c2ccnc(-c3ccccc3)c2)c1)c1ccc2c(c1)OCCO2)c1cc[nH]n1
O=C(NCC(Oc1ccc2c(cnn2-c2ccc3ncnn3c2)c1)c1ccc2c(c1)OCCO2)c1ccccc1
O=C(NCC(Oc1ccc2c(cnn2-c2ccccc2-c2ncccn2)c1)c1ccc2c(c1)CCC2)C1CCCN1
O=C(NCC(Oc1ccc2c(cnn2-c2cccc3cccnc23)c1)c1ccccc1)c1ccns1
O=C(NCC(Oc1ccc2c(cnn2-c2ncccc2-c2cncnc2)c1)c1ccccc1)c1ccn[nH]1
O=C(NCC(Oc1ccc2c(cnn2-c2ncc3c(n2)CCNC3)c1)c1ccc2c(c1)OCCO2)c1cccs1
O=C(NCC(Oc1ccc2c(cnn2-c2cc3ccccc3cn2)c1)c1ccccc1)c1ncccn1
O=C(COc1ccccc1)Nc1ccc(-n2cncn2)cc1
O=C(NCC(Oc1ccc2c(cnn2-c2nccc3c2cnn3-c2ccccc2)c1)c1ccc2c(c1)CCC2)C1CCCOC1
O=C(NCC(Oc1ccc2c(cnn2-c2cccc3c2cnn3-c2ccccc2)c1)c1ccccc1)c1cc[nH]n1
O=C(NCC(Oc1ccc2c(cnn2-c2cnc3c(cnn3-c3cnccn3)c2)c1)c1ccccc1)c1cnoc1
N=c1cnc2[nH]cc(-n3ncc4cc(OC(CNC(=O)c5cnc[nH]5)c5ccc6c(c5)OCCC6)ccc43)c2[nH]1
N=c1[nH]cnc2sc(CCc3ccccc3)cc12
C1=Nn2c(nnc2-n2ncc3cc(OCc4ccc5c(c4)OCCO5)ccc32)CC1
O=C(NCC(Oc1ccc2c(cnn2-c2ccc3c(c2)CCCC3)c1)c1ccc2c(c1)OCCO2)c1cn[nH]c1
N=c1nc(-n2ccc3cnc(-c4cc[nH]c4)cc32)cc(N2CCCC2)[nH]1
O=C(NCCCn1cc(-c2ccn3c(CN4CCNCC4)cnc3c2)cn1)c1ccco1
O=C(NCC(Oc1ccc2c(cnn2-c2cn(CC3CC3)nn2)c1)c1ccc2c(c1)OCCO2)c1ccnnc1
O=C(NCC(Oc1ccc2c(cnn2-c2ccccc2)c1)c1ccccc1)c1ccn[nH]1
O=C(NCC(Oc1ccc2c(cnn2-c2nc3c(s2)CCCN3)c1)c1ccccc1)c1cccnc1
O=C(NCC(Oc1ccc2c(cnn2-c2cnc(-c3cccc4ccccc34)nn2)c1)c1ccc2c(c1)OCCO2)C1CC1
O=C(NCC(Oc1ccc2c(cnn2-c2cccc3sccc23)c1)c1ccc2c(c1)OCCO2)c1cnoc1
O=C(NCC(Oc1ccc2c(cnn2-c2cnccc2-c2ccccn2)c1)c1ccccc1)c1cccc2ccoc12
O=C(NCC(Oc1ccc2c(cnn2-c2ncnc3[nH]cnc23)c1)c1ccc2c(c1)OCCO2)c1ccccn1
O=C(NCC(Oc1ccc2c(cnn2-c2n[nH]c3ccccc23)c1)c1ccccc1)c1cnoc1
O=C(NCC(Oc1ccc2c(cnn2-c2ccon2)c1)c1ccccc1)C1CCCOC1
O=C(NCC(Oc1ccc2c(cnn2-c2cccc(N3CCCCC3)n2)c1)c1ccc2c(c1)OCCO2)c1ccn[nH]1
O=C(NCC(Oc1ccc2c(cnn2-c2ccc3[nH]ncc3c2)c1)c1ccc2c(c1)OCCO2)c1n[nH]c2cccnc12
O=C(NCC(Oc1ccc2c(cnn2-c2ccccc2)c1)c1ccc2c(c1)OCCCO2)C1CCCN(Cc2ccccc2)C1
c1cc(-n2ncc3cc(OCc4ccc5c(c4)OCCN5)ccc32)n[nH]1
O=C(NCC(Oc1ccc2c(cnn2-c2ocnc2-c2ccccn2)c1)c1ccccc1)c1cocn1
O=C(NCC(Oc1ccc2c(cnn2-c2cn(C3CC3)nn2)c1)c1ccc2c(c1)OCCO2)C1CC1
O=C(NCC(Oc1ccc2c(cnn2-c2cn(-c3ccncc3)nn2)c1)c1ccccc1)c1ccccc1
O=C(NCC(Oc1ccc2c(cnn2-c2n[nH]c3ccccc23)c1)c1ccc2c(c1)OCCO2)c1cnc[nH]1
c1cc(-n2ncc3cc(OCc4ccc(OC5CCCCC5)nc4)ccc32)nc(N2CCCC2)n1
c1cncc(-c2ccnc(-n3ncc4cc(OCc5ccc6c(c5)OCCO6)ccc43)c2)c1
O=C(NCC(Oc1ccc2c(cnn2-c2ncc3nc(=O)[nH]cc3n2)c1)c1ccc2c(c1)OCCO2)c1cscn1
O=C(NCC(Oc1ccc2c(cnn2-c2cccc(N3CCNCC3)n2)c1)c1ccc2c(c1)OCCO2)c1cnoc1
O=C(NCC(Oc1ccc2c(cnn2-c2cnc3ccccn23)c1)c1ccccc1)C1CCN2CCC2=Nc2cnccc2C=N1
O=C(Cc1ccccc1)NCC(Oc1ccc2c(cnn2-c2ccccn2)c1)c1ccc2c(c1)OCCO2
c1cncc(C(Oc2ccc3c(cnn3-c3cnc[nH]3)c2)c2cnn(C3COC3)c2)c1
O=S(=O)(NCC(Oc1ccc2c(cnn2-c2ccc(-n3cccn3)cc2)c1)c1ccccc1)C1CCCCC1
c1cc2c(cc1COc1ccc3c(cnn3-c3cn(CC4CCCCO4)nn3)c1)OCCO2
O=C(NCC(Oc1ccc2c(cnn2-c2ccccn2)c1)c1ccc2c(c1)CCC2)c1cnc2ccccn2c1=O
c1cnn(-c2ccc(-n3ncc4cc(OCc5ccc6c(c5)OCCO6)ccc43)cc2)c1
O=C(NCC(Oc1ccc2c(cnn2-c2ccc3ncccc3c2)c1)c1ccc2c(c1)OCCO2)c1cccc2cccnc12
O=C(NCC(Oc1ccc2c(cnn2-c2cc(-c3nccc4cc[nH]c34)ccn2)c1)c1cccnc1)c1cnccn1
O=C(NCC(Oc1ccc2c(cnn2-c2nccn2-c2ccncc2)c1)c1ccccc1)c1ccco1
O=C(NCC(Oc1ccc2c(cnn2-c2c[nH]nn2)c1)c1ccc2c(c1)OCCO2)C1(c2ccc3c(c2)OCCO3)CC1
O=C(NCC(Oc1ccc2c(cnn2-c2ccccn2)c1)c1ccc2c(c1)OCC2)c1n[nH]c2c1CC(C(=O)N1CCOCC1)CC2
O=C(NCC(Oc1ccc2c(cnn2-c2ccc(-c3ncon3)cc2)c1)c1ccc2ccccc2c1)c1cccnn1
O=C(NCC(Oc1ccc2c(cnn2-c2ccc3[nH]cnc3c2)c1)c1ccc2c(c1)OCCO2)c1cccnc1
O=C(NCC(Oc1ccc2c(cnn2-c2ncccn2)c1)c1ccc2c(c1)OCCO2)c1ccsc1
c1ccc(-n2ncc3c(-n4ncc5cc(OCc6ccc7c(c6)OCCO7)ccc54)cccc32)cc1
O=C(NCC(Oc1ccc2c(cnn2-c2cnc3[nH]ncc3c2)c1)c1ccc2c(c1)CCC2)c1csnn1
O=C(NCC(Oc1ccc2c(cnn2-c2cccnn2)c1)c1ccccc1)c1ccncn1
c1cnc2ccc(COc3ccc4c(cnn4-c4cnn(C5CCC5)c4)c3)cc2c1
O=C(NC1(C(=O)NCC(Oc2ccc3c(cnn3-c3ccc4c(c3)OCCO4)c2)c2ccccc2)CCCC1)c1cnco1
O=C(NCC(Oc1ccc2c(cnn2-c2ccc3[nH]ccc3c2)c1)c1ccccc1)c1ccc(N2CCCC2)nn1
O=C(NCC(Oc1ccc2c(cnn2-c2cnc3[nH]ncc3c2)c1)c1ccccc1)c1nc[nH]n1
O=C(NCC(Oc1ccc2c(cnn2-c2nccs2)c1)c1ccc2c(c1)OCCO2)c1cnccn1
O=C(NCC(Oc1ccc2c(cnn2-c2ccccc2)c1)c1ccc2c(c1)CCC2)c1cncnc1
O=C(NCC(Oc1ccc2c(cnn2-c2cccc(-c3ncc[nH]3)c2)c1)c1ccc2c(c1)OCCO2)C1(c2ccccc2)CC1
O=C(NCC(Oc1ccc2c(cnn2-c2cc3ccccc3cn2)c1)c1ccc2c(c1)OCO2)c1cccnc1
O=C(NCC(Oc1ccc2c(cnn2-c2csc3cnccc23)c1)c1cccc2ccccc12)c1nsc2ccccc12
O=C(NCC(Oc1ccc2c(cnn2-c2ccc3[nH]cnc3c2)c1)c1ccc2c(c1)OCCO2)C1CCCC1
O=C(NCC(Oc1ccc2c(cnn2-c2ccc3nccn3c2)c1)c1ccc2c(c1)CCO2)C1CCCOC1
O=C(NC1(C(=O)NCC(Oc2ccc3c(cnn3-c3ccc4scnc4c3)c2)c2ccccc2)COC1)c1cnoc1
O=C(NCC(Oc1ccc2c(cnn2-c2cncnc2)c1)c1ccc2c(c1)OCCO2)c1conc1-c1ccccc1
O=C(NCC(Oc1ccc2c(cnn2-c2ccncc2-c2ccccn2)c1)c1ccc2c(c1)OCCO2)C1CCC1
O=C(NCC(Oc1ccc2c(cnn2-c2cccc(-c3cccnc3)c2)c1)c1ccccc1)c1cn[nH]c1
O=C(NCC(Oc1ccc2c(cnn2-c2ccccc2-c2ncn[nH]2)c1)c1ccccc1)c1cccnc1
O=C(NCC(Oc1ccc2c(cnn2-c2cc[nH]n2)c1)c1ccc2c(c1)OCCO2)c1cncs1
O=C(NCC(Oc1ccc2c(cnn2-c2ccccc2)c1)c1nc2ccccc2o1)c1cccc2ccccc12
O=C(NCC(Oc1ccc2c(cnn2-c2cncnc2)c1)c1ccc2c(c1)OCCO2)c1cncs1
O=C(NCC(Oc1ccc2c(cnn2-c2ccccc2)c1)c1ccc2c(c1)OCCO2)c1cccnc1
c1cc(-n2ncc3cc(OCc4ccc5c(c4)OCCO5)ccc32)c2ncncc2c1
O=C(NCC(Oc1ccc2c(cnn2-c2ccc3c(c2)OCCO3)c1)c1ccc2c(c1)CNCC2)c1cnc2ccccn12
O=C(NCC(Oc1ccc2c(cnn2-c2nncc3cc[nH]c23)c1)c1ccccc1)c1nnco1
O=C(NCC(Oc1ccc2c(cnn2-c2cccnc2)c1)c1ccc2c(c1)OCCO2)c1cocn1
O=C(NCC(Oc1ccc2c(cnn2-c2cnon2)c1)c1ccc2c(c1)CCO2)C1(c2ccccc2)CCC1
O=C(NCC(Oc1ccc2c(cnn2-c2ccn[nH]2)c1)c1ccccc1)C1CCCCC1
O=C(NCC(Oc1ccc2c(cnn2-c2ccncn2)c1)c1ccc2c(c1)OCCO2)c1cccnc1
O=C(NCC(Oc1ccc2c(cnn2-c2cccnn2)c1)c1ccc2c(c1)CCO2)c1cccc2cn[nH]c12
O=C1CCC(C(=O)NCC(Oc2ccc3c(cnn3-c3cccc(-c4ccccn4)c3)c2)c2ccnc3ccccc23)CN1
O=C(NCC(Oc1ccc2c(cnn2-c2ccn3ccnc3c2)c1)c1ccc2c(c1)OCCO2)c1cn[nH]c1
O=C(NCC(Oc1ccc2c(cnn2-c2ccn[nH]2)c1)c1ccccc1)c1ccnnc1
O=C(NCC(Oc1ccc2c(cnn2-c2ccn[nH]2)c1)c1ccc2c(c1)OCCO2)c1ccccc1
c1ccc(-n2ncc3ccccc32)cc1
O=C(NCC(Oc1ccc2c(cnn2-c2nccc3c2CCC32CC2)c1)c1ccc2c(c1)OCCO2)c1csc2ccccc12
O=C(NCC(Oc1ccc2c(cnn2-c2nc(N3CCOCC3)ncc2-c2cnoc2)c1)c1ccccc1)c1cncs1
O=c1c2ccc(NCCc3ccc4c(c3)OCCO4)cc2ncn1-c1ccccc1
O=C(NCC(Oc1ccc2c(cnn2-c2ncnc3ccccc23)c1)c1ccc2c(c1)OCCO2)c1cnc2ccccc2c1
O=C(NCC(Oc1ccc2c(cnn2-c2n[nH]c3cncnc23)c1)c1ccccc1)c1nccs1
O=C(NCC(Oc1ccc2c(cnn2-c2cccc(N3CCNCC3)n2)c1)c1ccccc1)c1cnoc1
O=C(NCC(Oc1ccc2c(cnn2-c2ccncn2)c1)c1ccccc1)c1cc2ccccc2[nH]1
O=C(Nc1ccc2nn(-c3ccc(-n4cccn4)cc3)nc2c1)c1ccccn1
O=C(NCC(Oc1ccc2c(cnn2-c2ccccc2)c1)c1ccc2c(c1)OCCCO2)C1CCCOC1
c1ccc(-c2cc(CCNc3cccc4c3cnn4-c3ccncn3)co2)cc1
O=C(NCC(Oc1ccc2c(cnn2-c2nnc(N3CCNCC3)o2)c1)c1ccccc1)c1ccco1
c1ccc(COc2ccc3c(cnn3-c3cccc(-c4cnco4)c3)c2)cc1
O=C(NCC(Oc1ccc2c(cnn2-c2ccnc(C3CCCO3)n2)c1)c1ccccc1)c1cnc[nH]1
O=C(NCC(Oc1ccc2c(cnn2-c2ccccn2)c1)c1ccc2c(c1)OCCO2)C1CCCN1C(=O)C1(c2ccccc2)CC1
O=C(NCC(Oc1ccc2c(cnn2-c2cccc(-c3nnn[nH]3)c2)c1)c1ccc2c(c1)OCCO2)c1cnccn1
O=C(NCC(Oc1ccc2c(cnn2-c2cc(C3CC3c3ccccc3)ccn2)c1)c1ccc2c(c1)OCCCO2)c1cnc[nH]1
O=C(NCC(Oc1ccc2c(cnn2-c2cnc3nccn3c2)c1)c1cccnc1)c1ccco1
O=C(NCC(Oc1ccc2c(cnn2-c2cnc3[nH]ncc3c2)c1)c1ccc2c(c1)OCCCO2)c1ccco1
O=C(NCC(Oc1ccc2c(cnn2-c2cccc(C3CC3)n2)c1)c1ccccc1)c1cccnn1
O=C(NCC(Oc1ccc2c(cnn2-c2cc(-c3nccs3)cc(N3CCOCC3)n2)c1)c1ccc2c(c1)OCCCO2)C1CCCNC1
c1nc2cc(-n3ncc4cc(OCc5ccc6c(c5)OCCO6)ccc43)ccc2o1
O=C(NCC(Oc1ccc2c(cnn2-c2cc[nH]n2)c1)c1ccncc1)c1cscn1
O=C(NCC(Oc1ccc2c(cnn2-c2ccn3ccnc3c2)c1)c1ccc2c(c1)OCCN2)C1CCCOC1
O=C(NCC(Oc1ccc2c(cnn2-c2cncnc2)c1)c1ccc2c(c1)OCCO2)c1ncn2cccnc12
O=C(NCC(Oc1ccc2c(cnn2-c2cc3c(cn2)CCC3)c1)c1ccc2c(c1)OCCO2)c1cccnc1
c1ccc(-n2ncc3cc(OCc4ccc5c(c4)OCCO5)ccc32)c(-c2nn[nH]n2)c1
O=C(Cc1ccccc1)NCC(Oc1ccc2c(cnn2-c2cncc3[nH]ncc23)c1)c1ccccc1
O=C(NCC(Oc1cnc2c(cnn2-c2cccc(-c3ccn[nH]3)c2)c1)c1ccc2c(c1)OCCO2)C1CC1
O=C(NCC(Oc1ccc2c(cnn2-c2ccn[nH]2)c1)c1ccncc1)c1ccn[nH]1
O=C(NCC(Oc1ccc2c(cnn2-c2nc(=NC3CC3)n3[nH]ccc3n2)c1)c1ccc2c(c1)OCCO2)c1ccnnc1
O=C(Cc1cccs1)NCC(Oc1ccc2c(cnn2-c2ccc3c(c2)CCN3C2CCNCC2)c1)c1ccc2c(c1)CCO2
O=C(NCC(Oc1ccc2c(cnn2-c2ccncc2)c1)c1ccc2c(c1)OCCO2)C1CCCN1c1ncccn1
c1ccc2c(c1)Cc1cc(-c3ccnn3-c3cccc4cnccc34)ccc1-2
O=C(NCC(Oc1ccc2c(cnn2-c2ncc3ccccc3n2)c1)c1ccc2c(c1)OCCO2)c1ccco1
O=C(NCC(Oc1ccc2c(cnn2-c2ccc3nnnn3c2)c1)c1ccccc1)c1cocn1
O=C(NCC(Oc1ccc2c(cnn2-c2nccc3c2cnn3-c2ccncn2)c1)c1ccccc1)c1cnns1
O=C(Nc1ccccc1)c1cnn(-c2ccccc2)c1CS(=O)(=O)c1ccccc1
O=C(NCC(Oc1ccc2c(cnn2-c2cncs2)c1)c1ccccc1)c1csnn1
O=C(NCC(Oc1ccc2c(cnn2-c2ccc3nccnc3c2)c1)c1ccc2c(c1)OCCO2)c1ccco1
O=C(NCC(Oc1ccc2c(cnn2-c2ncnc3c2ccn3Cc2ccncc2)c1)c1ccc2c(c1)OCCO2)c1ccn[nH]1
O=C(NCC(Oc1ccc2c(cnn2-c2cnc3[nH]c(=O)[nH]c3n2)c1)c1ccc2c(c1)OCCO2)c1ccon1
O=C(NCC(Oc1ccc2c(cnn2-c2cc3cnccc3[nH]2)c1)c1ccc2c(c1)OCCO2)c1cnon1
O=C(NCC(Oc1ccc2c(cnn2-c2cc3ccoc3cn2)c1)c1ccc2c(c1)CCC2)c1ccccc1
O=C(NCC(Oc1ccc2c(cnn2-c2ncnn2-c2ccccc2)c1)c1ccc2c(c1)OCCO2)c1cnccn1
O=C(NCC(Oc1ccc2c(cnn2-c2cc3c(cn2)NCC3)c1)c1cccnc1)c1cnco1
c1ccc(-n2ncc3cc(OCc4ccc5c(c4)OCCCO5)ccc32)c(-c2cncnc2)c1
O=C(NCC(Oc1ccc2c(cnn2-c2ccnn2-c2ccccc2)c1)c1ccccc1)C1CCCC1
O=C(NCC(Oc1cnc2c(cnn2-c2ccccc2)c1)c1ccc2c(c1)OCCO2)c1ccccn1
O=C(NCC(Oc1ccc2c(cnn2-c2cn[nH]c2)c1)c1ccc2c(c1)CCC2)c1cc[nH]n1
O=C(NCC(Oc1ccc2c(cnn2-c2cccnn2)c1)c1ccccc1)c1cn[nH]c1
O=C(NCC(Oc1ccc2c(cnn2-c2ccc3ncccc3c2)c1)c1ccc2c(c1)OCCO2)c1ccon1
c1nc2ccc(-n3ncc4cc(OCc5ccc6c(c5)OCC6)ccc43)nc2[nH]1
O=C(NCC(Oc1ccc2c(cnn2-c2cn[nH]c2)c1)c1ccc2c(c1)OCCCO2)C1COc2ccccc2C1
O=C(COc1ccccc1)NCC(Oc1ccc2c(cnn2-c2ccccc2)c1)c1ccc2c(c1)COC2
c1cc(-c2cn[nH]c2)cc(-n2ncc3cc(OCc4ccc5c(c4)OCCO5)ccc32)c1
O=C(NCC(Oc1ccc2c(cnn2-c2cccc(N3CCNCC3)n2)c1)c1ccc2c(c1)OCCO2)c1csnn1
O=C(NCC(Oc1ccc2c(cnn2-c2ccnc(N3CCOCC3)n2)c1)c1cccnc1)C1CC1
O=c1c2ccccc1n(-c1ccc(COc3ccc4c(cnn4-c4cccnn4)c3)cc1)nc2
O=C(NCC(Oc1ccc2c(cnn2-c2cnn(-c3ccccc3)c2)c1)c1ccc2c(c1)OCCO2)c1ccccc1
O=C(NCC(Oc1ccc2c(cnn2-c2cccc3cccnc23)c1)c1ccc2c(c1)CCC2)c1ncc[nH]1
O=C(NCC(Oc1ccc2c(cnn2-c2cnc3ccncc3c2)c1)c1ccc2c(c1)OCC2)c1cocn1
O=C(Cc1nccs1)NCCc1ccccc1
O=C(NCC(Oc1ccc2c(cnn2-c2cn(CC3CCCO3)nn2)c1)c1ccccc1)c1ccn[nH]1
O=C(NCC(Oc1ccc2c(cnn2-c2cccnc2)c1)c1ccc2c(c1)OCCC2)c1ccn[nH]1
O=C(NCC(Oc1ccc2c(cnn2-c2ccccc2-c2ncco2)c1)c1ccccc1)c1cncnc1
c1cc2c(cc1COc1ccc3c(cnn3-c3ccc4c(c3)CCN(Cc3cn[nH]c3)C4)c1)OCCO2
O=C(NCC(Oc1ccc2c(cnn2-c2ccnc(N3CCOCC3)n2)c1)c1ccccc1)c1nnco1
O=C(NCC(Oc1ccc2c(cnn2-c2cnc3[nH]ncc3n2)c1)c1ccccc1)c1conn1
O=C(Cc1ccccc1)NCC(Oc1ccc2c(cnn2-c2cncc3ccccc23)c1)c1ccc2c(c1)OCCO2
O=C(NCC(Oc1ccc2c(cnn2-c2nnc3ncccn23)c1)c1ccccc1)c1cc[nH]n1
c1ccc2cc(-n3ncc4cc(OCc5ccc6c(c5)COC6)ccc43)ccc2c1
O=C(NCC(Oc1ccc2c(cnn2-c2cn[nH]c2)c1)c1ccc2c(c1)OCCO2)c1cnoc1
O=C(Cc1ccccc1)NCC(Oc1ccc2c(cnn2-c2cc3[nH]ncc3cn2)c1)c1ccc2c(c1)OCCO2
c1cncc(N2CCC(CCOc3ccc(-c4nnc(-c5ccncc5)o4)cc3)CC2)c1
c1cc(OCc2ccco2)cc(-n2ncc3cc(OCc4ccc5c(c4)COC5)ccc32)c1
O=C(NCC(Oc1ccc2c(cnn2-c2ccn[nH]2)c1)c1cccnc1)c1ccccc1
O=C(COc1ncnc2sccc12)Nc1cccs1
c1ccc(-n2ncc3cc(OCc4ccc5c(c4)OCCN5Cc4ccccn4)ccc32)cc1
O=C(NCC(Oc1ccc2c(cnn2-c2cc3c(-c4ccc5ncccc5c4)[nH]nc3cn2)c1)c1ccc2c(c1)OCCCO2)C1CC1
O=C(NCC(Oc1ccc2c(cnn2-c2ccnc(N3CCOCC3)n2)c1)c1ccc2c(c1)OCCO2)c1csc2c1CCCC2
O=C(NCC(Oc1ccc2c(cnn2-c2cnc3[nH]ccc3c2)c1)c1ccc2c(c1)OCCO2)c1cccs1
O=C(NCC(Oc1ccc2c(cnn2-c2cc3c(cn2)CNCC3)c1)c1ccc2c(c1)OCCO2)c1ccon1
O=C(NCC(Oc1ccc2c(cnn2-c2cccc3ncccc23)c1)c1ccccc1)C1(c2ccncc2)CCC1
O=C(NCC(Oc1ccc2c(cnn2-c2cccnn2)c1)c1ccc2ccccc2n1)c1ccn[nH]1
O=C(NCC(Oc1ccc2c(cnn2-c2ccncc2)c1)c1ccc2c(c1)CCO2)c1cnoc1
O=c1occ2c(c1=Cc1cc3ccccc3o1)=CCCO2
O=C(NCC(Oc1ccc2c(cnn2-c2cncc(-c3ccc4cn[nH]c4c3)c2)c1)c1ccc2c(c1)OCCO2)c1ccncc1
O=C(NCC(Oc1ccc2c(cnn2-c2ccccc2-c2nn[nH]n2)c1)c1ccc2c(c1)OCCO2)c1ccn[nH]1
O=C(NCC(Oc1ccc2c(cnn2-c2cncc3ccccc23)c1)c1ccc2c(c1)OCCCO2)c1cnccn1
c1cc2c(cc1COc1ccc3c(cnn3-c3ccc4c(c3)CNCCC4)c1)OCCO2
N=c1nc(-n2ncc3cc(OC(CNC(=O)c4ccnnc4)c4ccccc4)ccc32)n(-c2cccnc2)[nH]1
O=C(NCC(Oc1ccc2c(cnn2-c2ncn[nH]2)c1)c1ccc2c(c1)OCCCO2)c1cccnc1
O=C(C1CCC1)N1CCN(c2cccc(-n3ncc4cc(OCc5ccc6c(c5)CCC6)ccc43)n2)CC1
O=S(=O)(NCC(Oc1ccc2c(cnn2-c2ccn[nH]2)c1)c1ccc2c(c1)OCCO2)N1CCCC1
O=C(NCC(Oc1ccc2c(cnn2-c2cnc3c(c2)CCNC3=O)c1)c1ccccc1)c1nnc[nH]1
O=C(NCC(Oc1cnc2c(cnn2-c2cccc(-n3ccnc3)c2)c1)c1ccc2c(c1)OCCO2)c1ccccc1
O=C(NCC(Oc1ccc2c(cnn2-c2nccc3c2CCNC3)c1)c1ccc2c(c1)CCC2)c1ncccn1
O=C(NCC(Oc1ccc2c(cnn2-c2ccccc2-c2ccccc2)c1)c1cncs1)c1csnn1
O=C(NCC(Oc1ccc2c(cnn2-c2ccc3[nH]ccc3c2)c1)c1ccc2c(c1)OCCO2)c1cnc2ccccc2c1
O=C(Cc1cccc2ccccc12)NCC(Oc1ccc2c(cnn2-c2ccon2)c1)c1ccccn1
O=C(NCC(Oc1ccc2c(cnn2-c2nccc(N3CCOCC3)n2)c1)c1ccccc1)c1cscn1
O=C(NCC(Oc1ccc2c(cnn2-c2ccc3nccnc3c2)c1)c1ccccc1)c1cccc2cnccc12
O=C(NCC(Oc1ccc2c(cnn2-c2nnc(-c3cncnc3)s2)c1)c1ccccc1)c1cocn1
O=C(NCC(Oc1ccc2c(cnn2-c2cc3ccccc3cn2)c1)c1ccc2c(c1)OCCCO2)c1cccnn1
O=C(NCC(Oc1ccc2c(cnn2-c2ncnc(C3CC3)n2)c1)c1ccccc1)c1cnco1
O=c1[nH]c2ccccc2cc1-n1ncc2cc(OCc3ccc4c(c3)CNC4)ccc21
O=C(NCC(Oc1cnc2c(cnn2-c2cccnc2)c1)c1ccc2c(c1)OCCO2)c1csc2ccccc12
O=C(NCC(Oc1ccc2c(cnn2-c2cnc3ccc4nc[nH]c4c3n2)c1)c1ccc2c(c1)OCCO2)c1cn[nH]c1
N=c1nc(-n2ncc3cc(OC(CNC(=O)c4cccnc4)c4ccccc4)ccc32)cn[nH]1
O=C(NCC(Oc1ccc2c(cnn2-c2cc3cn[nH]c3cn2)c1)c1ccc2c(c1)CCC2)c1ccn[nH]1
O=C(NCC(Oc1ccc2c(cnn2-c2cccc(N3CCCCC3)n2)c1)c1ccccc1)C1CCC1
O=C(NCC(Oc1ccc2c(cnn2-c2cccc3cc[nH]c23)c1)c1ccccc1)c1ccncn1
O=C(NCC(Oc1ccc2c(cnn2-c2cncc(-c3ccsc3)c2)c1)c1ccc2c(c1)OCCO2)C1CCC1
O=C(NCC(Oc1ccc2c(cnn2-c2nccc(N3CCOCC3)n2)c1)c1ccccc1)C1CCCC1
c1ccc2c(c1)cnn2-c1ncnc(-n2ncc3cc(OCc4ccc5c(c4)OCCO5)ccc32)n1
O=C(NCC(Oc1ccc2c(cnn2-c2cccc(-n3cnc4ccccc43)n2)c1)c1ccccc1)c1cccnn1
c1cc2c(cnn2-c2nn[nH]n2)cc1OCc1cc2c(s1)CCCC2
O=C(NCC(Oc1ccc2c(cnn2-c2nncc3ccccc23)c1)c1cccnc1)c1cscn1
O=C(NCC(Oc1ccc2c(cnn2-c2ccccc2)c1)c1cccnc1)C1CCCc2cccnc21
c1ccc(-n2ncc3cc(OCc4ccc5c(c4)OCCO5)ccc32)nc1
O=C(NC1(C(=O)NCC(Oc2ccc3c(cnn3-c3cccc(N4CCOCC4)n3)c2)c2ccccc2)CC1)c1cn[nH]c1
O=C(NCC(Oc1ccc2c(cnn2-c2ncnc3c2CCC3)c1)c1ccccn1)c1c[nH]nn1
O=C(NCC(Oc1ccc2c(cnn2-c2cncnc2-c2ccon2)c1)c1ccccc1)c1cccnn1
O=C(NCC(Oc1ccc2c(cnn2-c2cccc(-n3ncc4ccccc43)c2)c1)c1ccc2c(c1)CCOC2)C1CCOCC1
O=C(NCC(Oc1ccc2c(cnn2-c2ccccc2-c2ncccn2)c1)c1ccc2c(c1)OCCCO2)c1cscn1
N=C1c2ccccc2OC2CCCCC12
O=C(NCC(Oc1ccc2c(cnn2-c2ccccc2-c2c[nH]cn2)c1)c1ccc2c(c1)OCCO2)c1ccccc1
O=C(NCC(Oc1ccc2c(cnn2-c2cnc3nncn3n2)c1)c1ccc2c(c1)OCCCO2)C1CCC1
O=C(NCC(Oc1ccc2c(cnn2-c2ccc3cnccc3n2)c1)c1ccc2cccnc2c1)c1cccnc1
O=C(NCC(Oc1ccc2c(cnn2-c2ccccn2)c1)c1ccc2c(c1)OCCO2)c1ccc(-n2cccn2)s1
O=C(NCC(Oc1ccc2c(cnn2-c2cnc(N3CCCCC3)nn2)c1)c1ccccc1)c1ccccc1
O=C(Cc1ccccc1)NCC(Oc1ccc2c(cnn2-c2cccc(-c3nnc4ccccn34)c2)c1)c1ccncc1
O=C(NCC(Oc1ccc2c(cnn2-c2nccc3c2CN(Cc2ccccc2)C3)c1)c1ccccc1)c1cccc2ccoc12
O=C(NCC(Oc1ccc2c(cnn2-c2ccnc(-n3ccnc3)c2)c1)c1ccccc1)C1(Nc2ccccc2)CCCCC1
O=C(NCC(Oc1ccc2c(cnn2-c2cnc3nc(N4CCNCC4)ncc3c2)c1)c1ccc2c(c1)OCCO2)C1CCCO1
O=C(NCC(Oc1ccc2c(cnn2-c2ncc3sccc3n2)c1)c1ccccc1)c1cc2ccccc2[nH]1
O=C(NCC(Oc1ccc2c(cnn2-c2ccncn2)c1)c1ccc2c(c1)CCO2)c1cncs1
O=C(NCC(Oc1ccc2c(cnn2-c2ccn(S(=O)(=O)c3ccno3)c2)c1)c1ccc2c(c1)OCCO2)c1cccnc1
O=C(Cc1ccccc1)NCC(Oc1ccc2c(cnn2-c2cc(C(=O)NC3CCOC3)n[nH]2)c1)c1ccc2c(c1)OCCO2
O=C(Cc1ccccc1)NCC(Oc1ccc2c(cnn2-c2nccc3[nH]ncc23)c1)c1ccc2c(c1)OCCO2
O=C(NCC(Oc1ccc2c(cnn2-c2nccs2)c1)c1ccccn1)c1cncnc1
O=C(NCC(Oc1ccc2c(cnn2-c2cncc3ccccc23)c1)c1ccc2c(c1)OCCO2)c1ccccn1
O=C(NCC(Oc1ccc2c(cnn2-c2ccc(-n3ncc4ccccc43)nc2)c1)c1ccc2c(c1)OCCO2)C1CCCCO1
O=C(NCC(Oc1ccc2c(cnn2-c2nnc(-c3ccco3)o2)c1)c1ccc2c(c1)CCO2)C1CC1
O=c1cc(N2CCOCC2)oc2c(-c3cccc4c3NCC4)c(-c3cncnc3)ccc12
O=C(NCC(Oc1ccc2c(cnn2-c2cnc3ccccc3n2)c1)c1ccc2c(c1)OCCO2)c1ccn[nH]1
O=C(NCC(Oc1ccc2c(cnn2-c2cn(-c3ccccc3)nn2)c1)c1ccc2c(c1)OCCO2)c1cnc[nH]1
c1cc(-c2cc(-n3ncc4cc(OCc5cnccn5)cnc43)[nH]n2)ccn1
O=C(NCC(Oc1ccc2c(cnn2-c2ccc3c(cnn3Cc3ccco3)c2)c1)c1ccc2c(c1)OCCO2)c1ccn[nH]1
O=C(NCC(Oc1ccc2c(cnn2-c2ccc3cncnc3c2)c1)c1ccccc1)C1CCCNC1
c1ccc2c(-n3ncc4cc(OCc5ccc6c(c5)CCC6)ccc43)ncnc2c1
O=C(NCC(Oc1ccc2c(cnn2-c2cnc3n(c2=O)CCCC3)c1)c1ccc2c(c1)OCCO2)c1ccc2ccccc2n1
O=C(NCC(Oc1ccc2c(cnn2-c2cnn(CC3CC3)c2)c1)c1ccc2c(c1)CCC2)C1CCC1
O=C(NCC(Oc1ccc2c(cnn2-c2nccc3c2cnn3-c2ccccc2)c1)c1ccc2c(c1)CCO2)c1cnn2c1CCC2
O=C(NCC(Oc1ccc2c(cnn2-c2cccc(-c3ccnc4ccccc34)c2)c1)c1ccccc1)c1ccncc1
O=C(NCC(Oc1ccc2c(cnn2-c2cnc(C3CC3)nc2)c1)c1ccc2c(c1)OCCCO2)c1cnc(N2CCOCC2)o1
O=C(NCC(Oc1ccc2c(cnn2-c2cnc3sccn3c2=O)c1)c1ccc2c(c1)CCC2)c1ccon1
O=C(NCC(Oc1ccc2c(cnn2-c2ccnc(N3CCOCC3)n2)c1)c1ccc2ccccc2n1)c1cnc[nH]1
O=C(NCC(Oc1ccc2c(cnn2-c2nnc3ccccn23)c1)c1ccc2c(c1)OCCO2)C1CCOCC1
O=C(NCC(Oc1ccc2c(cnn2-c2cccnn2)c1)c1ccc2c(c1)OCCO2)c1ccn2cccnc12
O=C(NCC(Oc1ccc2c(cnn2-c2ccncn2)c1)c1ccccc1)c1ncno1
O=C(NCC(Oc1ccc2c(cnn2-c2n[nH]c3ccccc23)c1)c1ccc2c(c1)OCCO2)c1ccco1
O=C(NCC(Oc1ccc2c(cnn2-c2ccccc2-c2ccn[nH]2)c1)c1ccc2c(c1)CCC2)c1ccon1
c1ccc(-n2ncc3cc(OCc4ccnc5ccccc45)ccc32)cc1
O=C(NCC(Oc1ccc2c(cnn2-c2cnc3[nH]ncc3c2)c1)c1ccccc1)c1cn[nH]c1
O=C(NCC(Oc1ccc2c(cnn2-c2ccc3ccncc3c2)c1)c1ccc2c(c1)OCCO2)c1cccs1
O=C(Cc1ccccc1)NCC(Oc1ccc2c(cnn2-c2cccc(-n3ncc4ccccc4c3=O)c2)c1)c1ccc2c(c1)OCCO2
O=C(NCC(Oc1ccc2c(cnn2-c2ccncn2)c1)c1ccccc1)c1cscn1
O=C(NCC(Oc1ccc2c(cnn2-c2cccc3cc[nH]c23)c1)c1ccc2c(c1)OCCO2)c1cccnc1
O=C(NCC(Oc1ccc2c(cnn2-c2cccc3ccncc23)c1)c1ccc2c(c1)OCCCO2)c1cccnc1
O=C(CCc1cccnc1)NCC(Oc1ccc2c(cnn2-c2cn[nH]c2)c1)c1ccccn1
c1ccc(-n2ncc3cc(OCc4ccc5ncnn5c4)ccc32)cc1
O=C(NCC(Oc1ccc2c(cnn2-c2n[nH]c3ccccc23)c1)c1ccc2c(c1)OCCO2)c1ccccc1
c1ccc2c(-n3ncc4cc(OCc5ccc6c(c5)OCCO6)ccc43)n[nH]c2c1
O=C(NCC(Oc1ccc2c(cnn2-c2cccc3cccnc23)c1)c1ccc2c(c1)CCC2)C1CCOC1
O=C(NCC(Oc1ccc2c(cnn2-c2cccc(N3CCCNCC3)n2)c1)c1ccccc1)c1nc[nH]n1
O=C(NCC(Oc1ccc2c(cnn2-c2ccc3c(-c4cccc5[nH]ncc45)cccc3c2)c1)c1ccc2c(c1)OCCO2)C1CC1
O=C1CCC(C(=O)NCC(Oc2ccc3c(cnn3-c3ccc(-c4ccoc4)cc3)c2)c2cccnc2)CC1
O=C(NCC(Oc1ccc2c(cnn2-c2nccc3cncn23)c1)c1ccc2c(c1)OCCO2)c1ccsc1
O=C(NCC(Oc1ccc2c(cnn2-c2cnccn2)c1)c1ccc2c(c1)OCCCO2)c1cccnc1
O=C(Nc1ccccc1)C1CCC2=Cc3c(cnn3-c3ccccc3)CC21
O=C(NCC(Oc1ccc2c(cnn2-c2nnc3ccccn23)c1)c1cnccn1)c1cscn1
O=C(NCC(Oc1ccc2c(cnn2-c2nccs2)c1)c1ccc2c(c1)OCCO2)c1ccnnc1
O=C(NCC(Oc1ccc2c(cnn2-c2ccccn2)c1)c1ccc2c(c1)OCCO2)c1ccccc1
O=C(NCC(Oc1ccc2c(cnn2-c2cccc(N3CCNCC3)n2)c1)c1ccc2c(c1)OCCO2)c1cscn1
O=C(Cc1cc[nH]n1)NCC(Oc1ccc2c(cnn2-c2ccccc2)c1)c1cncnc1
O=C(NCC(Oc1ccc2c(cnn2-c2ccccc2-c2ncon2)c1)c1ccccc1)C1CCC1
O=C(NCC(Oc1ccc2c(cnn2-c2cccc(N3CCCCC3)n2)c1)c1ccccc1)c1cccnn1
O=C(NCC(Oc1ccc2c(cnn2-c2cc(-c3ccccc3)nn2-c2ccccc2)c1)c1ccc2c(c1)OCCO2)C1CC1
O=C(NCC(Oc1ccc2c(cnn2-c2ccccc2)c1)c1ccccc1)c1cnco1
O=C(Cc1ccncc1)NCC(Oc1ccc2c(cnn2-c2ccccc2-c2nn[nH]n2)c1)c1ccccc1
O=C(NCC(Oc1ccc2c(cnn2-c2cccc(C3CC3)n2)c1)c1ccc2c(c1)OCCO2)c1ccncc1
O=C(NCC(Oc1ccc2c(cnn2-c2cnc3cnccc3n2)c1)c1ccc2occc2c1)c1cncs1
O=C(NCC(Oc1ccc2c(cnn2-c2cccc(N3CCNCC3)n2)c1)c1ccc2c(c1)OCCO2)c1csc2ccccc12
O=C(NCC(Oc1ccc2c(cnn2-c2cc3c(cn2)CN(Cc2ccncc2)CC3)c1)c1ccc2c(c1)CCC2)c1ccnc2ccccc12
c1ccc(-n2ncc3cc(OCc4cscn4)ccc32)cc1
O=C(NCC(Oc1ccc2c(cnn2-c2cncc3c[nH]cc23)c1)c1ccccc1)c1cncs1
O=C(NCC(Oc1ccc2c(cnn2-c2nn[nH]n2)c1)c1ccc2c(c1)OCCCO2)c1cnc2c(cnn2C2CC2)c1
O=C(NCC(Oc1ccc2c(cnn2-c2ccccc2)c1)c1ccnn1-c1ccccc1)C1CCC1
O=C(Cc1ccccc1)NCC(Oc1ccc2c(cnn2-c2ncnc3c2CCC3)c1)c1ccccn1
O=C(NCC(Oc1ccc2c(cnn2-c2cccc3[nH]cnc23)c1)c1ccc2c(c1)OCCCO2)C1CCCCC1
O=C(NCC(Oc1ccc2c(cnn2-c2cccn3nccc23)c1)c1ccc2c(c1)CCO2)c1cnn2c1CCCC2
O=C(Cc1ccccc1)NCC(Oc1ccc2c(cnn2-c2ccc(N3CCNCC3)nc2)c1)c1ccccc1
O=C(NCC(Oc1ccc2c(cnn2-c2ccc(-c3ncn[nH]3)cc2)c1)c1ccc2c(c1)OCCO2)c1ccncc1
O=C(NCC(Oc1ccc2c(cnn2-c2ccc(-n3cnc4ccccc43)nn2)c1)c1ccc2c(c1)OCCO2)C1CCC1
O=C(NCC(Oc1ccc2c(cnn2-c2nnco2)c1)c1ccc2c(c1)OCCO2)c1cccnc1
O=C(NCC(Oc1ccc2c(cnn2-c2ccc3c(c2)OCCO3)c1)c1ccc2c(c1)OCCO2)c1cccnn1
O=C(CCc1ccccc1)NCC(Oc1ccc2c(cnn2-c2cccc(N3CCNCC3)n2)c1)c1ccc2c(c1)CCO2
O=C(NCC(Oc1ccc2c(cnn2-c2nc[nH]n2)c1)c1ccc2c(c1)OCCO2)C1CCCN1C(=O)C1(c2ccccc2)CC1
O=C(Cc1c[nH]cnc1=O)NCC(Oc1ccc2c(cnn2-c2ccncn2)c1)c1ccc2c(c1)OCCO2
O=C(NCC(Oc1ccc2c(cnn2-c2ccc3ncccn23)c1)c1ccc2c(c1)OCCO2)C1CCC1
O=C(Cn1ncc2ccccc21)NCC(Oc1ccc2c(cnn2-c2cccc(-c3cnccn3)c2)c1)c1ccc2c(c1)OCCO2
O=C1NCc2cc(-n3ncc4cc(OC(CNC(=O)C5CCCOC5)c5ccc6c(c5)CCC6)ccc43)ccc21
O=C(NCC(Oc1ccc2c(cnn2-c2cc3ccccc3cn2)c1)c1ccc2ccccc2c1)c1csc2ccncc12
O=C(NCC(Oc1ccc2c(cnn2-c2ncccn2)c1)c1ccccc1)c1cccnc1
N=c1nc(-n2ncc3cc(OC(CNC(=O)c4cnn5cccnc45)c4ccccc4)ccc32)cc[nH]1
c1ccc(CCCC(Oc2ccc3c(cnn3-c3ccccn3)c2)c2ccccc2)cc1
O=C(NCC(Oc1ccc2c(cnn2-c2nccc(C3CC3)n2)c1)c1ccccc1)c1nc(=O)o[nH]1
O=C(NCC(Oc1ccc2c(cnn2-c2ncnc3ccsc23)c1)c1ccccc1)c1ccc[nH]1
O=C(NCC(Oc1ccc2c(cnn2-c2ccn(CCN3CCCOCC3)n2)c1)c1ccc2c(c1)OCCO2)c1ccccc1
c1ccc(-c2ccc3ccccc3n2)cc1
O=C(NCC(Oc1ccc2c(cnn2-c2nc(N3CCOCC3)cc3[nH]ncc23)c1)c1ccccc1)c1ccco1
O=C(NCC(Oc1ccc2c(cnn2-c2ccccc2)c1)c1ccccc1)c1cocn1
O=C(NCC(Oc1ccc2c(cnn2-c2ccccc2-c2ccncn2)c1)c1ccccc1)c1csnn1
O=C(NCC(Oc1ccc2c(cnn2-c2ccccn2)c1)c1ccc2c(c1)OCCCO2)c1ccsc1
O=C(Cn1cc(-n2ncc3cc(OC(CNC(=O)C4CCCCC4)c4ccc5c(c4)OCCO5)ccc32)cn1)Nc1ccccc1
O=C(NCc1ccccc1)C1CC1
O=C(NCC(Oc1ccc2c(cnn2-c2ccc3ccccc3n2)c1)c1ccc2c(c1)OCCO2)c1ccccc1
O=C(NCC(Oc1ccc2c(cnn2-c2ccc3oncc3c2)c1)c1ccccc1)c1cocn1
O=C1NCCCN2C=NC2=C1C(=O)NCC(Oc1ccc2c(cnn2-c2ccccn2)c1)c1ccccc1
O=C(Cc1ccccc1)NCC(Oc1ccc2c(cnn2-c2nncs2)c1)c1ccc2c(c1)OCCO2
O=C(NCC(Oc1ccc2c(cnn2-c2n[nH]c3ccccc23)c1)c1ccc2c(c1)OCCO2)C1CC1
O=C(NCC(Oc1ccc2c(cnn2-c2ccc(-n3ccnc3)cn2)c1)c1ccc2c(c1)OCCO2)c1conc1-c1ccccc1
O=C(NCC(Oc1ccc2c(cnn2-c2cnn(-c3cn[nH]c3)c(=O)c2)c1)c1ccc2c(c1)OCCO2)c1cccs1
O=C(NCC(Oc1ccc2c(cnn2-c2cnc(N3CCOCC3)nc2)c1)c1ccccc1)c1cscn1
c1ccc(-c2ccc3n[nH]c(-c4cc5ccccc5[nH]4)c3c2)cc1
O=C(NCC(Oc1ccc2c(cnn2-c2ccccc2)c1)c1nnn(C2CC2)n1)C1CCOc2ccccc21
O=C(NCC(Oc1ccc2c(cnn2-c2cccc(-c3c[nH]c4ccccc34)c2)c1)c1cccnc1)C1CCC1
O=C(NCC(Oc1ccc2c(cnn2-c2ccccc2)c1)c1ccc2[nH]ccc2c1)c1cncs1
O=C(NCC(Oc1ccc2c(cnn2-c2ccn[nH]2)c1)c1ccc2c(c1)OCCC2)C1CC1
O=C(NCC(Oc1ccc2c(cnn2-c2nnn[nH]2)c1)c1ccc2c(c1)CCC2)c1cc[nH]n1
c1ccc(COc2ccc3c(cnn3-c3nnc4cccnn34)c2)cc1
c1ccc(CCc2ccccc2)cc1
O=C1CCC(C(=O)NCC(Oc2ccc3c(cnn3-c3nccc4c3CCNC4)c2)c2ccc3c(c2)OCCO3)CC1
O=C(NCC(Oc1ccc2c(cnn2-c2cnc3ncnn3c2)c1)c1ccc2c(c1)OCCO2)c1ccccc1
O=C(NCC(Oc1ccc2c(cnn2-c2ccccn2)c1)c1ccc2c(c1)OCCO2)c1ccn[nH]1
O=C(NCC(Oc1ccc2c(cnn2-c2csc(N3CCNCC3)n2)c1)c1ccccc1)c1csnn1
O=C(CCCCc1cc2ccncc2[nH]1)Nc1ccc2c(c1)OCC2
O=C(NCC(Oc1ccc2c(cnn2-c2cc(C3CC3)ncn2)c1)c1ccccc1)c1cscn1
O=C(NCC(Oc1ccc2c(cnn2-c2ccc3cn[nH]c3n2)c1)c1ccc2c(c1)OCCCO2)c1cn[nH]c1
O=C(NCC(Oc1ccc2c(cnn2-c2cnn(-c3nc[nH]n3)c2)c1)c1ccccc1)c1cc[nH]n1
O=C(NCC(Oc1ccc2c(cnn2-c2ccccn2)c1)c1ccc2c(c1)OCCO2)c1nnc(-c2cccnc2)o1
c1ccc(-n2ncnc2-c2c(-c3ccco3)[nH]c3cc(-c4cccc5ncccc45)ccc23)cc1
O=C(NCC(Oc1ccc2c(cnn2-c2nncs2)c1)c1ccc2occc2c1)c1ccc2[nH]cnc2c1
O=C(NCC(Oc1ccc2c(cnn2-c2ccnc3ccccc23)c1)c1ccc2c(c1)CCC2)C1CCCCN1
O=C(NCC(Oc1ccc2c(cnn2-c2cnc3cccnc3n2)c1)c1ccc2c(c1)OCCO2)c1ccn[nH]1
O=C(COc1ccccc1)NCC(Oc1ccc2c(cnn2-c2ncco2)c1)c1ccc2c(c1)OCCCO2
O=C(NCC(Oc1ccc2c(cnn2-c2ccc3cccnc3n2)c1)c1ccc2c(c1)OCCO2)c1ccnnc1
O=C(NCC(Oc1ccc2c(cnn2-c2cnc3ncccc3c2)c1)c1ccccn1)c1cnns1
O=C(Cc1ccccc1)NCC(Oc1ccc2c(cnn2-c2cnc3ncccc3c2)c1)c1ccc2c(c1)OCCCO2
O=C(NCC(Oc1ccc2c(cnn2-c2ccc3[nH]ccc3c2)c1)c1ccc2c(c1)OCCO2)c1csnn1
O=C(CCc1ccccc1)NCC(Oc1ccc2c(cnn2-c2ncc(N3CCCCC3)cn2)c1)c1ccc2c(c1)OCCO2
O=C(NCC(Oc1ccc2c(cnn2-c2cc[nH]n2)c1)c1ccc2c(c1)OCCO2)c1nccc2ccccc12
O=C(NCC(Oc1ccc2c(cnn2-c2cccc(-c3ncccn3)c2)c1)c1ccc2c(c1)OCCO2)C1CCCOC1
O=C(NCC(Oc1ccc2c(cnn2-c2nnc(-c3ccccc3)o2)c1)c1ccc2c(c1)OCCO2)c1cccnc1
O=C(NCC(Oc1ccc2c(cnn2-c2ocnc2-c2ccccn2)c1)c1ccc2c(c1)OCCO2)c1ccno1
O=C(NCC(Oc1ccc2c(cnn2-c2cnc3c(c2)NCCC3)c1)c1ccccc1)c1cscn1
O=C(NCC(Oc1ccc2c(cnn2-c2cccc3[nH]c(=O)ccc23)c1)c1ccc2c(c1)OCCO2)c1cnoc1
N=c1nc(-n2ncc3cc(OC(CNC(=O)c4ccccc4)c4ccc5c(c4)OCCCO5)ccc32)c2ccccc2[nH]1
O=C(NCC(Oc1ccc2c(cnn2-c2cccnc2)c1)c1ccc2c(c1)OCCO2)c1csnn1
O=C(NCC(Oc1ccc2c(cnn2-c2ccccc2)c1)c1cccnc1)C(c1ccccc1)N1CCN(c2ccccc2)CC1
O=C(NCC(Oc1ccc2c(cnn2-c2ccccc2-c2ccn[nH]2)c1)c1ccccc1)c1ccno1
C1=C2CCCC(C(CNc3ccccc3)c3cnc[nH]3)C2Cc2cnn(-c3ccccc3)c21
O=C(Cc1csc2ccccc12)NCC(Oc1ccc2c(cnn2-c2cscn2)c1)c1ccc2c(c1)OCC2
O=C(NCC(Oc1ccc2c(cnn2-c2nncc3ccccc23)c1)c1ccccc1)C1Cc2ccccc2CN1
O=C(NCC(Oc1ccc2c(cnn2-c2cncc3cccnc23)c1)c1ccc2c(c1)OCCO2)c1cnc2ccccn12
O=C(NCC(Oc1ccc2c(cnn2-c2cnc3nnn(-c4cn[nH]c4)c3c2)c1)c1ccc2c(c1)OCCO2)c1ccn[nH]1
O=C(NCC(Oc1ccc2c(cnn2-c2ccc(N3CCCNCC3)nn2)c1)c1ccccc1)c1ccco1
O=C(NCC(Oc1ccc2c(cnn2-c2nncs2)c1)c1ccc2c(c1)OCCO2)C1CCCN1C(=O)Cn1cccn1
O=C(NCC(Oc1ccc2c(cnn2-c2ncnn2-c2ccccc2)c1)c1cccnc1)c1ccccc1
O=C1NCc2cc(-n3ncc4cc(OC(CNC(=O)c5cccc6ccccc56)c5ccc6c(c5)CCC6)ccc43)cnc21
O=C(NCC(Oc1ccc2c(cnn2-c2cncc(N3CCCC3)n2)c1)c1ccccc1)c1ccoc1
O=C(NCC(Oc1ccc2c(cnn2-c2cc3ccccc3s2)c1)c1ccc2c(c1)CCC2)c1cncs1
O=C(NCC(Oc1ccc2c(cnn2-c2ccc3sncc3c2)c1)c1ccc2ccccc2c1)c1ccccc1
O=C(NCC(Oc1ccc2c(cnn2-c2ccc3c(c2)CCCC3)c1)c1ccc2c(c1)CCO2)C1CC1
O=C(NCC(Oc1ccc2c(cnn2-c2ncccn2)c1)c1ccccn1)c1c[nH]nn1
N=c1nc(-n2ncc3cc(OCc4ccc5c(c4)OCCO5)ccc32)cc[nH]1
c1cc(-n2ncc3cc(-n4ncc5cc(OCc6ccc7c(c6)OCCO7)ccc54)cnc32)[nH]n1
O=C(NCC(Oc1ccc2c(cnn2-c2cccc3nccnc23)c1)c1ccc2c(c1)CCC2)C1CCCCC1
O=C(Cc1ccco1)NCC(Oc1ccc2c(cnn2-c2cnn(-c3ccncc3)c2)c1)c1ccc2c(c1)OCCO2
O=C(NCC(Oc1ccc2c(cnn2-c2cccc3c2cnn3-c2ccccc2)c1)c1ccc2c(c1)CCC2)c1cnccn1
O=C(NCC(Oc1ccc2c(cnn2-c2ncnc3c2CCCC3)c1)c1nccs1)c1cscn1
O=C(NCC(Oc1ccc2c(cnn2-c2cnc3ccccn23)c1)c1ccccc1)c1ccncc1
O=C(NCC(Oc1ccc2c(cnn2-c2cccc(C3CCCC3)n2)c1)c1cccnc1)c1cscn1
O=C(NCC(Oc1ccc2c(cnn2-c2ccc3[nH]ncc3c2)c1)c1ccc2c(c1)OCCO2)c1cn[nH]c1
c1cc(-c2cn3nc(N4CCCC4)ccc3n2)c(-n2ccnc2)c(-n2cccc2)c1
O=C(NCC(Oc1ccc2c(cnn2-c2cc(-n3ncc4ccccc43)ccn2)c1)c1ccccc1)c1ccoc1
O=C(NCC(Oc1ccc2c(cnn2-c2cc3ccccc3cn2)c1)c1ccc2c(c1)OCCO2)C1CCCNC1
O=C(NCC(Oc1ccc2c(cnn2-c2cnn(-c3ccnnc3)c2)c1)c1ccc2c(c1)OCCO2)c1cscn1
c1cc2c(cc1COc1ccc3c(cnn3-c3cc4c(nn3)CCCC4)c1)OCCO2
c1cc(-n2ncc3cc(OCc4ccc5c(c4)OCCN5)ccc32)c2cn[nH]c2c1
O=C(NCC(Oc1ccc2c(cnn2-c2nnc3ccccn23)c1)c1ccc2c(c1)OCCO2)c1cccc2ccccc12
O=C(NCC(Oc1ccc2c(cnn2-c2ccc3cnncc3c2)c1)c1ccc2c(c1)OCCCO2)C1CCC1
O=C(NCC(Oc1ccc2c(cnn2-c2nccc3c2CCCN3)c1)c1ccc2c(c1)OCCO2)c1csnn1
O=C(Cc1ccccc1)NCC(Oc1ccc2c(cnn2-c2cccnc2)c1)c1ccc2c(c1)OCCO2
O=C(NCC(Oc1ccc2c(cnn2-c2ccccn2)c1)c1ccc2c(c1)OCCO2)C1CCC1
O=C(NCC(Oc1ccc2c(cnn2-c2nnc3ccccn23)c1)c1ccc2c(c1)OCCO2)c1cncs1
O=C(NCC(Oc1ccc2c(cnn2-c2nccc3ccccc23)c1)c1ccc2c(c1)OCCO2)c1ccccc1
O=C(NCC(Oc1ccc2c(cnn2-c2ccc3nc[nH]c3c2)c1)c1ccc2c(c1)OCCO2)c1ccoc1
O=C(NCC(Oc1ccc2c(cnn2-c2cccc3c2cnn3-c2ccccc2)c1)c1ccccc1)c1c[nH]c2ccccc12
O=C(NCC(Oc1ccc2c(cnn2-c2nnco2)c1)c1cnccn1)C1CCCCC1
O=C(NCC(Oc1ccc2c(cnn2-c2cccc(N3CCCCC3)n2)c1)c1ccc2c(c1)OCCO2)c1cccnc1
O=C(NCC(Oc1ccc2c(cnn2-c2cccnc2C2CC2)c1)c1ccccc1)c1ccoc1
O=C(Cc1ccc(-n2cccn2)cc1)NCC(Oc1ccc2c(cnn2-c2cn(CC3CC3)nn2)c1)c1ccc2c(c1)OCCO2
O=C(NCC(Oc1ccc2c(cnn2-c2cccc(C3CCOCC3)n2)c1)c1ccc2c(c1)OCCO2)c1ccccc1
O=C(NCC(Oc1ccc2c(cnn2-c2c[nH]cn2)c1)c1ccc2c(c1)OCCO2)c1cnn(C2CCCCC2)c1
c1cc(-n2ncc3cc(OCc4ccc5c(c4)OCCCO5)ccc32)ccn1
O=C(NCC(Oc1ccc2c(cnn2-c2csc(N3CCNCC3)n2)c1)c1ccccc1)c1nnco1
O=C(NCC(Oc1ccc2c(cnn2-c2cn(Cc3ccccc3)nn2)c1)c1ccc2c(c1)CCO2)c1cnoc1
O=C(NCC(Oc1ccc2c(cnn2-c2ccn[nH]2)c1)c1ccc2ccccc2c1)c1cccc2ccnn12
O=C(NCC(Oc1ccc2c(cnn2-c2ccccc2)c1)c1ccccc1)c1ncc[nH]1
O=c1ccc(-c2cnccc2COc2ccc3c(cnn3-c3ccccc3)c2)c[nH]1
O=C(NCC(Oc1ccc2c(cnn2-c2ccc(-c3cccnc3)nn2)c1)c1ccc2c(c1)OCCO2)C1CCCC1
O=S(=O)(NCC(Oc1ccc2c(cnn2-c2cnc3c(c2)CCC3)c1)c1cccnc1)C1CCCC1
O=C(NCC(Oc1ccc2c(cnn2-c2csc(N3CCNCC3)n2)c1)c1ccccc1)c1cnco1
c1cc(-n2ncc3cc(OC(c4cnc(N5CCOCC5)nc4)c4cn(C5CCC5)nn4)cnc32)ccn1
O=C(NCC(Oc1ccc2c(cnn2-c2nccc3ccsc23)c1)c1ccc2c(c1)OCCS2)c1ccn[nH]1
O=C(Cc1ccsc1)NCC(Oc1ccc2c(cnn2-c2ccn[nH]2)c1)c1ccc2c(c1)OCCO2
c1cc2nccnc2c(-n2ncc3cc(OCc4ccc5c(c4)OCCN5)ccc32)n1
O=C(NCC(Oc1ccc2c(cnn2-c2cnn(C3CCC3)c2)c1)c1ccc2c(c1)OCCO2)c1ccn[nH]1
O=C(NCC(Oc1ccc2c(cnn2-c2ccccc2)c1)c1ccc2c(c1)OCCO2)c1ccccc1
O=C(NCC(Oc1ccc2c(cnn2-c2cn[nH]c2-c2ccn[nH]2)c1)c1ccc2c(c1)OCCO2)C1CCOCC1
O=C(NCC(Oc1ccc2c(cnn2-c2n[nH]c3ccccc23)c1)c1ccccc1)c1ccncc1
O=C(Cc1cccs1)NCC(Oc1ccc2c(cnn2-c2cnn(-c3cncnc3)c2)c1)c1ccccc1
O=C(NCC(Oc1ccc2c(cnn2-c2cc3occc3cn2)c1)c1ccc2c(c1)OCCO2)c1ccsc1
O=C(NCC(Oc1ccc2c(cnn2-c2nnco2)c1)c1ccc2[nH]ccc2c1)C1CCCC1
O=C(NCC(Oc1ccc2c(cnn2-c2ncccn2)c1)c1ccc2c(c1)OCCO2)C1CCN(C(=O)C2CC2)CC1
O=C(Cc1ccncc1)NCC(Oc1ccc2c(cnn2-c2cc(CN3CCOCC3)ncn2)c1)c1ccc2c(c1)OCCO2
O=C(NCC(Oc1ccc2c(cnn2-c2ccccc2)c1)c1ccc2c(c1)CCC2)c1ccco1
O=C(NCC(Oc1ccc2c(cnn2-c2nccc3cncnc23)c1)c1ccc2c(c1)OCCO2)c1cn[nH]c1
O=C(NCC(Oc1ccc2c(cnn2-c2ccnnc2)c1)c1cccnc1)c1cccs1
O=C(NCC(Oc1ccc2c(cnn2-c2nccc3[nH]ncc23)c1)c1ccc2c(c1)OCCO2)c1ccncn1
O=c1n(Cc2ccccc2)ccn1-c1cnn(Cc2ccccc2)c1
O=C(NCC(Oc1ccc2c(cnn2-c2ccccc2-n2nccn2)c1)c1ccccc1)c1ccnnc1
O=C(NCC(Oc1ccc2c(cnn2-c2cnnc3ccccc23)c1)c1ccc2c(c1)OCCO2)c1ccncc1
O=C(NCC(Oc1ccc2c(cnn2-c2ccn3nccc3c2)c1)c1ccc2c(c1)CCCO2)c1ccccc1
O=C(NCC(Oc1ccc2c(cnn2-c2nnc3c(n2)[nH]c2ccncc23)c1)c1ccccc1)c1ccn[nH]1
O=C(NCC(Oc1ccc2c(cnn2-c2cccc(-n3ccnc3)c2)c1)c1ccc2c(c1)OCCO2)C1COc2ccccc2C1
O=C(NCC(Oc1ccc2c(cnn2-c2cccc(-c3ccccn3)c2)c1)c1ccncc1)c1ccsc1
O=C(NCC(Oc1ccc2c(cnn2-c2ccc3c[nH]cc3c2)c1)c1ccccc1)c1nncs1
N=c1ccc2ccc(-n3ncc4cc(OCc5ccc6c(c5)OCCO6)ccc43)cc2[nH]1
O=C(NCC(Oc1ccc2c(cnn2-c2ncnn2-c2ccccc2)c1)c1ccccc1)c1ccccc1
O=C(NCC(Oc1ccc2c(cnn2-c2cc3ccccc3cn2)c1)c1ccc2c(c1)CCO2)c1ccccc1
O=C(Cc1ccsc1)NCC(Oc1ccc2c(cnn2-c2ccc3n[nH]cc3c2)c1)c1ccc2c(c1)OCCO2
O=C(NCC(Oc1ccc2c(cnn2-c2ncn(-c3ccncc3)n2)c1)c1ccc2c(c1)OCCO2)C1CCCOC1
O=C(NCC(Oc1ccc2c(cnn2-c2cc[nH]n2)c1)c1ccc2c(c1)OCCO2)c1ccccc1
O=C(NCC(Oc1ccc2c(cnn2-c2ccncn2)c1)c1ccccc1)c1cccs1
O=C(NCC(Oc1ccc2c(cnn2-c2cccc(-c3ccccc3)c2)c1)c1ccc2c(c1)OCCO2)C1CCCN1
O=C(NCC(Oc1ccc2c(cnn2-c2ccccc2)c1)c1ccc2c(c1)OCCCO2)c1ccon1
O=C(NCC(Oc1ccc2c(cnn2-c2cnccn2)c1)c1ccccc1)c1cnoc1
O=C(NCC(Oc1ccc2c(cnn2-c2cnn(-c3cccnc3)c2)c1)c1ccc2c(c1)OCCO2)c1ccco1
O=C(NCC(Oc1ccc2c(cnn2-c2ccccc2-c2ncc[nH]2)c1)c1ccccc1)c1cnc(-c2ccco2)s1
O=C(NCC(Oc1ccc2c(cnn2-c2cnc3c(c2)CCCN3)c1)c1ccc2c(c1)OCCO2)c1cccnc1
O=C(NCC(Oc1ccc2c(cnn2-c2ccccn2)c1)c1ccc2c(c1)OCCO2)c1ccccn1
c1cc2c(c(-n3ncc4cc(OC(c5ccc6c(c5)OCCN6Cc5cnc[nH]5)C5CC5)ccc43)n1)CNC2
O=C(NCC(Oc1ccc2c(cnn2-c2nccc3c2CCN(C(=O)c2cscn2)C3)c1)c1ccc2c(c1)OCCO2)c1ccccc1
O=C(NCC(Oc1ccc2c(cnn2-c2cn(-c3cncnc3)cn2)c1)c1ccc2c(c1)OCCO2)c1cocn1
O=C(NCC(Oc1ccc2c(cnn2-c2cccnc2)c1)c1ccccc1)c1cccs1
O=C(NCC(Oc1ccc2c(cnn2-c2cnn(-c3ccnc4cnccc34)c2)c1)c1ccc2c(c1)CCC2)c1ccccc1
O=C(Cc1cccc2ccccc12)NCC(Oc1ccc2c(cnn2-c2cnc3[nH]c(=O)[nH]c3n2)c1)c1ccc2c(c1)OCCCO2
O=C(NCC(Oc1ccc2c(cnn2-c2n[nH]c3ccccc23)c1)c1ccccc1)c1nc2ccccc2[nH]1
O=C(NCC(Oc1ccc2c(cnn2-c2cccc(-n3ccnc3)c2)c1)c1ccc2cccnc2c1)C1CCCNC1
O=C(NCC(Oc1ccc2c(cnn2-c2ccccc2)c1)c1csc2ccccc12)C1CC1
O=C(NCC(Oc1ccc2c(cnn2-c2cccc(N3CCCCC3)n2)c1)c1ccccc1)C1CC1
O=C(NCC(Oc1ccc2c(cnn2-c2cccc(N3CCCC3)n2)c1)c1ccc2c(c1)OCCO2)c1cccnc1
O=C(NCC(Oc1ccc2c(cnn2-c2cccc(-c3nc(=O)o[nH]3)c2)c1)c1ccc2c(c1)OCCO2)c1nncc2cnccc12
O=C(NCC(Oc1ccc2c(cnn2-c2cccc(C3CC3)n2)c1)c1ccccc1)c1cncnc1
O=C(NCC(Oc1ccc2c(cnn2-c2nccc3cccnc23)c1)c1ccc2c(c1)OCCO2)c1cnccn1
O=C(NCC(Oc1ccc2c(cnn2-c2ccccc2-c2cncnc2)c1)c1ccc2c(c1)OCCO2)c1ccnnc1
O=C(NCC(Oc1ccc2c(cnn2-c2cc(-c3cnn(C4COC4)c3)on2)c1)c1ccccc1)c1cc[nH]n1
O=C(NCC(Oc1ccc2c(cnn2-c2cn[nH]c2)c1)c1ccccc1)c1cncnc1
O=C(NCC(Oc1ccc2c(cnn2-c2ccc3nc[nH]c3c2)c1)c1ccc2c(c1)OCCO2)c1ccnc2ccccc12
O=C(NCC(Oc1ccc2c(cnn2-c2cccc3c2cnn3-c2cn[nH]c2)c1)c1ccc2c(c1)OCCO2)c1ccc(=O)[nH]c1
O=C(NCC(Oc1ccc2c(cnn2-c2cccc(N3CCC3)n2)c1)c1ccccc1)c1cnoc1
O=C(NCC(Oc1ccc2c(cnn2-c2cc(-c3ccncc3)n[nH]2)c1)c1ccc2c(c1)OCCO2)c1ccccc1
O=C(Cn1cncn1)NCC(Oc1ccc2c(cnn2-c2cnc3ccccn23)c1)c1ccc2c(c1)CCC2
O=C(NCC(Oc1ccc2c(cnn2-c2cn[nH]c2)c1)c1ccc2occc2c1)c1ccon1
O=C(NCC(Oc1ccc2c(cnn2-c2cncc(-c3ccn[nH]3)c2)c1)c1ccc2c(c1)OCCO2)c1cnco1
O=C(NCC(Oc1ccc2c(cnn2-c2ncnc3c2ncn3-c2ccccc2)c1)c1ccccc1)C1CC1
O=C(NCC(Oc1ccc2c(cnn2-c2cc(-c3ccccc3-c3nn[nH]n3)ccn2)c1)c1ccccc1)c1cnoc1
O=C(Cn1ccc2ccccc21)NCC(Oc1ccc2c(cnn2-c2ccccc2-c2ncccn2)c1)c1ccc2c(c1)OCCO2
O=C(NCC(Oc1ccc2c(cnn2-c2cc3c(cn2)OCCN3)c1)c1ccc2c(c1)OCCO2)c1ccccc1
O=C(NCC(Oc1ccc2c(cnn2-c2cccc3[nH]ncc23)c1)c1ccc2c(c1)OCCCO2)C1COc2ncccc21
O=C(NCC(Oc1ccc2c(cnn2-c2cnc3ccccc3c2)c1)c1ccccc1)c1nsc2ccccc12
O=C(NCC(Oc1ccc2c(cnn2-c2ccn[nH]2)c1)c1ccc2c(c1)OCCO2)c1ccccc1
O=C(NCC(Oc1ccc2c(cnn2-c2ncnc3[nH]cnc23)c1)c1ccc2c(c1)OCCO2)c1nn[nH]n1
O=C(NCC(Oc1ccc2c(cnn2-c2cnn(C3CCNCC3)c2)c1)c1ccc2c(c1)OCCO2)c1cnccn1
O=C(Cc1ccccc1)NCC(Oc1ccc2c(cnn2-c2ccccc2)c1)c1cccnc1
O=C(NCC(Oc1ccc2c(cnn2-c2ccc3nccn3c2)c1)c1ccccc1)c1nnco1
O=C(NCC(Oc1ccc2c(cnn2-c2cnc3[nH]cnc3c2)c1)c1ccc2c(c1)OCCO2)C1CCNCC1
O=C(NCC(Oc1ccc2c(cnn2-c2nccc3cc[nH]c23)c1)c1ccc2c(c1)OCCO2)c1cccc2ccoc12
O=C(NCC(Oc1ccc2c(cnn2-c2cccc(-c3[nH]nc4ccccc34)c2)c1)c1ccccc1)c1cc[nH]n1
O=C(NCC(Oc1ccc2c(cnn2-c2cccc3c2cnn3-c2ccccc2)c1)c1ccc2c(c1)OCCO2)c1cnccn1
O=C(NCC(Oc1ccc2c(cnn2-c2cccnn2)c1)c1ccc2c(c1)CCO2)c1ncc2ccccn12
O=C(CCc1ccccc1)NCC(Oc1ccc2c(cnn2-c2ccc3c(=O)[nH]ccc3n2)c1)c1ccc2c(c1)OCCO2
O=C(NCC(Oc1ccc2c(cnn2-c2ccncc2-c2ncn[nH]2)c1)c1ccc2ccccc2c1)c1ccn[nH]1
O=C(NCC(Oc1ccc2c(cnn2-c2ccccc2-c2ncccn2)c1)c1ccc2c(c1)OCCO2)c1ccno1
O=C(NCC(Oc1ccc2c(cnn2-c2cccc3c2cnn3-c2ccccc2)c1)c1ccc2c(c1)CCO2)c1cccnc1
O=C(NCC(Oc1ccc2c(cnn2-c2nc3ccccc3s2)c1)c1ccccc1)c1ccoc1
O=c1cccc(-n2ncc3cc(OC(CCc4ccccc4)c4ccc5c(c4)OCCN5)ccc32)[nH]1
O=S(=O)(NCCc1ccco1)c1ccccc1
O=C(NCC(Oc1ccc2c(cnn2-c2nncs2)c1)c1ccc2c(c1)OCCO2)c1cncs1
c1ccc(-c2c3ccccc3nc3c2cnn3C2CCCC2)c(-c2ccon2)c1
O=C(NCC(Oc1ccc2c(cnn2-c2cnnc3c2CNCC3)c1)c1ccccc1)c1cscn1
O=C(NCC(Oc1ccc2c(cnn2-c2ccccc2)c1)c1ccccc1)c1csc2ccccc12
O=C(NCC(Oc1ccc2c(cnn2-c2cccc(N3CCNC3=O)n2)c1)c1ccc2c(c1)OCCO2)c1c[nH]cn1
O=C(NCC(Oc1ccc2c(cnn2-c2nccs2)c1)c1ccc2c(c1)CCO2)c1cncnc1
O=C(NCC(Oc1ccc2c(cnn2-c2cc3cn[nH]c3cn2)c1)c1ccccc1)c1cncnc1
O=C(NCC(Oc1ccc2c(cnn2-c2cc(-c3ncn[nH]3)ccn2)c1)c1ccc2c(c1)OCCO2)c1ccco1
O=C(NCC(Oc1ccc2c(cnn2-c2cc3c(cn2)CC2(CCO2)C3)c1)c1ccc2c(c1)OCCO2)c1ccccc1
c1cc(N2CCCC2)nc(-n2ncc3cc(OCc4ccc5c(c4)OCCO5)ccc32)c1
O=C(NCC(Oc1ccc2c(cnn2-c2cncc(-n3ncc4ccccc43)c2)c1)c1ccccc1)C1CCC1
N=c1[nH]ccc2cc(NC(=O)CCc3ccc4c(ccn4-c4ccccc4)c3)ccc12
O=C(NCC(Oc1ccc2c(cnn2-c2cc3c(cn2)CN(Cc2ccn[nH]2)CC3)c1)c1ccc2c(c1)OCCO2)c1ccccc1
O=C(NCC(Oc1ccc2c(cnn2-c2ncnc3ccccc23)c1)c1ccncc1)C1CC1
O=C(NCC(Oc1ccc2c(cnn2-c2cccc(N3CCOCC3)n2)c1)c1ccc2c(c1)COC2)c1cnc[nH]1
O=C(NC(CCNCC(Oc1ccc2c(cnn2-c2ccsc2)c1)c1cccnc1)Cc1ccccc1)c1ccc2[nH]ncc2c1
O=C(NCC(Oc1ccc2c(cnn2-c2cc(-c3ccccc3)n[nH]2)c1)c1ccccc1)C1CCCCC1
O=C(NCC(Oc1ccc2c(cnn2-c2nccc3cnccc23)c1)c1ccccc1)c1ccon1
O=C(NCC(Oc1ccc2c(cnn2-c2ccc3nsnc3c2)c1)c1ccc2c(c1)OCCO2)C1CCCN1
O=C(NCC(Oc1ccc2c(cnn2-c2ccccc2-c2ncon2)c1)c1ccccn1)C1CCC1
O=C(NCC(Oc1ccc2c(cnn2-c2cnc3[nH]cnc3c2)c1)c1ccc2c(c1)OCCO2)C1CCC1
O=C(NCC(Oc1ccc2c(cnn2-c2nnco2)c1)c1ccccc1)c1ncn2cccnc12
O=C(NCC(Oc1ccc2c(cnn2-c2ccc3c(c2)CCC3)c1)c1ccc2c(c1)OCCO2)c1ccncc1
O=C(NCC(Oc1ccc2c(cnn2-c2ccc(-n3ccnc3)cn2)c1)c1ccc2c(c1)OCCO2)c1ccccc1
O=C(Cc1cccc2ccccc12)NCC(Oc1ccc2c(cnn2-c2cnn(-c3ncccn3)c2)c1)c1ccccc1
O=C(NCC(Oc1ccc2c(cnn2-c2ccncn2)c1)c1ccc2c(c1)OCCN2)C1CCOC1
O=C(NCC(Oc1ccc2c(cnn2-c2cnccn2)c1)c1ccc2c(c1)OCCO2)C1CCOCC1
c1ccc(CN2CCOc3cc(COc4ccc5c(cnn5-c5cnco5)c4)ccc32)cc1
O=C(NCC(Oc1ccc2c(cnn2-c2ncnc3c2cnn3C2CC2)c1)c1ccccc1)c1cnc[nH]1
O=C(NCC(Oc1ccc2c(cnn2-c2ccccn2)c1)c1ccc2c(c1)CCO2)c1ccncc1
c1ccc(-c2ccc3c(c2)CCc2cnn(-c4cccc5cccnc45)c2-3)nc1
O=C(NCC(Oc1ccc2c(cnn2-c2ccn[nH]2)c1)c1ccccc1)c1cccnn1
O=C(NCC(Oc1ccc2c(cnn2-c2nccc(-c3ccno3)n2)c1)c1ccc2c(c1)OCCO2)C1CCCNC1
O=C(NCC(Oc1ccc2c(cnn2-c2nccn3ccnc23)c1)c1ccc2c(c1)OCCO2)c1ccncc1
O=C(NCC(Oc1ccc2c(cnn2-c2ccc(N3CCOCC3)nn2)c1)c1ccnc2ccccc12)c1ccco1
O=C(NCC(Oc1ccc2c(cnn2-c2ccc3cnccc3n2)c1)c1ccc2c(c1)OCCO2)c1ccccc1
O=C(NCC(Oc1ccc2c(cnn2-c2cc[nH]c(=NC3CCOCC3)n2)c1)c1ccc2c(c1)OCCO2)c1ncon1
O=C(NCC(Oc1ccc2c(cnn2-c2ccccc2)c1)c1ccc2c(c1)OCCO2)c1cnc2ccccn2c1=O
O=C(NCC(Oc1ccc2c(cnn2-c2cccc3cc[nH]c23)c1)c1ccc2c(c1)CCO2)c1cnccn1
c1ccc(-c2ccccc2)cc1
O=C(NCC(Oc1ccc2c(cnn2-c2cc(C3CC3)ncn2)c1)c1ccccc1)c1cncs1
O=C(NCC(Oc1ccc2c(cnn2-c2ccccc2)c1)c1ccc2c(c1)CCO2)c1cnoc1
O=C(NCC(Oc1cnc2c(cnn2-c2ccccn2)c1)c1ccc2c(c1)OCCO2)c1ccccc1
O=C(COc1ccccc1)NCC(Oc1ccc2c(cnn2-c2ccc3ccnn3c2)c1)c1ccc2c(c1)CCC2
O=C(NCC(Oc1ccc2c(cnn2-c2ccccc2-c2cn[nH]c2)c1)c1ccc2c(c1)OCCO2)C1CCOC1
O=C(NCC(Oc1ccc2c(cnn2-c2ccc(-c3cc[nH]n3)cn2)c1)c1ccccc1)c1n[nH]c2ccncc12
O=C(NCC(Oc1ccc2c(cnn2-c2cnc3c(c2)CCNC3=O)c1)c1ccccc1)c1ccccc1
O=C(NCC(Oc1ccc2c(cnn2-c2cncc(C(=O)N3CCCC3)c2)c1)c1ccccc1)c1ccn2ccnc2n1
O=C(NCC(Oc1ccc2c(cnn2-c2ccc3nccn3c2)c1)c1ccccc1)C1CCNCC1
O=C(NCC(Oc1ccc2c(cnn2-c2ccccc2)c1)c1ccc2c(c1)OCCCO2)c1cnccn1
O=C(NCC(Oc1ccc2c(cnn2-c2cc3c(cn2)CCC3)c1)c1ccc2c(c1)OCCO2)c1ccccc1
O=C(NCC(Oc1cnc2c(cnn2-c2cnccn2)c1)c1ccccn1)c1cccc2cn[nH]c12
O=C(NCC(Oc1ccc2c(cnn2-c2ncnc3c2CCCC3)c1)c1ccc2c(c1)OCCO2)c1ccnc2ccccc12
O=C(NCC(Oc1ccc2c(cnn2-c2cnc3[nH]ccc3c2)c1)c1ccc2c(c1)OCCN2)C1CCCCC1
O=C(NCC1CCC1)c1cccc(-n2ncc3cc(OCc4ccc5c(c4)OCCO5)ccc32)c1
O=C(NCC(Oc1ccc2c(cnn2-c2nc3cnccc3o2)c1)c1ccc2c(c1)OCCCO2)c1cccc2c1CCCC2
O=C(NCC(Oc1ccc2c(cnn2-c2cccc(-c3ncno3)c2)c1)c1ccc2c(c1)OCCO2)c1cnccn1
O=C(NCC(Oc1ccc2c(cnn2-c2nccc3[nH]ncc23)c1)c1ccc2ccccc2c1)c1cn[nH]c1
O=C(NCC(Oc1ccc2c(cnn2-c2cc3cc[nH]c3cn2)c1)c1cccnc1)c1cn[nH]c1
c1cnn(-c2ccc(-n3ncc4cc(OCc5ccsc5)ccc43)cn2)c1
N=c1[nH]onc1-n1ncc2cc(OC(CNC(=O)Cn3ccccc3=O)c3ccc4c(c3)OCCO4)ccc21
c1cc(-c2ccc3[nH]ncc3c2)cc(-n2ncc3cc(OCc4ccc5c(c4)OCCO5)ccc32)c1
O=C(NCC(Oc1ccc2c(cnn2-c2ccccc2-c2nc[nH]n2)c1)c1ccc2c(c1)OCCO2)c1ccn[nH]1
O=C(Cn1cc2ccccc2n1)NCC(Oc1ccc2c(cnn2-c2ccn3ccnc3c2)c1)c1ccc2c(c1)OCCO2
O=C(C1CC1)N1CCOc2cc(COc3ccc4c(cnn4-c4coc5ccccc5c4=O)c3)ccc21
O=C(NCC(Oc1ccc2c(cnn2-c2ccccc2)c1)c1ncc[nH]1)c1cc[nH]n1
O=C(NCC(Oc1ccc2c(cnn2-c2cn[nH]c2)c1)c1ccncc1)C1(c2ccccc2)CCC1
O=C(NCC(Oc1ccc2c(cnn2-c2cc3c(cn2)Cc2ccccc2-3)c1)c1ccc2c(c1)OCCO2)c1cccnc1
O=C(NCC(Oc1ccc2c(cnn2-c2cccnn2)c1)c1ccccc1)c1cccnc1
O=C(NCC(Oc1ccc2c(cnn2-c2ccnc(N3CCNCC3)n2)c1)c1ccc2c(c1)OCCO2)c1ccn[nH]1
O=C(NCC(Oc1ccc2c(cnn2-c2ccccc2-c2ncccn2)c1)c1ccccc1)c1nccs1
O=C(NCC(Oc1ccc2c(cnn2-c2c[nH]nn2)c1)c1ccc2c(c1)OCC2)c1ccno1
c1cc(-n2ncc3ccccc32)cc(-n2ncc3cc(OC(c4cnc[nH]4)c4cnc[nH]4)ccc32)c1
O=C(NCC(Oc1ccc2c(cnn2-c2ncnc3c2CCN3c2ccccc2)c1)c1ccccc1)C1CCCOC1
O=C(NCC(Oc1ccc2c(cnn2-c2cn[nH]c2)c1)c1ccc2c(c1)OCCO2)c1cnco1
O=c1c(-c2ccnnc2)c[nH]n1-c1ccc2oc(-c3ccccc3)nc2c1
O=C(NCC(Oc1ccc2c(cnn2-c2cnc3sccn23)c1)c1ccc2c(c1)CCC2)c1cnc2ccccn12
O=C(NCC(Oc1ccc2c(cnn2-c2cc3c(cn2)CN(C2CCCC2)CC3)c1)c1ccc2c(c1)OCCO2)c1cn[nH]c1
O=C(NCCn1ccc2ccccc21)C1CNCCC1c1ccccc1
O=C(NCC(Oc1ccc2c(cnn2-c2cnc3ccccn23)c1)c1ccc2c(c1)OCCCO2)c1ccccc1
O=C(NCC(Oc1ccc2c(cnn2-c2nccc3c2CNC3)c1)c1ccc2[nH]ccc2c1)c1ccsc1
O=C(Cc1ccc(Oc2ccccn2)cc1)NCC(Oc1ccc2c(cnn2-c2cn[nH]c2)c1)c1ccc2c(c1)OCCO2
N=c1cccc(-n2ncc3cc(OC(CNC(=O)C4CNC4)c4ccc5c(c4)OCCO5)ccc32)[nH]1
O=C(NCC(Oc1ccc2c(cnn2-c2cnc3[nH]c(=O)[nH]c3n2)c1)c1ccc2c(c1)CCCO2)c1cnco1
O=C(NCC(Oc1ccc2c(cnn2-c2ccccc2)c1)c1ccccc1)c1cccc2[nH]ncc12
O=C(Cc1ccccc1)NCC(Oc1ccc2c(cnn2-c2cnn(-c3ccncc3)c2)c1)c1ccc2c(c1)OCCO2
O=C(NCC(Oc1ccc2c(cnn2-c2nccc3c2CNCC3)c1)c1ccc2c(c1)OCCO2)c1cscn1
O=C(NCC(Oc1ccc2c(cnn2-c2ccccc2)c1)c1ccc2c(c1)OCCCO2)c1cc[nH]n1
O=C(NCC(Oc1ccc2c(cnn2-c2nccc(C3CC3)n2)c1)c1ccc2c(c1)OCCO2)c1cccc2cccnc12
O=C(NCC(Oc1ccc2c(cnn2-c2cccc(-n3ccnn3)c2)c1)c1ccccc1)c1ccc2c(N3CCOCC3)ncn2c1
O=C(C1CCOC1)N1CCOc2cc(COc3ccc4c(cnn4-c4cncnc4)c3)ccc21
O=C(NCC(Oc1ccc2c(cnn2-c2cc(CN3CCCC3)ncn2)c1)c1ccccc1)c1ccn[nH]1
c1coc(-c2cncc(-n3ncc4cc(OCc5ccc6c(c5)OCCO6)ccc43)c2)c1
O=C(NCC(Oc1ccc2c(cnn2-c2ccc3[nH]cnc3c2)c1)c1ccncc1)c1ccn[nH]1
O=C(NCC(Oc1ccc2c(cnn2-c2nccnc2-c2ncco2)c1)c1ccccc1)c1cocn1
O=C(NCC(Oc1ccc2c(cnn2-c2ccccc2)c1)c1ccc2c(c1)CCC2)c1ccco1
O=C(NCC(Oc1ccc2c(cnn2-c2ccc3cc[nH]c3c2)c1)c1ccc2ccccc2c1)c1ccn[nH]1
O=C(NCC(Oc1ccc2c(cnn2-c2cccc(C3CC3)n2)c1)c1ccc2ccncc2c1)c1cscn1
c1ccccc1
O=C(NCC(Oc1ccc2c(cnn2-c2cncc(N3CCCC3)n2)c1)c1cccc2ccccc12)C1CCOC1
O=C(NCC(Oc1ccc2c(cnn2-c2nccc3[nH]cnc23)c1)c1ccc2c(c1)OCCO2)C1CCCCC1
O=C(NCC(Oc1ccc2c(cnn2-c2ncc3ccccc3n2)c1)c1ccccc1)c1cnc[nH]1
c1cc2c(cnn2-c2cc3n(c2)CNCC3)cc1OC(c1ccc2c(c1)CC2)C1CC1
O=C(NCC(Oc1ccc2c(cnn2-c2ncno2)c1)c1ccc2c(c1)OCCO2)c1cncnc1
O=C(Cc1ccsc1)NCC(Oc1ccc2c(cnn2-c2cccnn2)c1)c1ccc2c(c1)OCCO2
O=C(NCC(Oc1ccc2c(cnn2-c2ccccn2)c1)c1ccc2c(c1)CCO2)c1cnccn1
O=C(NCC(Oc1ccc2c(cnn2-c2nccc3c2CNCC3)c1)c1ccc2c(c1)OCCO2)c1ccccc1
O=C(NCC(Oc1ccc2c(cnn2-c2cn(Cc3ccccc3)nn2)c1)c1ccc2c(c1)OCCO2)c1nnco1
O=C(NCC(Oc1ccc2c(cnn2-c2cccc(C3CC3)n2)c1)c1ccc2c(c1)OCCCO2)c1cnccn1
O=C(NCC(Oc1ccc2c(cnn2-c2cccnc2)c1)c1ccc2c(c1)OCCO2)c1cnoc1
O=C(NCC(Oc1ccc2c(cnn2-c2ccccc2)c1)c1ccc2c(c1)OCCCO2)c1cnccn1
O=C(NCC(Oc1ccc2c(cnn2-c2cnc(-c3cnco3)nn2)c1)c1ccccc1)C1CCCOC1
O=C(NCC(Oc1ccc2c(cnn2-c2ccccc2)c1)c1cccnc1)c1cccnn1
O=C(NCC(Oc1ccc2c(cnn2-c2ccccc2-c2ncon2)c1)c1ccc2c(c1)OCCO2)c1ccncc1
O=C(CCc1ccccc1)NCC(Oc1ccc2c(cnn2-c2cncnc2)c1)c1ccc2c(c1)CCO2
O=C(Cc1ccccc1)NCC(Oc1ccc2c(cnn2-c2c[nH]nn2)c1)c1ccc2c(c1)OCCO2
O=C(NCC(Oc1ccc2c(cnn2-c2cnc3cccnc3c2)c1)c1ccc2c(c1)CCC2)c1ccccc1
O=C(NCC(Oc1ccc2c(cnn2-c2cncc(-c3cnn(C4CC4)c3)c2)c1)c1ccc2c(c1)OCCO2)c1ccon1
O=C(NCC(Oc1ccc2c(cnn2-c2ccccn2)c1)c1ccccc1)c1ccno1
O=C(NCC(Oc1ccc2c(cnn2-c2ccccc2-c2ncon2)c1)c1ccccc1)c1ccccn1
O=C(NCC(Oc1ccc2c(cnn2-c2ncnc3ccncc23)c1)c1ccc2c(c1)CCC2)c1cscn1
O=C(NCC(Oc1ccc2c(cnn2-c2ccc3c(c2)OCCO3)c1)c1ccco1)c1cnoc1
O=C(NCC(Oc1ccc2c(cnn2-c2ccncc2-c2ccccn2)c1)c1ccc2c(c1)OCCO2)c1ccccc1
O=C(NCC(Oc1ccc2c(cnn2-c2nccc3c2CCC(c2cccnc2)O3)c1)c1ccc2c(c1)OCCO2)c1ccccc1
O=C(NCC(Oc1ccc2c(cnn2-c2cnc3[nH]ncc3c2)c1)c1ccc2c(c1)OCCCO2)C1CCCCC1
O=C(NCC(Oc1ccc2c(cnn2-c2nccc(N3CCNCC3)n2)c1)c1ccc2c(c1)OCCCO2)c1cccnc1
O=C(NCC(Oc1ccc2c(cnn2-c2nnc(-c3ccccc3)o2)c1)c1ccncc1)c1csc2ccccc12
O=C(NCC(Oc1ccc2c(cnn2-c2cc3cnccc3cn2)c1)c1ccc2c(c1)CCNC2)c1ccncc1
O=C(NCC(Oc1ccc2c(cnn2-c2csc(-c3ncco3)n2)c1)c1ccc2c(c1)OCCO2)c1cnco1
O=C(NCC(Oc1ccc2c(cnn2-c2ccc(-c3ccccc3)cc2)c1)c1ccc2c(c1)OCCO2)c1cnco1
O=C(NCC(Oc1ccc2c(cnn2-c2ccc[nH]2)c1)c1ccccn1)c1ccccc1
O=C(NCC(Oc1ccc2c(cnn2-c2ccc(-c3ncc[nH]3)cc2)c1)c1ccc2c(c1)CCC2)c1ccccc1
O=C(NCC(Oc1ccc2c(cnn2-c2nccc3[nH]ncc23)c1)c1ccc2c(c1)CCC2)C1CCCN1S(=O)(=O)c1cccc2cnccc12
O=C(NCC(Oc1ccc2c(cnn2-c2ccc3cn[nH]c3c2)c1)c1ccc2c(c1)OCCC2)c1cscn1
O=S1(=O)CCN(c2cc(N3CCOCC3)[nH]c(=NCc3cncnc3)n2)CC1
O=C(NCC(Oc1ccc2c(cnn2-c2nccc3c2cnn3-c2ccccc2)c1)c1ccccc1)c1cscn1
O=C(NCC(Oc1ccc2c(cnn2-c2ccccc2-n2cccn2)c1)c1ccc2c(c1)OCCO2)c1nncc2ccccc12
O=C(NCC(Oc1ccc2c(cnn2-c2cncs2)c1)c1ccc2c(c1)OCCCO2)c1csnn1
O=C(NCC(Oc1ccc2c(cnn2-c2cccc(-c3c[nH]c4cnccc34)n2)c1)c1ccc2c(c1)OCCO2)c1ccncc1
O=C(NCC(Oc1ccc2c(cnn2-c2cn(-c3cn[nH]c3)cn2)c1)c1ccccc1)c1cccnc1
O=C(NCC(Oc1ccc2c(cnn2-c2nnn[nH]2)c1)c1ccc2ccccc2c1)c1cocn1
O=C(NCC(Oc1ccc2c(cnn2-c2ccccn2)c1)c1ccncc1)C1c2ccccc2Oc2ccccc21
O=C(NCC(Oc1ccc2c(cnn2-c2c[nH]c(C3CC3)n2)c1)c1ccc2c(c1)OCCO2)c1ccno1
O=C(Cc1ccccc1)NCC(Oc1ccc2c(cnn2-c2ccncc2)c1)c1ccc2c(c1)OCCO2
O=C(NCC(Oc1ccc2c(cnn2-c2cccnn2)c1)c1ccc2c(c1)CCC2)C1CCc2ccccc2C1
O=C(CCN1CCCc2ccccc21)NCC(Oc1ccc2c(cnn2-c2ccc3cccnc3n2)c1)c1ccc2c(c1)OCCO2
O=C(NCC(Oc1ccc2c(cnn2-c2cccc(-c3ccncc3)c2)c1)c1ccc2c(c1)OCCO2)c1ccoc1
O=C(NCC(Oc1ccc2c(cnn2-c2cccc3cn[nH]c23)c1)c1ccc2c(c1)CNCC2)c1ccn[nH]1
O=C(NCC(Oc1ccc2c(cnn2-c2nccc(-c3cnoc3)n2)c1)c1ccc2c(c1)CCC2)c1cnc[nH]1
O=C(NCC(Oc1ccc2c(cnn2-c2cnc3c(cnn3C3CC3)c2)c1)c1ccc2c(c1)OCCO2)c1ccccc1
O=C(NCC(Oc1ccc2c(cnn2-c2ncnc3c2CCCC3)c1)c1ccccn1)c1nccs1
O=C(CSc1nnc(-c2ccncc2)n1-c1ccccc1)Nc1cccs1
O=C(NCC(Oc1ccc2c(cnn2-c2nc(-c3ccncn3)cc(=O)[nH]2)c1)c1ccc2c(c1)OCCO2)c1cnco1
O=C(NCC(Oc1ccc2c(cnn2-c2ccnc(N3CCC3)n2)c1)c1ccccc1)C1CCCCC1
O=C(NCC(Oc1ccc2c(cnn2-c2cccc(C3CCC3)n2)c1)c1ccccc1)c1cc[nH]n1
O=C(NCC(Oc1ccc2c(cnn2-c2cccc(-c3c[nH]nn3)c2)c1)c1ccccc1)C1CCC1
O=C(NCC(Oc1ccc2c(cnn2-c2ccc(CN3CCCCC3)nc2)c1)c1ccccc1)c1ccn[nH]1
O=C(NCC(Oc1ccc2c(cnn2-c2nccs2)c1)c1ccc2c(c1)OCCCO2)c1cc[nH]n1
c1cc(-n2ccnc2)cc(-n2ncc3cc(OCc4ccc5c(c4)OCCCO5)ccc32)c1
O=C(NCC(Oc1ccc2c(cnn2-c2ccn[nH]2)c1)c1ccc2c(c1)CCC2)c1nccc2ccccc12
N=c1[nH]cc(C(=O)NCC(Oc2ccc3c(cnn3-c3ncnc4ccsc34)c2)c2ccccc2)s1
O=C(CCc1ccccc1)NCC(Oc1ccc2c(cnn2-c2nnc(-c3ccco3)s2)c1)c1ccc2c(c1)OCC2
O=C(NCC(Oc1ccc2c(cnn2-c2cnc3cnccc3c2)c1)c1ccccc1)c1ccno1
O=C(NCC(Oc1ccc2c(cnn2-c2nccc3c2CCN(Cc2cncnc2)C3)c1)c1ccc2c(c1)CCC2)c1ccco1
O=C(NCC(Oc1ccc2c(cnn2-c2cnccn2)c1)c1ccccc1)C1CCCC1c1ccoc1
O=C(NCC(Oc1ccc2c(cnn2-c2c[nH]cn2)c1)c1ccccc1)c1cncnc1
O=C(NCC(Oc1ccc2c(cnn2-c2nccc3cnnn23)c1)c1ccc2c(c1)OCCO2)c1ccncc1
O=C(NCC(Oc1ccc2c(cnn2-c2cnc3ncnn3c2)c1)c1ccccc1)c1cnoc1
O=C(NCC(Oc1ccc2c(cnn2-c2cc3sncc3cn2)c1)c1ccc2c(c1)OCCO2)c1ccncc1
O=C(NCC(Oc1ccc2c(cnn2-c2nnco2)c1)c1ccccc1)C1CCCN1
N=c1[nH]cc(C(=O)NCC(Oc2ccc3c(cnn3-c3cnc4ccccc4c3)c2)c2ccccc2)s1
O=C(NCC(Oc1ccc2c(cnn2-c2nccc(N3CCNCC3)n2)c1)c1ccccc1)c1cnc[nH]1
O=C(NCC(Oc1ccc2c(cnn2-c2cn[nH]c2)c1)c1ccccc1)c1nnco1
O=C(NCC(Oc1ccc2c(cnn2-c2ncccn2)c1)c1ccc2c(c1)OCCO2)C1CCC1
O=C(NCC(Oc1ccc2c(cnn2-c2nccc3ccncc23)c1)c1ccc2c(c1)CCC2)c1ccccn1
O=C(NCC(Oc1ccc2c(cnn2-c2cnc3[nH]cnc3c2)c1)c1ccc2ccccc2c1)c1ccc2ccncc2n1
O=C(NCC(Oc1ccc2c(cnn2-c2cc3c(cn2)CCC3)c1)c1ccsc1)c1ncns1
O=C(NCC(Oc1ccc2c(cnn2-c2cnc3ncccc3c2)c1)c1ccc2c(c1)OCCO2)c1nncc2cnccc12
O=C(NCC(Oc1ccc2c(cnn2-c2ccccc2N2CCCCC2)c1)c1ccc2c(c1)OCCO2)c1ncn2c1CCC2
O=C(NCC(Oc1ccc2c(cnn2-c2cnccn2)c1)c1ccc2c(c1)OCCO2)c1nccs1
O=C(NCC(Oc1ccc2c(cnn2-c2ccccc2-c2ncco2)c1)c1ccccc1)c1cscn1
O=C(NCC(Oc1ccc2c(cnn2-c2ccc3nc[nH]c3c2)c1)c1ccc2ccccc2c1)c1csnn1
O=C(NCC(Oc1ccc2c(cnn2-c2ccc3cc[nH]c3c2)c1)c1ccc2c(c1)CCCO2)c1ccncc1
O=C(NCC(Oc1ccc2c(cnn2-c2ccn3cnnc3c2)c1)c1ccccc1)c1ccc2c(c1)OCCO2
O=C(NCC(Oc1ccc2c(cnn2-c2c[nH]cn2)c1)c1ccc2c(c1)OCCO2)c1cccnc1
O=C(NCC(Oc1ccc2c(cnn2-c2c3c(nn2-c2ccccc2)CCCC3)c1)c1ccccc1)c1ccco1
O=C(NCC(Oc1ccc2c(cnn2-c2ccc3cnncc3c2)c1)c1ccccc1)c1cncs1
O=C(NCC(Oc1ccc2c(cnn2-c2ccncn2)c1)c1ccc2c(c1)OCCO2)c1cccc2n[nH]cc12
O=C(CCc1ccc2c(c1)OCCO2)NCC(Oc1ccc2c(cnn2-c2cnc3ccccn23)c1)c1ccc2c(c1)OCCO2
c1ccc(-n2ncc3c(-n4ncc5cc(OCc6ccc7c(c6)OCCO7)ccc54)cccc32)cc1
O=C(NCC(Oc1ccc2c(cnn2-c2ncccn2)c1)c1ccc2c(c1)OCCO2)c1ccnnc1
O=C(NCC(Oc1ccc2c(cnn2-c2cccc(-n3ccnc3)c2)c1)c1ccccc1)C1CCCCN1
O=C(NCC(Oc1ccc2c(cnn2-c2cccnc2)c1)c1ccc2c(c1)OCCO2)c1cnco1
O=C1C=C2C(CCC3C(C(=O)CSc4nc5ccccc5s4)CCC23)CC1=O
O=C(NCC(Oc1ccc2c(cnn2-c2cc3c(cn2)CN(C(=O)C2CCCO2)CC3)c1)c1ccc2c(c1)OCCO2)c1ccccc1
O=C(NCC(Oc1ccc2c(cnn2-c2nccc3c2CNCC3)c1)c1ccccc1)c1cnoc1
O=C(NC1CCc2c(c(=O)[nH]c3cccc(-c4ccccc4)c23)C1)c1ccoc1
O=S(=O)(NCC(Oc1ccc2c(cnn2-c2cccnn2)c1)c1ccc2c(c1)OCCO2)C1CC1
O=C(NCC(Oc1ccc2c(cnn2-c2ncnc3c2CCCC3)c1)c1ccccc1)c1nsc2ccccc12
O=C(NCC(Oc1ccc2c(cnn2-c2ccccn2)c1)c1ccc2c(c1)OCCO2)c1cn(-c2ccccc2)nn1
O=C(NCC(Oc1ccc2c(cnn2-c2cnc3cnc(-c4cncs4)cn23)c1)c1ccc2c(c1)OCCO2)C1CCC1
O=C(NCC(Oc1ccc2c(cnn2-c2ccc(-n3ccnc3)cn2)c1)c1ccc2c(c1)OCCCO2)C1CCOCC1
O=C(NCC(Oc1ccc2c(cnn2-c2ccc3c(c2)OCCO3)c1)c1ccc2c(c1)OCCO2)c1cncc2ccccc12
O=C(NCC(Oc1ccc2c(cnn2-c2cnc3ncncc3c2)c1)c1ccc2c(c1)OCCO2)c1cnoc1
O=C(NCC(Oc1ccc2c(cnn2-c2cccnc2)c1)c1ccc2c(c1)OCCCO2)c1ccc2ccccc2n1
c1cncc(COc2ccc3c(cnn3-c3ncc(-c4cn[nH]c4)nn3)c2)c1
c1ccc(CNCC(Oc2ccc3c(cnn3-c3cnc4n[nH]cc4c3)c2)c2ccccc2)cc1
O=C(CCc1ccccc1)NCC(Oc1ccc2c(cnn2-c2ccc3[nH]ccc3c2)c1)c1ccc2c(c1)OCCO2
O=C(Cc1ccccc1)NCC(Oc1ccc2c(cnn2-c2ccncn2)c1)c1ccc2c(c1)OCCO2
O=C(NCC(Oc1ccc2c(cnn2-c2cc(-c3ccn[nH]3)n[nH]2)c1)c1ccc2c(c1)OCCO2)C1CCC1
O=C(NCC(Oc1ccc2c(cnn2-c2cnc3nc(N4CCOCC4)ncc3c2)c1)c1ccc2c(c1)OCCO2)C1CC1
O=C(Cc1cc2ccccc2cn1)NCC(Oc1ccc2c(cnn2-c2cncc(-c3ccsc3)c2)c1)c1ccc2c(c1)CCO2
O=C(NCC(Oc1ccc2c(cnn2-c2ccccc2-c2cncnc2)c1)c1ccc2c(c1)OCCO2)c1coc2ccccc12
O=C(NCC(Oc1cc2cnn(-c3cncc4ccccc34)c2cn1)c1ccc2c(c1)OCCO2)c1cnn2cccnc12
O=C(NCC(Oc1ccc2c(cnn2-c2ccon2)c1)c1ccccc1)c1cscn1
O=C(NCC(Oc1ccc2c(cnn2-c2cc3ccccc3cn2)c1)c1ccc2c(c1)OCCO2)c1ccccc1
O=C(NCC(Oc1ccc2c(cnn2-c2cccc3cnccc23)c1)c1ccc2c(c1)CCCO2)C1COCCO1
O=C(CCc1ccccc1)NCC(Oc1ccc2c(cnn2-c2ccccc2CN2CCCC2)c1)c1ccc2c(c1)OCCO2
O=C(NCC(Oc1ccc2c(cnn2-c2cccc(-n3cccn3)c2)c1)c1ccccc1)C1CCC1
O=C(NCC(Oc1ccc2c(cnn2-c2ccc3ncncc3c2)c1)c1ccccc1)c1ncc[nH]1
O=C(NCC(Oc1ccc2c(cnn2-c2nc3ccncc3[nH]2)c1)c1ccc2c(c1)OCCCO2)C1CCCCC1
N=c1cc2cnn(-c3ccno3)c2ccc1OCc1ccccc1
O=C(NCC(Oc1ccc2c(cnn2-c2nccc(=O)[nH]2)c1)c1ccccc1)c1cncs1
O=C(NCC(Oc1ccc2c(cnn2-c2cnc3[nH]nnc3c2)c1)c1ccc2c(c1)OCCO2)c1cscn1
O=C(NCC(Oc1ccc2c(cnn2-c2nccc3c2CNC3)c1)c1ccc2c(c1)CCC2)C1COc2ccccc2O1
O=C(NCC(Oc1ccc2c(cnn2-c2ncccc2-c2ccn[nH]2)c1)c1ccccc1)c1ccno1
O=C(NCC(Oc1ccc2c(cnn2-c2ccc3nc[nH]c3c2)c1)c1ccc2c(c1)OCCO2)c1ccccc1
O=C(Cc1cccs1)NCC(Oc1ccc2c(cnn2-c2ncccn2)c1)c1ccc2c(c1)OCCCO2
O=C(NCC(Oc1ccc2c(cnn2-c2cccnn2)c1)c1ccc2c(c1)OCCO2)c1cnoc1
O=C(Cc1ccncc1)NCC(Oc1ccc2c(cnn2-c2ccccc2-c2ccn[nH]2)c1)c1ccc2c(c1)OCCO2
O=C(NCC(Oc1ccc2c(cnn2-c2cscn2)c1)c1ccc2c(c1)OCCO2)c1cnoc1
O=C(C1CC1)N1CCOc2cc(COc3ccc4c(cnn4-c4cc[nH]n4)c3)ccc21
O=C(NCC(Oc1ccc2c(cnn2-c2cccc(-c3ccncn3)c2)c1)c1ccc2c(c1)OCCO2)c1cnccn1
O=C(NCC(Oc1ccc2c(cnn2-c2ccccc2-c2ccon2)c1)c1ccc2c(c1)OCCO2)c1cccc2cnccc12
O=C(NCC(Oc1ccc2c(cnn2-c2cc3ccccc3cn2)c1)c1ccc2c(c1)OCCO2)c1ccsc1
O=C(NCC(Oc1ccc2c(cnn2-c2nnco2)c1)c1ccn[nH]1)c1cc2cnccc2o1
O=C(NCC(Oc1ccc2c(cnn2-c2ccc3nccn3c2)c1)c1ccc2c(c1)CCO2)C1CCC1
O=C(NCC(Oc1ccc2c(cnn2-c2nccc3c2CNC3=O)c1)c1ccc2c(c1)OCCO2)c1ccccc1
O=C(NCC(Oc1ccc2c(cnn2-c2nccnc2C2CC2)c1)c1ccccn1)c1ccoc1
O=C(NCC(Oc1ccc2c(cnn2-c2[nH]ncc2-c2nncc3cnccc23)c1)c1ccncc1)c1ccn[nH]1
O=C(NCC(Oc1ccc2c(cnn2-c2cccc(-c3cncn3C3CNC3)c2)c1)c1ccccc1)c1cnc2ccccn12
O=C(NCC(Oc1ccc2c(cnn2-c2nccc3c2CCNC3)c1)c1ccc2c(c1)CCC2)c1cnoc1
O=C(NCC(Oc1ccc2c(cnn2-c2nc3ccccc3[nH]2)c1)c1ccc2c(c1)OCCO2)c1cccs1
O=C(NCC(Oc1ccc2c(cnn2-c2cnc3[nH]ncc3n2)c1)c1ccc2c(c1)OCCO2)c1coc2ccccc12
c1ncc(-n2ncc3cc(OCc4ccc5nccnc5c4)ccc32)cn1
O=C(CNc1ccccc1)NCC(Oc1ccc2c(cnn2-c2cccc(N3CCOCC3)n2)c1)c1ccc2c(c1)OCCO2
N=c1nc(-n2ncc3cc(OC(CNC(=O)c4cnn(C5CCCCC5)c4)c4ccccc4)ccc32)[nH]o1
O=C(NCC(Oc1ccc2c(cnn2-c2ccccc2)c1)c1ccc2c(c1)OCCCO2)C1CCCCC1
c1ccc(COc2ccc3c(cnn3-c3nnc(C4CC4)o3)c2)cc1
O=C(NCC(Oc1ccc2c(cnn2-c2ccccc2-c2cnccn2)c1)c1ccccc1)c1nnco1
O=C(NCC(Oc1ccc2c(cnn2-c2cc3cnccc3nn2)c1)c1ccccc1)c1cncs1
O=C(NCC(Oc1ccc2c(cnn2-c2cccc(-c3ccco3)c2)c1)c1ccc2c(c1)OCCO2)C1CCC1
O=C(NCC(Oc1ccc2c(cnn2-c2cn[nH]c2)c1)c1ccccc1)c1cccs1
O=C(NCC(Oc1ccc2c(cnn2-c2ccc3[nH]cnc3c2)c1)c1ccc2ncccc2c1)C1CC1
c1ccc(-n2nccc2-n2ncc3cc(OCc4ccc5c(c4)OCCCO5)ccc32)cc1
O=C(NCC(Oc1ccc2c(cnn2-c2c[nH]c3ccccc23)c1)c1ccc2c(c1)OCCN2)C1CCCCC1
c1ccc(-n2ncc3cc(OCc4ccnc(-c5c[nH]c6ncccc56)c4)ccc32)cc1
O=C(NCC(Oc1ccc2c(cnn2-c2nc(C3CC3)c[nH]2)c1)c1ccccc1)c1cocn1
O=C(NCC(Oc1ccc2c(cnn2-c2cc[nH]c(=Nc3cn[nH]c3)n2)c1)c1ccc2c(c1)CCO2)c1ncc[nH]1
O=C(NCC(Oc1ccc2c(cnn2-c2ccccc2-c2nn[nH]n2)c1)c1ccccc1)c1ccccn1
c1cc2c(cc1COc1ccc3c(cnn3-c3cnnc4c3CCN4C3CCCCC3)c1)OCCO2
C1=C2CCCC(c3ccccc3)C2Cc2cnn(-c3cc[nH]n3)c21
O=C(NCC(Oc1ccc2c(cnn2-c2nccnc2-c2cn[nH]c2)c1)c1ccccc1)c1ncns1
O=C(NCC(Oc1ccc2c(cnn2-c2cccc3[nH]c(=O)[nH]c23)c1)c1ccc2c(c1)OCC2)c1cccc2cccnc12
O=C(CCCc1cccs1)NCC(Oc1ccc2c(cnn2-c2cccnn2)c1)c1ccc2c(c1)OCCCO2
O=C(NC1(C(=O)NCC(Oc2ccc3c(cnn3-c3ccccn3)c2)c2ccccc2)CCCCC1)c1cnco1
O=C(NCC(Oc1ccc2c(cnn2-c2cccc(N3CCNCC3)n2)c1)c1ccc2c(c1)CCC2)c1coc2ccccc12
O=C(NCC(Oc1ccc2c(cnn2-c2cc3c(ccc4n[nH]cc43)cn2)c1)c1ccc2c(c1)OCCO2)c1cccc2cnccc12
O=C(CCc1ccccc1)NCC(Oc1ccc2c(cnn2-c2ccccc2)c1)c1ccc2c(c1)OCCO2
O=C(CCc1cccs1)NCC(Oc1ccc2c(cnn2-c2nnco2)c1)c1ccc2c(c1)OCCO2
O=C(NCC(Oc1ccc2c(cnn2-c2nccc3occc23)c1)c1ccc2c(c1)OCCO2)c1cnco1
O=C(NCC(Oc1ccc2c(cnn2-c2ccnc(N3CCCC3)n2)c1)c1ccccn1)c1ccncc1
O=C(NCC(Oc1ccc2c(cnn2-c2cc3ccccc3cn2)c1)c1ccc2c(c1)OCCO2)c1cccnc1
O=C1NCCc2cc(-n3ncc4cc(OC(CNC(=O)c5csc6ccccc56)c5ccc6c(c5)CCNC6)ccc43)cnc21
O=C(NCC(Oc1ccc2c(cnn2-c2ccnn2-c2ccccc2)c1)c1ccccc1)c1ccccc1
O=C(Cc1cccc2ccccc12)NCC(Oc1ccc2c(cnn2-c2ccc3ncnn3c2)c1)c1ccc2c(c1)OCCO2
c1ccc(Oc2cccc(-c3nc(CN4CCc5ccccc54)co3)c2)cc1
O=C(NCC(Oc1ccc2c(cnn2-c2cccc3cccnc23)c1)c1ccc2c(c1)CCO2)c1cnn2cccnc12
O=C(NCC(Oc1ccc2c(cnn2-c2nc(=O)[nH]c3c2CCN(Cc2ccoc2)C3)c1)c1ccccc1)c1[nH]nc2c1CCCC2
O=C(NCC(Oc1ccc2c(cnn2-c2cc3ccncc3cn2)c1)c1cccnc1)c1nsc2c1CCC2
O=C(NCC(Oc1ccc2c(cnn2-c2cccnn2)c1)c1ccc2[nH]cnc2c1)C1CC1
O=C1CCC(C(=O)NCC(Oc2ccc3c(cnn3-c3nn[nH]n3)c2)c2ccc3ncsc3c2)CC1
O=C(NCC(Oc1ccc2c(cnn2-c2cc3cnccc3cn2)c1)c1ccccc1)c1nc[nH]n1
O=C(NCC(Oc1ccc2c(cnn2-c2c[nH]cn2)c1)c1ccc2c(c1)OCCO2)c1nc2ccccc2s1
O=C(NCC(Oc1ccc2c(cnn2-c2cccc(N3CCOCC3)n2)c1)c1ccccc1)c1nnc[nH]1
O=C(NCC(Oc1ccc2c(cnn2-c2nccc3c(-c4ccno4)csc23)c1)c1ccc2c(c1)OCCO2)c1ncc[nH]1
O=C(Cc1c[nH]c2ccccc12)NCC(Oc1ccc2c(cnn2-c2cccc3[nH]ncc23)c1)c1ccc2c(c1)OCCO2
O=C(NCC(Oc1ccc2c(cnn2-c2ncns2)c1)c1ccccc1)c1cccs1
O=C(NCC(Oc1ccc2c(cnn2-c2cn[nH]c2)c1)c1ccc2c(c1)OCCCO2)C1CCCCC1
O=C(NCC(Oc1ccc2c(cnn2-c2nccc(N3CCOCC3)n2)c1)c1ccc2c(c1)OCCCO2)c1cccnc1
O=C(NCC(Oc1ccc2c(cnn2-c2nccc3c2CNC3)c1)c1ccc2c(c1)OCCO2)c1ccccn1
O=C(NCC(Oc1ccc2c(cnn2-c2ccccn2)c1)c1ccc2c(c1)OCCCO2)c1ccno1
O=C(NCC(Oc1ccc2c(cnn2-c2ccccc2-c2ccn[nH]2)c1)c1ccc2c(c1)OCCO2)c1cnoc1
O=C(COc1ccccc1)NCC(Oc1ccc2c(cnn2-c2cccnn2)c1)c1cccnc1
O=C(NCC(Oc1ccc2c(cnn2-c2nc3cccnc3[nH]2)c1)c1ccccc1)c1cccc2cnccc12
O=C(NCC(Oc1ccc2c(cnn2-c2cncnc2)c1)c1ccc2c(c1)OCCCO2)c1cccnc1
c1ccc(-n2cncn2)c(NCc2ccnc(-n3ccnc3)c2)c1
O=C(NCC(Oc1ccc2c(cnn2-c2ncnc3c[nH]c(=O)cc23)c1)c1ccc2c(c1)OCCCO2)c1c[nH]cn1
O=C(NCC(Oc1ccc2c(cnn2-c2ccccn2)c1)c1ccc2c(c1)OCCO2)c1cccnc1
O=C(NCC(Oc1ccc2c(cnn2-c2n[nH]c3ccccc23)c1)c1ccc2c(c1)OCCCO2)c1ccccc1
O=C(NCC(Oc1ccc2c(cnn2-c2ccc3[nH]ncc3c2)c1)c1ccccc1)c1cccs1
O=C(NCC(Oc1ccc2c(cnn2-c2ccon2)c1)c1ccccc1)c1ccsc1
O=C(NCC(Oc1ccc2c(cnn2-c2cccc3c2CCNC3)c1)c1ccc2occc2c1)c1ccncc1
c1cc(-c2ccnn2C2CCOCC2)cc(-n2ncc3cc(OCc4ccc5c(c4)OCCO5)ccc32)c1
O=C(NCC(Oc1ccc2c(cnn2-c2ccccn2)c1)c1ccc2c(c1)CCC2)C1CCCN1C(=O)Cc1cn[nH]c1
O=C(NCC(Oc1ccc2c(cnn2-c2cn(Cc3ccccc3)nn2)c1)c1ccc2c(c1)OCCCO2)c1ccccc1
O=C(NCC(Oc1ccc2c(cnn2-c2ccnc3ccnn23)c1)c1ccc2c(c1)OCCO2)C1CCC1
O=C(Cc1ccccc1)NCC(Oc1ccc2c(cnn2-c2cccnn2)c1)c1ccc2c(c1)OCC2
O=C(Cc1cncnc1)NCC(Oc1ccc2c(cnn2-c2nncc3ccccc23)c1)c1ccccc1
O=C(NCC(Oc1ccc2c(cnn2-c2ccc3c(cnn3-c3ccccc3)c2)c1)c1ccc2c(c1)OCCO2)c1cnn(-c2ccccc2)c1
O=C(NCC(Oc1ccc2c(cnn2-c2ccc3c[nH]nc3c2)c1)c1ccc2c(c1)OCCO2)c1ccccc1
O=C(NCC(Oc1ccc2c(cnn2-c2cccc3[nH]ccc23)c1)c1ccc2c(c1)OCCO2)c1ccccn1
O=C(NCC(Oc1ccc2c(cnn2-c2cccc3cccnc23)c1)c1ccc2c(c1)OCCO2)c1cc2cnccc2[nH]1
O=C(NCC(Oc1ccc2c(cnn2-c2ccn[nH]2)c1)c1ccccc1)c1ccccc1
O=C(NCC(Oc1ccc2c(cnn2-c2ccccc2)c1)c1ccc2c(c1)OCCO2)c1conc1-c1ccccc1
O=C(NCC(Oc1ccc2c(cnn2-c2cncc3c2NCCC3)c1)c1ccccc1)c1sccc1-n1cccn1
O=C(NCC(Oc1ccc2c(cnn2-c2ccccn2)c1)c1ccc2ccccc2c1)c1ccccc1
O=C(NCC(Oc1ccc2c(cnn2-c2ccc3ccccc3n2)c1)c1ccc2c(c1)OCCO2)C1CCCc2ccccc21
O=C(NCC(Oc1ccc2c(cnn2-c2n[nH]c3ccncc23)c1)c1cccnc1)c1ccccc1
O=C(NCC(Oc1ccc2c(cnn2-c2n[nH]c3ccsc3c2=O)c1)c1ccc2c(c1)OCCO2)C1CCC1
c1cnnc(-n2ncc3cc(OC(c4ccc5[nH]ccc5c4)C4CCCCC4)ccc32)c1
O=C(NCC(Oc1ccc2c(cnn2-c2cn[nH]c2-c2cnccn2)c1)c1ccccc1)c1cn[nH]c1
O=C(Cc1ccccc1)NCC(Oc1ccc2c(cnn2-c2ccnn2-c2cccnc2)c1)c1ccco1
O=C(NCC(Oc1ccc2c(cnn2-c2cscn2)c1)c1ccc2c(c1)OCCO2)c1cnccn1
O=C(NCC(Oc1ccc2c(cnn2-c2ccccc2)c1)c1ccc2c(c1)CCC2)c1ccno1
O=C1COc2cc(C(=O)NCC(Oc3ccc4c(cnn4-c4cn[nH]c4)c3)c3ccc4c(c3)OCCO4)ccc2N1
O=C(Cc1ccco1)NCC(Oc1ccc2c(cnn2-c2cc(-c3ccccn3)ccn2)c1)c1ccc2c(c1)OCCO2
O=C(Cc1ccccc1)NCC(Oc1ccc2c(cnn2-c2cnc3n(c2=O)CCCC3)c1)c1ccc2c(c1)OCCCO2
O=C(NCC(Oc1ccc2c(cnn2-c2ncnc3ccsc23)c1)c1ccc2c(c1)SCCO2)c1ccccc1
c1ccc2nc(-n3ncc4cc(OCc5ccc6c(c5)OCCO6)ccc43)ccc2c1
O=C(NCC(Oc1ccc2c(cnn2-c2nc3ccccc3o2)c1)c1ccccn1)c1ncc[nH]1
O=C(NCC(Oc1ccc2c(cnn2-c2cc3c(cn2)CNCC3)c1)c1ccc2c(c1)OCCCO2)c1ccco1
O=C(NCC(Oc1ccc2c(cnn2-c2ccc3[nH]ccc3c2)c1)c1ccc2c(c1)CCC2)C1CC1
O=C(NCC(Oc1ccc2c(cnn2-c2ccc3c(c2)CCN(Cc2ccoc2)C3)c1)c1ccc2c(c1)OCCO2)C1CCC1
O=C(NCC(Oc1ccc2c(cnn2-c2ccon2)c1)c1ccc2ccccc2c1)c1cc[nH]n1
O=C(NCC(Oc1ccc2c(cnn2-c2cccc(N3CCOCC3)n2)c1)c1ccccc1)c1cnn2c1CCCC2
N=c1[nH]oc2ccc(-n3ncc4cc(OC(CNC(=O)C5CCCN5C(=O)OCc5ccccc5)c5ccc6c(c5)OCCCO6)ccc43)cc12
O=C(NCC(Oc1ccc2c(cnn2-c2ccccn2)c1)c1ccc2c(c1)OCCCO2)c1cccs1
O=C(NCC(Oc1ccc2c(cnn2-c2nccs2)c1)c1ccc2c(c1)OCC2)c1cccnc1
O=C(NCC(Oc1ccc2c(cnn2-c2ccc3cccnc3c2)c1)c1ccc2c(c1)OCCCO2)c1ccncc1
O=C(NCC(Oc1ccc2c(cnn2-c2ccnc3cccnc23)c1)c1ccccc1)c1cnco1
O=C(NCC(Oc1ccc2c(cnn2-c2cnc3c(cnn3-c3ccccc3)c2)c1)c1ccc2ccsc2c1)c1ccon1
O=C(NCC(Oc1ccc2c(cnn2-c2ncccn2)c1)c1ccccc1)c1cnc(-n2cccn2)s1
c1nc2cnc(-n3ncc4cc(OCc5ccc6c(c5)OCCO6)ccc43)cc2[nH]1
O=C(Cc1ccccc1)NCC(Oc1ccc2c(cnn2-c2cc3ccccc3cn2)c1)c1ccc2c(c1)OCCO2
O=C(NCC(Oc1ccc2c(cnn2-c2ccc3[nH]cnc3c2)c1)c1ccc2c(c1)OCCO2)c1cccc2nc[nH]c12
O=C(NCC(Oc1ccc2c(cnn2-c2cc(-c3cnn(CC4CCCOC4)c3)ncn2)c1)c1ccc2c(c1)OCCO2)c1ccn[nH]1
O=C(CCc1ccccc1)NCC(Oc1ccc2c(cnn2-c2nncc3ccccc23)c1)c1ccccc1
O=C(NCC(Oc1ccc2c(cnn2-c2csc(-n3cccn3)n2)c1)c1ccc2c(c1)CCO2)c1ccccc1
O=C(NCC(Oc1ccc2c(cnn2-c2ccccc2-c2ncccn2)c1)c1ccc2c(c1)OCCO2)c1cnccn1
O=C(NCC(Oc1ccc2c(cnn2-c2cnc3ccnn3c2)c1)c1ccccc1)C1COC1
O=C(NCC(Oc1ccc2c(cnn2-c2ccc3[nH]ccc3c2)c1)c1ccc2c(c1)OCCO2)c1cnn2cccnc12
O=C(NCC(Oc1ccc2c(cnn2-c2ccccc2)c1)c1ccccc1)c1cccs1
O=C(NCC(Oc1ccc2c(cnn2-c2ccnc3ccccc23)c1)c1ccc2c(c1)OCCO2)C1CCCCC1
O=C(NCC(Oc1ccc2c(cnn2-c2cnc3c(cnn3C3CCC3)c2)c1)c1ccc2c(c1)OCCC2)c1cnco1
O=C(NCC(Oc1ccc2c(cnn2-c2ccnc(-c3ccccc3)c2)c1)c1ccc2c(c1)OCCO2)c1cnc2ccccn12
O=C(NCC(Oc1ccc2c(cnn2-c2cn[nH]c2)c1)c1ccccc1)c1c[nH]cn1
c1cncc(CN2CCOc3cc(COc4ccc5c(cnn5-c5ccn[nH]5)c4)ccc32)c1
O=C(NCC(Oc1ccc2c(cnn2-c2noc(-c3ccccn3)n2)c1)c1ccccc1)c1ccno1
O=C(NCC(Oc1ccc2c(cnn2-c2cc3ccccc3cn2)c1)c1ccc2c(c1)CCC2)C1CCCC1
O=C(NC1CCOCC1)c1cccc(-n2ncc3cc(OC(CNC(=O)C4c5ccccc5Oc5ccccc54)c4ccc5c(c4)OCCO5)ccc32)c1
O=C(NCC(Oc1ccc2c(cnn2-c2cccc3ccncc23)c1)c1ccc2ccc3c(c2c1)CCC3)c1cccn2cccc12
N=c1ccc(-n2ncc3cc(OC(CNC(=O)c4cscn4)c4ccc5c(c4)OCCO5)ccc32)c[nH]1
O=C(NCC(Oc1ccc2c(cnn2-c2cnn(CC3CC3)c2)c1)c1ccc2c(c1)OCCO2)c1ccncc1
O=C(NCC(Oc1ccc2c(cnn2-c2nnn[nH]2)c1)c1ccccc1)c1cnoc1
O=C(NCC(Oc1ccc2c(cnn2-c2nccc3cncnc23)c1)c1ccc2c(c1)OCCCO2)c1cc[nH]n1
O=C(NCC(Oc1ccc2c(cnn2-c2cnc3nn[nH]c3n2)c1)c1ccc2c(c1)OCCO2)c1cccnc1
O=C(NCC(Oc1ccc2c(cnn2-c2ccccc2)c1)c1ccc2c(c1)OCCO2)c1cnccn1
O=C(NCC(Oc1ccc2c(cnn2-c2ccc3c(c2)CCC3)c1)c1ccccc1)c1ncc(-c2ccccn2)s1
O=C(NCC(Oc1ccc2c(cnn2-c2cccnn2)c1)c1ccccc1)C12CCC(CC1)C2
O=C1C(=Cc2ccsc2)CCCCC12C1=Cc3c(cnn3-c3ccccc3)CC2(Cc2nccs2)CCC1
O=C(NCCc1cn(C2CCCCO2)nn1)Nc1cccc(-c2cccnc2)c1
O=C(Cc1cccc2[nH]ccc12)NCC(Oc1ccc2c(cnn2-c2cncc(-n3ccnn3)c2)c1)c1ccccc1
O=C(Cc1ccccc1)NCC(Oc1ccc2c(cnn2-c2ccc3c(c2)CCN3)c1)c1ccccc1
O=C(NCC(Oc1ccc2c(cnn2-c2cnn(-c3cncnc3)c2)c1)c1ccc2c(c1)OCCO2)C1CC1
O=C(NCC(Oc1ccc2c(cnn2-c2ccccn2)c1)c1ccccc1)c1cscn1
O=C(NCC(Oc1ccc2c(cnn2-c2cn(-c3ccncn3)cn2)c1)c1ccc2c(c1)OCCO2)c1ccncc1
O=C(NCC(Oc1ccc2c(cnn2-c2cncc(-c3cccnc3)c2)c1)c1ccc2c(c1)OCCO2)c1cscn1
c1ccc(-n2ncc3cc(OCc4ccc5c(c4)CCC5N4CCCCC4)ccc32)cc1
O=C(NCC(Oc1ccc2c(cnn2-c2ccncn2)c1)c1ccccc1)c1cccnc1
O=C(NCC(Oc1ccc2c(cnn2-c2ccccc2-c2ncccn2)c1)c1ccc2c(c1)OCCO2)c1ccccc1
O=C(NCC(Oc1ccc2c(cnn2-c2nccc3c2CCN(C(=O)c2ccsc2)C3)c1)c1ccc2c(c1)OCCO2)c1ccccn1
O=C(NCC(Oc1ccc2c(cnn2-c2cccc3c2cnn3-c2ccccc2)c1)c1ccc2c(c1)CCN2C1CCOCC1)c1ccoc1
O=C(NCC(Oc1ccc2c(cnn2-c2cccc(C3CC3)n2)c1)c1ccccc1)c1cnn2ncccc12
O=C(NCC(Oc1ccc2c(cnn2-c2ccccc2)c1)c1ccc2c(c1)OCCO2)c1c[nH]cn1
O=C(NCC(Oc1ccc2c(cnn2-c2cnn(-c3ccncc3)c2)c1)c1ccc2c(c1)OCCO2)c1ccno1
O=C(NCC(Oc1ccc2c(cnn2-c2cccnc2)c1)c1ccccc1)c1ccc(N2CCOCC2)nn1
O=C(NCC(Oc1ccc2c(cnn2-c2noc(C3CC3)n2)c1)c1ccc2ncccc2c1)c1ccc2c(c1)OCCO2
O=C(NCC(Oc1ccc2c(cnn2-c2cccc3ccccc23)c1)c1ccccc1)C1CCCN1
O=C(NCC(Oc1ccc2c(cnn2-c2cccc(-n3ncc4ccccc4c3=O)c2)c1)c1ccccc1)c1cccc2c1NCC2
O=C(NCC(Oc1ccc2c(cnn2-c2cc3c(cn2)C(=O)NCC3)c1)c1cnccn1)c1ccccc1
O=C(COc1ccccc1)NCC(Oc1ccc2c(cnn2-c2cn[nH]c2)c1)c1ccc2c(c1)OCCO2
O=C(NCC(Oc1ccc2c(cnn2-c2ncnc3cc[nH]c23)c1)c1ccc2c(c1)OCCO2)c1cccnc1
O=C(NCC(Oc1ccc2c(cnn2-c2ccccc2-c2ncccn2)c1)c1ccc2c(c1)OCCO2)c1cnoc1
O=C(NCC(Oc1ccc2c(cnn2-c2cc[nH]c(=Nc3cncnc3)n2)c1)c1ccccc1)c1n[nH]c2ccccc12
O=C(NCC(Oc1ccc2c(cnn2-c2ccc(-n3cncn3)cc2)c1)c1ccc2c(c1)OCCO2)c1ccncc1
c1ccc(-c2nc(-c3ccn[nH]3)no2)cc1
O=C(NCC(Oc1ccc2c(cnn2-c2ccc3ccncc3c2)c1)c1ccc2c(c1)OCCO2)c1cn2ccccc2n1
O=C(NCC(Oc1ccc2c(cnn2-c2c[nH]nn2)c1)c1ccc2c(c1)CCC2)c1ccccc1
O=C(NCC(Oc1ccc2c(cnn2-c2cc3c(cn2)CNCC3)c1)c1ccccc1)c1cnc2[nH]ccc2c1
O=C(NCC(Oc1ccc2c(cnn2-c2ncc3nncn3n2)c1)c1ccccc1)c1cn[nH]c1
O=C(NCC(Oc1ccc2c(cnn2-c2cncc(-c3cnn(C4CC4)c3)c2)c1)c1ccc2c(c1)OCCO2)c1cnoc1
c1ccc(OCCc2cocc2COc2ccc3c(cnn3-c3ccccc3)c2)cc1
O=C(NCC(Oc1ccc2c(cnn2-c2nccs2)c1)c1ccc2c(c1)OCCO2)c1cccnc1
O=C(NCC(Oc1ccc2c(cnn2-c2ncnc3[nH]cnc23)c1)c1ccc2c(c1)OCCCO2)c1ccccc1
c1ccc(-c2nccnc2-c2ccc(-c3nc4ccccc4[nH]3)cc2)nc1
O=C(NCC(Oc1ccc2c(cnn2-c2cccc(-c3cn[nH]c3)n2)c1)c1ccc2c(c1)OCCO2)c1ccncc1
c1ccc(-c2cc(-n3ncc4cc(OC(c5ccc6c(c5)OCCN6)C5CC5)ccc43)cnn2)cc1
O=C(NCC(Oc1ccc2c(cnn2-c2ncn(-c3ccccc3)n2)c1)c1ccccc1)c1cn[nH]c1
O=C(NCC(Oc1ccc2c(cnn2-c2ccc(=O)[nH]c2)c1)c1ccc2c(c1)OCCO2)c1ccc(-c2cncnc2)o1
O=C(NCC(Oc1ccc2c(cnn2-c2ncc3ccccc3n2)c1)c1ccc2ccccc2c1)c1cccnn1
O=C(NCC(Oc1ccc2c(cnn2-c2cccc(N3CCNCC3)n2)c1)c1ccc2c(c1)OCCO2)c1cccnn1
O=C(NCC(Oc1ccc2c(cnn2-c2ncnc3c2CCCC3)c1)c1ccccc1)c1cc[nH]n1
c1cnc2cc(-n3ncc4cc(OCc5ccc6c(c5)OCCO6)ccc43)ccc2c1
O=C(NCC(Oc1ccc2c(cnn2-c2cccc3nccnc23)c1)c1ccc2c(c1)OCCO2)C1CCCNC1
O=C(NCC(Oc1ccc2c(cnn2-c2cccc(-n3cncn3)n2)c1)c1ccc2c(c1)OCCO2)c1cccnc1
O=C(NCC(Oc1ccc2c(cnn2-c2ccccc2-c2ccnn2C2CNC2)c1)c1ccc2c(c1)OCCO2)c1ccn[nH]1
O=C(NCC(Oc1ccc2c(cnn2-c2cnccn2)c1)c1ccc2c(c1)OCCO2)c1cnccn1
O=C(Cc1ccccc1)NCC(Oc1ccc2c(cnn2-c2ccc3[nH]ncc3c2)c1)c1ccc2c(c1)OCCO2
O=C(CC(Oc1ccc2c(cnn2-c2ccnc3cccnc23)c1)c1ccc2c(c1)OCC2)N1CCCC1
O=C(NC(CCNC(=O)c1cc2ccccc2[nH]1)CC1CCCCC1)c1cnc2ccccc2c1
O=C(NCC(Oc1ccc2c(cnn2-c2ccccc2-c2nc[nH]n2)c1)c1ccccc1)c1ccccc1
O=C(NCC(Oc1ccc2c(cnn2-c2ccco2)c1)c1ccccc1)c1cccnc1Oc1cccnc1
O=C(CCCc1ccccc1)NCC(Oc1ccc2c(cnn2-c2cccc3cc(N4CCC4)cnc23)c1)c1ccc2c(c1)OCCO2
O=C(NCC(Oc1ccc2c(cnn2-c2ncnc3c2CCCC3)c1)c1ccccn1)c1nnco1
O=C(NCC(Oc1ccc2c(cnn2-c2cc3occc3cn2)c1)c1ccccc1)c1cc[nH]n1
O=C(NCC(Oc1ccc2c(cnn2-c2ccccn2)c1)c1ccc2c(c1)CCC2)C1CCCNC1
O=C(NCC(Oc1ccc2c(cnn2-c2nccc3[nH]ccc23)c1)c1ccc2c(c1)CCO2)c1ccon1
O=C(NCC(Oc1ccc2c(cnn2-c2nncc3ccncc23)c1)c1ccccc1)c1ccccc1
O=C(NCC(Oc1ccc2c(cnn2-c2nnco2)c1)c1ccccc1)C1CCCCC1
O=C(CCc1ccccc1)NCC(Oc1cnc2c(cnn2-c2cccc3cncnc23)c1)c1ccc2c(c1)OCCCO2
O=C(NCC(Oc1ccc2c(cnn2-c2nccc3ccccc23)c1)c1ccc2c(c1)OCCO2)c1ncccc2cccc1-2
O=C(NCC(Oc1ccc2c(cnn2-c2cc3n(n2)CCNC3)c1)c1ccccc1)C1CCC1
N=c1nc(-n2ncc3cc(OC(CNC(=O)c4cccnc4)c4ccc5ccccc5c4)ccc32)cc[nH]1
O=C(NCC(Oc1ccc2c(cnn2-c2ccccc2-c2nc[nH]n2)c1)c1ccc2c(c1)OCCO2)c1cnc[nH]1
O=C(NCC(Oc1ccc2c(cnn2-c2ccn[nH]2)c1)c1ccc2c(c1)OCCCO2)c1ccccc1
O=C(NCC(Oc1ccc2c(cnn2-c2cccc(-c3cn[nH]c3)c2)c1)c1ccccc1)c1ncc2ccccn12
O=C(NCC(Oc1ccc2c(cnn2-c2ccc3[nH]ccc3c2)c1)c1ccccc1)c1ccsc1
O=C(NCC(Oc1ccc2c(cnn2-c2ccc(-n3cccn3)cc2)c1)c1ccc2c(c1)OCCO2)c1cccs1
O=C(NCC(Oc1ccc2c(cnn2-c2ccnc3ccccc23)c1)c1ccc2c(c1)OCCO2)c1cnc(-c2ccncc2)s1
c1nc(-n2ncc3cc(OCc4ccc5c(c4)OCCN5C4CCOCC4)ccc32)c[nH]1
O=C(CCCN1CCOCC1)NCC(Oc1ccc2c(cnn2-c2cccc(-n3ncc4ccccc43)c2)c1)c1ccc2c(c1)OCCO2
N=c1nc[nH]c2ncc(-n3ncc4cc(OC(CNC(=O)c5ccccc5)c5cccnc5)ccc43)cc12
O=C(NCC(Oc1ccc2c(cnn2-c2cnc3nccnc3c2)c1)c1ccc2c(c1)CCC2)c1cn[nH]c1
O=C(NCC(Oc1ccc2c(cnn2-c2ccccc2)c1)c1ccccc1)c1csnn1
O=C(NCC(Oc1ccc2c(cnn2-c2ccccn2)c1)c1ccc2c(c1)OCCO2)c1cccc2cccnc12
O=C(NCC(Oc1ccc2c(cnn2-c2cccc(N3CCCOCC3)n2)c1)c1ccc2c(c1)OCCO2)c1ccn[nH]1
O=C(NCC(Oc1ccc2c(cnn2-c2ccncn2)c1)c1ccccc1)c1ccco1
O=C(NCC(Oc1ccc2c(cnn2-c2ccc3ccnn3c2)c1)c1ccc2c(c1)OCCO2)C1COCCO1
O=C(NCC(Oc1ccc2c(cnn2-c2ccc3c(c2)CCN(Cc2ccncc2)C3)c1)c1ccccc1)c1ccc(-n2cnnc2)cc1
O=C(NCC(Oc1ccc2c(cnn2-c2cnc3ccccc3c2)c1)c1ccc2c(c1)OCCO2)C1C=CCNC1
O=C(NCC(Oc1ccc2c(cnn2-c2ccnc(C3CC3)n2)c1)c1ccccc1)c1cnoc1
O=C(Cc1ccccc1)NCC(Oc1ccc2c(cnn2-c2ccccc2-c2ncco2)c1)c1ccc2c(c1)OCCO2
O=C(NCC(Oc1ccc2c(cnn2-c2cccnc2)c1)c1ccc2c(c1)OCCO2)c1csc2ccccc12
O=C(NCC(Oc1ccc2c(cnn2-c2ncnc3[nH]ccc23)c1)c1ccc2c(c1)CCO2)c1n[nH]c2c1CCCC2
O=C(Cc1cccs1)NCC(Oc1ccc2c(cnn2-c2ccnn2-c2ccc3c(c2)OCCO3)c1)c1ccc2c(c1)OCCO2
O=C(NCC(Oc1ccc2c(cnn2-c2nc(N3CCOCC3)cc3[nH]ncc23)c1)c1ccc2c(c1)OCCO2)C1CCC1
O=C(NCC(Oc1ccc2c(cnn2-c2ccc(-n3cncn3)nc2)c1)c1ccc2ccccc2c1)c1ccccc1
O=C(NCC(Oc1ccc2c(cnn2-c2cccnn2)c1)c1ccc2c(c1)OCCO2)c1ccc2ncccc2c1
O=S(=O)(NCC(Oc1ccc2c(cnn2-c2cn(-c3ccn[nH]3)nn2)c1)c1ccccc1)c1cnoc1
O=C(NCC(Oc1cnc2c(cnn2-c2ccccc2-c2cccs2)c1)c1ccccc1)c1cnns1
O=C(NCC(Oc1ccc2c(cnn2-c2ccc(-n3ccnc3)cn2)c1)c1ccc2c(c1)OCCCO2)c1ccccc1
O=C(NCC(Oc1ccc2c(cnn2-c2ccccc2-n2nccn2)c1)c1ccccc1)c1ccco1
O=C(NCC(Oc1ccc2c(cnn2-c2cccnc2)c1)c1ccc2c(c1)OCCCO2)c1ccno1
O=C(NCC(Oc1ccc2c(cnn2-c2cnccn2)c1)c1ccc2c(c1)OCCO2)c1cncs1
O=C(NCC(Oc1ccc2c(cnn2-c2cn[nH]c2)c1)c1ccc2c(c1)OCCO2)C1CCCN1C(=O)c1cn[nH]c1
O=C(NCC(Oc1ccc2c(cnn2-c2cc3ccc(C4CC4)cc3cn2)c1)c1ccccn1)C1CCOCC1
O=C(NCC(Oc1ccc2c(cnn2-c2nccc3c2CCN(C(=O)c2ccccc2)C3)c1)c1ccc2c(c1)OCCO2)c1cncs1
O=C(NCC(Oc1ccc2c(cnn2-c2ccccc2-c2ccncn2)c1)c1cccnc1)c1ccccn1
O=C(NCC(Oc1ccc2c(cnn2-c2nc[nH]n2)c1)c1ccccn1)c1cocn1
O=C(NCC(Oc1ccc2c(cnn2-c2cncc3ncccc23)c1)c1ccc2c(c1)CCC2)c1cnccn1
O=C(NCC(Oc1ccc2c(cnn2-c2ncnc3c2ncn3C2CCCO2)c1)c1ccccc1)c1nc[nH]n1
O=C(CCCc1ccccc1)NCC(Oc1ccc2c(cnn2-c2cn[nH]c2)c1)c1ccccc1
O=C(CCCc1cccnc1)NCC(Oc1ccc2c(cnn2-c2cnn(C3CCOCC3)c2)c1)c1ccc2c(c1)OCCCO2
O=C(NCC(Oc1ccc2c(cnn2-c2cccc(-n3ncc4cccnc4c3=O)c2)c1)c1ccc2c(c1)OCCO2)c1cnoc1
O=C(NCC(Oc1ccc2c(cnn2-c2ncnc3c2CCC3)c1)c1ccc2c(c1)OCCCO2)c1csc2ccccc12
O=C(NCC(Oc1ccc2c(cnn2-c2cccc(N3CCOCC3)n2)c1)c1ccc2c(c1)CCO2)c1ccn[nH]1
O=C(NCC(Oc1ccc2c(cnn2-c2cc[nH]n2)c1)c1ccc2c(c1)OCCO2)c1cccc2ccccc12
O=C(NCC(Oc1ccc2c(cnn2-c2ncnc3cc[nH]c23)c1)c1ccccc1)c1ccn[nH]1
O=S(=O)(NCC(Oc1ccc2c(cnn2-c2ncccn2)c1)c1ccc2c(c1)OCCO2)C1CC1
C1=C2CCCC(CCSc3nccs3)C2Cc2cnn(-c3ccccc3)c21
O=C(NCC(Oc1ccc2c(cnn2-c2ccccc2)c1)c1ccc2occc2c1)c1cnoc1
O=C(NCC(Oc1ccc2c(cnn2-c2cccc3[nH]ncc23)c1)c1cnccn1)c1nnc2ccccn12
O=C(NCC(Oc1ccc2c(cnn2-c2ncc3ccccc3n2)c1)c1ccc2c(c1)OCCO2)c1cnoc1
O=S(=O)(Nc1cncc(-n2ncc3cc(OCc4ccc5c(c4)COC5)ccc32)c1)c1cnccn1
O=C(NCC(Oc1ccc2c(cnn2-c2cnc3ccncc3n2)c1)c1ccc2ccccc2c1)c1ccn[nH]1
O=C(NCC(Oc1ccc2c(cnn2-c2cncc3ccccc23)c1)c1ccc2c(c1)OCCCO2)c1cnc2ccccn12
N=c1nc(-n2ncc3cc(OC(CNC(=O)c4ncns4)c4ccccc4)ccc32)cc[nH]1
O=C(NCC(Oc1ccc2c(cnn2-c2cccc(-n3cccn3)c2)c1)c1ccc2c(c1)OCCO2)c1cc2ccccc2cn1
O=C(NCC(Oc1ccc2c(cnn2-c2cnccn2)c1)c1ccc2c(c1)OCCCO2)c1ccccc1
O=C(CCc1ccccc1)NCC(Oc1ccc2c(cnn2-c2nccc3c2cnn3-c2ccccn2)c1)c1ccc2c(c1)OCCO2
O=C(NCC(Oc1ccc2c(cnn2-c2nccc3c2CCN(Cc2ccccc2)C3)c1)c1ccc2c(c1)OCCO2)c1cnn2cccnc12
O=C(NCC(Oc1ccc2c(cnn2-c2cnc3cnccn23)c1)c1ccc2c(c1)OCCO2)c1nccc2ccccc12
O=C(NCC(Oc1ccc2c(cnn2-c2cncc3[nH]ncc23)c1)c1ccc2c(c1)OCCC2)C1CCC1
O=C(NCC(Oc1ccc2c(cnn2-c2nccc3c2CCNCC3)c1)c1ccc2c(c1)OCCCO2)c1ccccc1
O=C(NCC(Oc1ccc2c(cnn2-c2cc3ncccc3cn2)c1)c1ccccc1)c1cccs1
O=C(NCC(Oc1ccc2c(cnn2-c2ccc(-n3cccn3)cc2)c1)c1ccc2c(c1)OCCO2)c1ccoc1
O=C(NCC(Oc1ccc2c(cnn2-c2cnc3ncncc3n2)c1)c1ccc2c(c1)OCCO2)c1ccn[nH]1
O=C(NCC(Oc1ccc2c(cnn2-c2cnc3[nH]ncc3c2)c1)c1ccccc1)c1cccnn1
c1ccc(COc2ccc3c(cnn3-c3nccc(N4CCCC4)n3)c2)cc1
O=C(NCC(Oc1ccc2c(cnn2-c2cnc3c(cnn3C3CCC3)c2)c1)c1ccccc1)c1cnccn1
O=C(NCC(Oc1ccc2c(cnn2-c2ccnn2-c2ccccc2)c1)c1ccccc1)c1cnns1
O=C(NCC(Oc1ccc2c(cnn2-c2nccc3[nH]ncc23)c1)c1ccc2c(c1)OCCCO2)c1cccnc1
O=C(NCC(Oc1ccc2c(cnn2-c2cnc3ccccc3n2)c1)c1cccnc1)C1CCOC1
O=C(NCC(Oc1ccc2c(cnn2-c2ncnc3c2ncn3Cc2cccnc2)c1)c1ccccc1)c1cccnc1
O=C(NCC(Oc1ccc2c(cnn2-c2nc3ccccc3[nH]2)c1)c1ccccc1)c1ccco1
O=C(Cc1ccccn1)NCC(Oc1ccc2c(cnn2-c2cccnn2)c1)c1ccc2c(c1)OCCO2
c1ccc(COc2ccc3c(cnn3-c3nnc4n3N=C(c3ccccc3)C(c3ccccc3)C4)c2)cc1
O=C(NCC(Oc1ccc2c(cnn2-c2cnc3nccnc3c2)c1)c1ccc2c(c1)CCC2)c1cnco1
O=C(NCC(Oc1ccc2c(cnn2-c2cccc3cnccc23)c1)c1ccc2c(c1)OCCCO2)C1Cc2[nH]c3ccccc3c2C1
O=C(NCC(Oc1ccc2c(cnn2-c2c[nH]cn2)c1)c1ccccc1)c1cocn1
O=C(NCC(Oc1ccc2c(cnn2-c2ccccc2-c2ncc[nH]2)c1)c1ccccc1)c1ccno1
O=C(NCC(Oc1ccc2c(cnn2-c2ccccc2)c1)c1ccc2c(c1)OCCO2)c1ccoc1
O=C(NCC(Oc1ccc2c(cnn2-c2ncnc3c2CCCC3)c1)c1ccc2c(c1)CCC2)c1cnoc1
O=C(NCC(Oc1ccc2c(cnn2-c2cncc(-n3cccn3)c2)c1)c1ccncc1)c1nccs1
O=C(NCC(Oc1ccc2c(cnn2-c2ccccc2)c1)c1ccco1)c1ccccc1
O=C(NCC(Oc1ccc2c(cnn2-c2nccc3ncncc23)c1)c1ccc2c(c1)OCCO2)c1cccs1
O=C(NCC(Oc1ccc2c(cnn2-c2ccccc2-n2nccn2)c1)c1ccc2c(c1)OCCO2)c1cnc2ccccn12
O=C(NCC(Oc1ccc2c(cnn2-c2cn(Cc3ccccc3)nn2)c1)c1ccc2c(c1)OCCC2)c1nccc2ccccc12
O=C(NCC(Oc1ccc2c(cnn2-c2cnc3ncnn3c2)c1)c1ccc2c(c1)OCCO2)c1cccc2nccnc12
O=C(NCC(Oc1ccc2c(cnn2-c2ccccc2)c1)c1ccc2c(c1)OCCCO2)c1cc2ccccc2o1
O=C(NCC(Oc1ccc2c(cnn2-c2ncncc2-c2ccn[nH]2)c1)c1ccc2c(c1)OCCO2)c1ccon1
O=C1C=C2CC3CCCCC3C2CC1
O=C(NCC(Oc1ccc2c(cnn2-c2cc3cncnc3[nH]2)c1)c1ccc2c(c1)OCCO2)c1cccc2cccnc12
c1cc2cc(-n3ncc4cc(OCc5ccc6c(c5)OCCO6)ccc43)ncc2[nH]1
O=C(COc1ccccc1)NCC(Oc1ccc2c(cnn2-c2nc3ccccc3[nH]2)c1)c1ccc2c(c1)OCCO2
O=C(NCC(Oc1ccc2c(cnn2-c2ccccc2)c1)c1ccncc1)c1cc2ccccc2[nH]1
O=C(NCC(Oc1ccc2c(cnn2-c2cc(C3CC3)ccn2)c1)c1ccc2c(c1)CCC2)c1cnco1
O=C(NCC(Oc1ccc2c(cnn2-c2ccccn2)c1)c1ccc2c(c1)CCNC2)c1c[nH]n2ccc(=O)nc12
O=C(NCC(Oc1ccc2c(cnn2-c2cnccn2)c1)c1ccc2c(c1)OCCO2)c1cccnc1
O=C(NCC(Oc1ccc2c(cnn2-c2nc(C3CC3)cs2)c1)c1ccccc1)c1ccsc1
O=C(NCC(Oc1ccc2c(cnn2-c2cc3cnccc3[nH]2)c1)c1ccc2c(c1)OCCO2)c1ccsc1
O=C(NCC(Oc1ccc2c(cnn2-c2cnc3c(c2)CCN3)c1)c1ccc2c(c1)OCCO2)C1CC1
O=C(NCC(Oc1ccc2c(cnn2-c2ccccc2)c1)c1ccc2c(c1)CCC2)c1cnn2ccccc12
O=C(NCC(Oc1ccc2c(cnn2-c2ccnc(N3CCOCC3)n2)c1)c1ccccc1)c1nccs1
O=C(NCC(Oc1ccc2c(cnn2-c2ncc3ccccc3n2)c1)c1ccc2c(c1)OCCCO2)c1cnccn1
O=C(NCC(Oc1ccc2c(cnn2-c2ccc3ncsc3c2)c1)c1ccccc1)c1ncc[nH]1
O=C(NCC(Oc1ccc2c(cnn2-c2nnco2)c1)c1ccc2c(c1)CCC2)c1cccc2cccnc12
O=C(NCC(Oc1ccc2c(cnn2-c2cnnc(-n3cccn3)c2)c1)c1ccc2c(c1)OCCCO2)c1cccnc1
O=C(NCCc1ccccc1)C(CS(=O)(=O)c1ccccc1)NCc1ccccc1
O=C(NCC(Oc1ccc2c(cnn2-c2cncc(-n3ccnc3)n2)c1)c1cccnc1)c1cnns1
O=C(NCC(Oc1ccc2c(cnn2-c2ncnc3[nH]ccc23)c1)c1cnccn1)c1cccs1
O=C(NCC(Oc1ccc2c(cnn2-c2ccccc2-c2ccncn2)c1)c1cccnc1)c1cnco1
c1cc(-c2cnccn2)cc(-n2ncc3cc(OCc4ccc5c(c4)CCC5)ccc32)c1
O=C(NCC(Oc1ccc2c(cnn2-c2ccc(-c3ccno3)cn2)c1)c1ccc2c(c1)OCCCO2)c1ccn[nH]1
N=c1nc(-n2ncc3cc(OC(CNC(=O)c4cn[nH]c4)c4ccc5c(c4)CCO5)ccc32)cc[nH]1
O=C(NCC(Oc1ccc2c(cnn2-c2ccn[nH]2)c1)c1ccccc1)c1cccs1
O=C(NCC(Oc1ccc2c(cnn2-c2ccn[nH]2)c1)c1ccc2c(c1)CCC2)c1cncs1
O=C(NCC(Oc1ccc2c(cnn2-c2cc3c(cn2)CNCC3)c1)c1ccccc1)c1cscn1
O=C(NCC(Oc1ccc2c(cnn2-c2cc(-c3cnc4ccccn34)cc(N3CCOCC3)n2)c1)c1ccccc1)c1cncs1
O=C(NCC(Oc1ccc2c(cnn2-c2nccc3ccccc23)c1)c1ccc2c(c1)OCCCO2)c1cccs1
O=C(NCC(Oc1ccc2c(cnn2-c2cc3cccnc3cn2)c1)c1ccc2c(c1)OCCO2)c1cccnn1
O=C(NCC(Oc1ccc2c(cnn2-c2cc[nH]n2)c1)c1ccc2c(c1)CCO2)c1ccoc1
O=C(NCC(Oc1ccc2c(cnn2-c2ncnn2-c2ccccc2)c1)c1ccc2c(c1)CCC2)c1cnc[nH]1
c1cc(-c2cn[nH]c2)nc(-n2ncc3cc(OCc4ccc5c(c4)OCCO5)ccc32)n1
O=C(NCC(Oc1ccc2c(cnn2-c2nncs2)c1)c1ccc2c(c1)CCN(C1CC[SH+]CC1)CC2)c1cnc2ccccn12
O=C(NCC(Oc1ccc2c(cnn2-c2nnc3cccnn23)c1)c1ccncc1)c1cccc2ccoc12
O=C(NC(CNc1ccnc2c1cnn2-c1ccccc1)c1ccccc1)C1CCCO1
O=C(Cc1ccccc1)NCC(Oc1ccc2c(cnn2-c2cn[nH]n2)c1)c1ccc2c(c1)OCCO2
O=C(NCC(Oc1ccc2c(cnn2-c2ncnc3ccccc23)c1)c1ccc2c(c1)OCCO2)c1ncc[nH]1
O=C(NCC(Oc1ccc2c(cnn2-c2nccc3[nH]ncc23)c1)c1ccc2c(c1)OCCO2)c1cnns1
c1ccc(-c2cccc(CCCc3ccc4cccnc4c3)c2)cc1
O=C(NCC(Oc1ccc2c(cnn2-c2cnc3ccccn23)c1)c1ccccc1)c1cocn1
c1ccc(-c2nc(-c3cccnc3)c(-c3ccc4ncsc4c3)[nH]2)nc1
c1cnc(-n2ncc3cc(OCc4ccc5occc5c4)ccc32)c(-c2ccn[nH]2)c1
O=C(NCC(Oc1ccc2c(cnn2-c2ccccc2-c2cncnc2)c1)c1ccc2c(c1)OCCO2)C1CCOCC1
O=C(NCC(Oc1ccc2c(cnn2-c2cn(-c3ccccc3)cn2)c1)c1ccc2c(c1)OCCO2)c1csc2c1CCCC2
O=C(NCC(Oc1ccc2c(cnn2-c2snnc2-c2ccccn2)c1)c1ccncc1)c1cnco1
O=C(NCC(Oc1ccc2c(cnn2-c2ccncc2-c2cnccn2)c1)c1ccccc1)c1cncs1
O=C(NCC(Oc1ccc2c(cnn2-c2cccc(-c3ncccn3)c2)c1)c1ccccc1)c1ccco1
O=C(NCC(Oc1ccc2c(cnn2-c2ccncn2)c1)c1ccccn1)c1ccco1
O=C(NCC(Oc1ccc2c(cnn2-c2ccccn2)c1)c1ccccc1)c1cccnc1
O=C(NCC(Oc1ccc2c(cnn2-c2ncnc3ccsc23)c1)c1ccc2cc[nH]c2c1)C1COCCO1
O=C(NCC(Oc1ccc2c(cnn2-c2ccncc2)c1)c1ccc2c(c1)OCCN2)c1cccs1
O=C(NCC(Oc1ccc2c(cnn2-c2ncc3ccccc3n2)c1)c1cncnc1)c1ccco1
O=C(NCC(Oc1ccc2c(cnn2-c2ccc3nc[nH]c3c2)c1)c1ccc2c(c1)OCCCO2)c1cocn1
c1cc(-n2ncc3cc(OCc4ccc5c(c4)OCCO5)ccc32)c2nc(N3CCCC3)oc2c1
O=C(NCC(Oc1ccc2c(cnn2-c2cnccn2)c1)c1ccccc1)c1nnc2ccccn12
O=C(Cn1cccn1)NCC(Oc1ccc2c(cnn2-c2ccc3cn[nH]c3n2)c1)c1ccc2c(c1)OCCO2
O=C(NCC(Oc1ccc2c(cnn2-c2ccc3c(c2)CCC3)c1)c1ccc2c(c1)OCCO2)c1ncc[nH]1
O=C(NCC(Oc1ccc2c(cnn2-c2nccc3c2CCC3)c1)c1ccc2c(c1)OCCCO2)c1cc[nH]n1
O=C(NCC(Oc1ccc2c(cnn2-c2nc3ccccc3[nH]2)c1)c1ccc2c(c1)OCCCO2)c1cncnc1
O=C(NCC(Oc1ccc2c(cnn2-c2cnc3nc(N4CCNCC4)ncc3c2)c1)c1ccc2c(c1)OCCO2)c1cccs1
O=C(NCC(Oc1ccc2c(cnn2-c2ccncc2)c1)c1ccc2c(c1)OCCO2)c1ccn[nH]1
O=C(NCC(Oc1ccc2c(cnn2-c2ccccn2)c1)c1ccc2c(c1)OCCO2)C1CCCOC1
O=C(NCC(Oc1ccc2c(cnn2-c2nccc3cc[nH]c23)c1)c1ccc2c(c1)OCCO2)c1cncs1
c1ccc2c(-n3ncc4cc(OCc5ccc6c(c5)CCN(C5CCOCC5)CC6)ccc43)n[nH]c2c1
O=C(NCC(Oc1ccc2c(cnn2-c2ccccn2)c1)c1ccc2c(c1)OCCCO2)C1CCCN1C(=O)Cc1ccc2ccoc2c1
O=C(NCC(Oc1ccc2c(cnn2-c2ccc(-n3cccn3)cc2)c1)c1ccc2c(c1)OCCO2)c1ccccc1
O=C(NCC(Oc1ccc2c(cnn2-c2ccncn2)c1)c1ccc2c(c1)CCO2)C1CCCN(Cc2ccccc2)CC1
O=C(NCC(Oc1ccc2c(cnn2-c2ccc3c(c2)CNCC3)c1)c1ccc2[nH]ccc2c1)c1cnco1
O=C(NCC(Oc1ccc2c(cnn2-c2ncnc3[nH]ccc23)c1)c1ccc2c(c1)OCCO2)c1cnoc1
O=C(NCC(Oc1ccc2c(cnn2-c2ccon2)c1)c1ccc2ccccc2n1)c1cscn1
O=C(NCC(Oc1ccc2c(cnn2-c2ncnc3ccnn23)c1)c1cccnc1)c1cccc2nccn12
O=C(NCC(Oc1ccc2c(cnn2-c2ccc(-n3cccn3)cc2)c1)c1ccccc1)c1coc2ccccc12
c1ccc(-n2ncc3cc(OCc4cccc5ccccc45)ccc32)c(-c2ccon2)c1
O=C(NCC(Oc1ccc2c(cnn2-c2ccc3nccnc3c2)c1)c1ccc2c(c1)OCCO2)C1CCCN1C(=O)C1(N2CCOCC2)CC1
O=C(Cc1cccs1)NCC(Oc1ccc2c(cnn2-c2ccc3c(c2)OCC3)c1)c1ccc2c(c1)CCC2
O=C(NCC(Oc1ccc2c(cnn2-c2cccc(N3CCOCC3)n2)c1)c1ccccc1)c1cnn[nH]1
O=c1[nH]c(-n2ncc3cc(OCc4ccc5ncccc5c4)ccc32)co1
O=C(NCC(Oc1ccc2c(cnn2-c2cccc(-n3cnc4cnccc43)c2)c1)c1cccnc1)c1cnccn1
O=C(NCC(Oc1ccc2c(cnn2-c2ccccn2)c1)c1ccc2c(c1)OCCO2)c1cc2ccccc2s1
O=C(NCC(Oc1ccc2c(cnn2-c2ccccn2)c1)c1ccc2c(c1)OCC2)c1ccccn1
O=C(NCC(Oc1ccc2c(cnn2-c2nccc3ccccc23)c1)c1ccc2c(c1)OCCO2)c1cc[nH]n1
O=C(NCC(Oc1ccc2c(cnn2-c2ccnn2-c2cccnc2)c1)c1ccc2ccccc2n1)C1CC1
O=C(NCC(Oc1ccc2c(cnn2-c2ccc(-c3ccccc3)cc2)c1)c1ccc2c(c1)OCCO2)c1ccn[nH]1
O=C(NCC(Oc1ccc2c(cnn2-c2ccccc2)c1)c1cccs1)c1cccnc1
O=C(NCC(Oc1ccc2c(cnn2-c2cccnn2)c1)c1ccc2c(c1)CNC2)C1COCCO1
O=C(NCC(Oc1ccc2c(cnn2-c2cc3c(nn2)CCCC3)c1)c1ccc2c(c1)OCCO2)C1CCCOC1
O=C(NCC(Oc1ccc2c(cnn2-c2ccncn2)c1)c1ccncc1)C1CC1
O=C(Cc1ccno1)NCC(Oc1ccc2c(cnn2-c2ccncn2)c1)c1ccc2c(c1)CN(C1CCOCC1)CC2
O=C(NCC(Oc1ccc2c(cnn2-c2cnn(-c3ccnc(N4CCOCC4)n3)c2)c1)c1ccccc1)c1ccco1
O=C(NCC(Oc1ccc2c(cnn2-c2n[nH]c3cccnc23)c1)c1ccc2c(c1)OCCO2)c1cnoc1
O=C(NCC(Oc1ccc2c(cnn2-c2cn[nH]c2)c1)c1ccc2c(c1)CCC2)c1cccc2ccoc12
O=C(NCC(Oc1ccc2c(cnn2-c2cc3ncccc3cn2)c1)c1ccc2c(c1)OCCO2)c1ccnc2ccccc12
O=C(Cc1ccccc1)NCC(Oc1ccc2c(cnn2-c2cccnn2)c1)c1ccc2c(c1)OCCO2
O=C(NCC(Oc1ccc2c(cnn2-c2nncc3ccccc23)c1)c1ccccc1)c1cccnc1
O=C(NCC(Oc1ccc2c(cnn2-c2nncs2)c1)c1ccccc1)c1cscn1
O=C(NCC(Oc1ccc2c(cnn2-c2ccc(CN3CCOCC3)nc2)c1)c1ccc2ccccc2c1)c1ccn[nH]1
O=C(NCC(Oc1ccc2c(cnn2-c2ccc(-n3cccn3)cn2)c1)c1ccc2c(c1)OCCO2)c1ccn[nH]1
O=C(CN1CCN(C(c2ccccc2)c2ccccc2)CC1)Nc1ccc2c(c1)CCC2
O=C(NCC(Oc1ccc2c(cnn2-c2cn[nH]c2)c1)c1ccc2c(c1)CCCC2)c1cnccn1
O=C(NCC(Oc1ccc2c(cnn2-c2nccc(N3CCNCC3)n2)c1)c1ccccc1)c1ccccc1
O=C(NCC(Oc1ccc2c(cnn2-c2ccccn2)c1)c1ccc2c(c1)CCC2)c1cnco1
O=C(COc1cccc2c1cnn2-c1ccccc1)NCC(Oc1ccc2c(cnn2-c2cccc3cnccc23)c1)c1ccccc1
O=C(NCC(Oc1ccc2c(cnn2-c2ccncn2)c1)c1ccc2c(c1)OCCO2)c1cnoc1
c1ccc(-n2nccc2-n2ncc3cc(OCc4ccc5c(c4)OCCO5)ccc32)cc1
O=C(NCC(Oc1ccc2c(cnn2-c2ccnc(N3CCOCC3)n2)c1)c1ccccc1)c1ccccn1
O=C(NCC(Oc1ccc2c(cnn2-c2cnn(C3CC3)c2)c1)c1ccccc1)c1cc2ccccc2o1
O=C(NCC(Oc1ccc2c(cnn2-c2ncnc3ccccc23)c1)c1ccc2c(c1)CCN(C1CC[SH+]CC1)C2)C1CCC1
O=C(NCC(Oc1ccc2c(cnn2-c2nc(C3CC3)cs2)c1)c1ccc2c(c1)OCC2)c1cscn1
O=C(NCC(Oc1ccc2c(cnn2-c2cnc3ccncc3c2)c1)c1ccc2c(c1)CCC2)c1nccc2cnccc12
O=C(NCC(Oc1ccc2c(cnn2-c2cc3nccnc3cn2)c1)c1ccccc1)c1cccc2ccncc12
O=C(NCC(Oc1ccc2c(cnn2-c2nnn(Cc3ccccc3)n2)c1)c1ccc2c(c1)OCCO2)c1cnoc1
O=C(NCC(Oc1ccc2c(cnn2-c2nccs2)c1)c1ccc2c(c1)CCO2)c1ccn[nH]1
O=C(NCC(Oc1ccc2c(cnn2-c2ccccc2)c1)c1ccc2c(c1)OCCCO2)c1ncn2ccccc12
O=C(NCC(Oc1ccc2c(cnn2-c2cc[nH]c(=NC3COC3)n2)c1)c1ccc2c(c1)OCCO2)C1CCCCC1
O=C(NCC(Oc1ccc2c(cnn2-c2ccccc2)c1)c1ccc2c(c1)OCCO2)c1ccn2cccnc12
O=C(NCC(Oc1ccc2c(cnn2-c2c[nH]cn2)c1)c1ccc2c(c1)OCCO2)c1ncn2ccccc12
O=C(NCC(Oc1ccc2c(cnn2-c2ccc3c(=O)n(-c4ccccc4)ncc3c2)c1)c1ccc2c(c1)OCCO2)c1ccnnc1
O=C(NCC(Oc1ccc2c(cnn2-c2ccccc2)c1)c1ccc2c(c1)OCCO2)c1ccncc1
O=C(NCC(Oc1ccc2c(cnn2-c2ccccn2)c1)c1ccc2c(c1)OCCCO2)C1CCCOC1
O=C(NCC(Oc1ccc2c(cnn2-c2cccnc2)c1)c1ccc2c(c1)OCCO2)c1ccccc1
O=S(=O)(NCC(Oc1ccc2c(cnn2-c2ccccc2)c1)c1ccc2c(c1)OCCC2)c1ccccc1
O=C(NCC(Oc1ccc2c(cnn2-c2c[nH]nn2)c1)c1ccc2c(c1)OCCCO2)c1ccco1
c1ccc(-c2ncsc2-c2cc[nH]c(=Nc3ccc4[nH]ncc4c3)c2)cc1
O=C(NCC(Oc1ccc2c(cnn2-c2nc3c(s2)CCC3)c1)c1ccc2c(c1)OCCO2)c1cccc2[nH]ccc12
O=C(NCC(Oc1ccc2c(cnn2-c2cnn(-c3ccncc3)c2)c1)c1ccc2c(c1)OCCO2)C1(c2cccc3ccccc23)CCCC1
O=C(NCC(Oc1cnc2c(cnn2-c2ncccn2)c1)c1ccccc1-n1nccn1)c1cccnc1
O=C(NCC(Oc1ccc2c(cnn2-c2ncnc3[nH]ccc23)c1)c1ccccn1)c1cccnc1
O=C(NCC(Oc1ccc2c(cnn2-c2nccc3cncn23)c1)c1ccc2c(c1)CCC2)c1cscn1
O=C(NCC(Oc1ccc2c(cnn2-c2nccc3c2CNCC3)c1)c1ccc2c(c1)CCC2)c1cc[nH]n1
O=C(NCC(Oc1ccc2c(cnn2-c2n[nH]c3ncncc23)c1)c1ccc2c(c1)OCCO2)C1CCCN1C(=O)Cc1coc2ccccc12
O=C(NCC(Oc1ccc2c(cnn2-c2cnc3ccccc3c2)c1)c1ccc2c(c1)CCC2)c1cnco1
c1cc(-n2ncc3cc(-n4ncc5cc(OCc6ccc7c(c6)OCCO7)ccc54)cnc32)co1
O=C(NCC(Oc1ccc2c(cnn2-c2cc3cn[nH]c3cn2)c1)c1ccc2c(c1)CCC2)c1ncc[nH]1
O=C(NCC(Oc1ccc2c(cnn2-c2ncnn2-c2ccccc2)c1)c1ccccc1)c1ccccc1
O=C(CCc1ccccc1)NCC(Oc1ccc2c(cnn2-c2nnc(-c3ccccc3)o2)c1)c1ccc2c(c1)OCCO2
O=C(NCC(Oc1ccc2c(cnn2-c2cnc3c(cnn3C3CCNC3)c2)c1)c1ccc2c(c1)OCCO2)c1ccccc1
O=C(NCC(Oc1ccc2c(cnn2-c2ccc(-n3ccnc3)cc2)c1)c1ccccc1)c1ccccn1
O=C(NCC(Oc1ccc2c(cnn2-c2nnco2)c1)c1ccc2c(c1)OCCCO2)c1cccnc1
c1ccc(-n2cc(CNC3CCCN(c4cccnn4)C3)cn2)cc1
O=C(NCC(Oc1ccc2c(cnn2-c2cc3ccccc3[nH]2)c1)c1ccc2c(c1)OCCCO2)c1ccsc1
O=C(NCC(Oc1ccc2c(cnn2-c2cnccn2)c1)c1ccc2[nH]ncc2c1)C1CC1
O=C(NCC(Oc1ccc2c(cnn2-c2ncnc3ccsc23)c1)c1ccccc1)c1ccc[nH]1
O=C(NCC(Oc1ccc2c(cnn2-c2cccc(N3CCNCC3)n2)c1)c1ccc2c(c1)OCCO2)c1ccncc1
C1=CC(Oc2ccc3c(cnn3-c3cnccn3)c2)c2ccc3c(c2)CCC1CC3
c1ccc(COc2ccc3c(cnn3-c3cccc(N4CCCC4)n3)c2)cc1
O=C(NCC(Oc1ccc2c(cnn2-c2cncc(-n3cccn3)c2)c1)c1cccnc1)c1cscn1
O=C(NCC(Oc1ccc2c(cnn2-c2cnnc(-c3cnn(C4CC4)c3)c2)c1)c1ccc2c(c1)OCCO2)C1CCC1
O=C(NCC(Oc1ccc2c(cnn2-c2cccc(N3CCNCC3)n2)c1)c1ccc2c(c1)OCCO2)c1cnc[nH]1
O=C(NCC(Oc1ccc2c(cnn2-c2ccccc2)c1)c1ccc2c(c1)OCCO2)c1cccnc1
c1ccc2c(c1)cnn2CC(Oc1ccc2c(cnn2-c2cc3c(s2)CCCC3)c1)c1ccc2c(c1)OCCO2
O=C(NCC(Oc1ccc2c(cnn2-c2cn[nH]c2)c1)c1ccccc1)c1cnc[nH]1
O=C(NCC(Oc1ccc2c(cnn2-c2cc3c(cn2)NCC3)c1)c1ccccc1)c1cc[nH]n1
O=C(NCC(Oc1ccc2c(cnn2-c2ccccc2-c2ccon2)c1)c1ccc2c(c1)OCCO2)c1cnccn1
O=C(NCC(Oc1ccc2c(cnn2-c2cccc3cnncc23)c1)c1ccc2c(c1)CCC2)C1CCCN1
O=C(NCC(Oc1ccc2c(cnn2-c2ccc3c(c2)CCN(C2CCC2)CC3)c1)c1ccccc1)c1ccon1
O=C(NCC(Oc1ccc2c(cnn2-c2ncon2)c1)c1ccc2c(c1)OCCO2)c1ccccc1
O=C(Nc1ccccc1)C1CCCCC1C(=O)Nc1ccc(-n2cc(-n3cncn3)cn2)cc1
O=C(NCC(Oc1ccc2c(cnn2-c2cncc(-n3cccn3)c2)c1)c1ccccc1)c1cc[nH]n1
O=C(NCC(Oc1ccc2c(cnn2-c2nccs2)c1)c1cnccn1)c1cccs1
O=C(NCC(Oc1ccc2c(cnn2-c2cccc(-n3ccc4ccc(C5CC5)cc43)c2)c1)c1ccc2c(c1)OCCO2)c1csc2ccccc12
O=C(NCC(Oc1ccc2c(cnn2-c2cncc(-n3ncc4ccccc43)n2)c1)c1ccc2c(c1)OCCO2)c1ccccc1
O=C(NCC(Oc1ccc2c(cnn2-c2ncnc3c2CCCC3)c1)c1ccc2c(c1)CCO2)c1ccccc1
O=C(Nc1cccc(-n2ncc3cccc(OCCc4ccccc4)c32)c1)C1CCOC1
O=C(NCC(Oc1ccc2c(cnn2-c2ccc[nH]2)c1)c1ccccc1)c1cccnn1
c1ccn(Cc2ccc(-n3ncc4cc(OCc5ccc6c(c5)OCCO6)ccc43)cn2)c1
O=C(NCC(Oc1ccc2c(cnn2-c2nn[nH]n2)c1)c1ccc2c(c1)OCCCO2)c1c[nH]cn1
O=C(NCC(Oc1ccc2c(cnn2-c2cncc3ccccc23)c1)c1ccc2c(c1)OCCO2)c1ccno1
c1ccc(-n2ncc3cc(OCc4ccc5c(c4)OCC5)ccc32)cc1
O=C(NCC(Oc1ccc2c(cnn2-c2cccc(N3CCCC3)n2)c1)c1ccc2c(c1)OCCO2)c1ccncc1
O=C(NCC(Oc1ccc2c(cnn2-c2ccccc2)c1)c1ccccc1)c1ccn[nH]1
O=C(NCC(Oc1ccc2c(cnn2-c2nnco2)c1)c1ccc2c(c1)OCCO2)c1cccc2ccsc12
O=C(NCC(Oc1ccc2c(cnn2-c2cnn(Cc3c[nH]cn3)c2)c1)c1ccc2c(c1)OCCO2)c1cccnc1
O=C(NCC(Oc1ccc2c(cnn2-c2nnc(N3CCCC3)o2)c1)c1ccc2c(c1)OCCO2)c1cocn1
O=C(NCC(Oc1ccc2c(cnn2-c2cc3ccncc3[nH]2)c1)c1ccccc1)c1ccco1
O=C(NCC(Oc1ccc2c(cnn2-c2ccccc2)c1)c1ccc2c(c1)OCCO2)c1cnoc1
O=C(NCC(Oc1ccc2c(cnn2-c2cccc(N3CCCNCC3)n2)c1)c1ccc2c(c1)OCCO2)c1ccccc1
O=C(NCC(Oc1ccc2c(cnn2-c2cccnc2-c2ccncn2)c1)c1ccncc1)C1CC1
c1ccc(-n2ncc3cc(OCc4ccc5c(c4)OCCO5)ccc32)c(-c2ccnn2C2CC2)c1
O=C(NCC(Oc1ccc2c(cnn2-c2ccc(-n3cccn3)cc2)c1)c1cccnc1)c1cncnc1
O=C(NCC(Oc1ccc2c(cnn2-c2cccc3[nH]ncc23)c1)c1ccccc1)c1cnoc1
O=C(NCC(Oc1ccc2c(cnn2-c2cccnc2)c1)c1ccc2c(c1)OCCCO2)c1cnc[nH]1
O=C(NCC(Oc1ccc2c(cnn2-c2ncc3cc[nH]c3n2)c1)c1ccc2c(c1)OCCO2)c1ccccc1
O=C(NCC(Oc1ccc2c(cnn2-c2ccncc2-c2ccn[nH]2)c1)c1ccc2c(c1)OCCO2)c1cccnc1
O=C(Cc1ccccc1)NCC(Oc1ccc2c(cnn2-c2cncc(-n3cncn3)c2)c1)c1ccc2c(c1)OCCO2
O=C(NCC(Oc1ccc2c(cnn2-c2cncc(-c3ccccn3)c2)c1)c1ccc2c(c1)OCCO2)C1CCC1
O=C(NCC(Oc1ccc2c(cnn2-c2ccccc2)c1)c1ccccc1)c1cccc2cnccc12
O=C(NCC(Oc1ccc2c(cnn2-c2nccc3c2cnn3-c2ccccc2)c1)c1ccc2c(c1)OCCC2)C1CCCOC1
O=C(Cc1ccccc1)NCC(Oc1ccc2c(cnn2-c2cc[nH]c(=NC3CC3)n2)c1)c1ccc2c(c1)OCCO2
O=C(NCC(Oc1ccc2c(cnn2-c2ncnc3c2CCC3)c1)c1ccccc1)c1ccco1
O=C(NCC(Oc1ccc2c(cnn2-c2cccnn2)c1)c1ccc2c(c1)OCCO2)c1ccccc1
O=C(Cc1cccnc1)NCC(Oc1ccc2c(cnn2-c2nnn[nH]2)c1)c1ccc2c(c1)OCCCO2
O=C(NCC(Oc1ccc2c(cnn2-c2ccc3c(c2)NCCO3)c1)c1ccc2c(c1)OCCO2)c1ccn2c1COCC2
O=C(NCC(Oc1ccc2c(cnn2-c2ccc3cc[nH]c3c2)c1)c1ccc2c(c1)OCCO2)C1CCOC1
O=C(NCC(Oc1ccc2c(cnn2-c2ncccn2)c1)c1ccccc1)c1ccn[nH]1
O=C(NCC(Oc1ccc2c(cnn2-c2cc3ccc(-n4cncn4)cc3cn2)c1)c1ccc2c(c1)OCCO2)C1CCC1
c1ccc(-n2ncc3cc(OCc4ccc5c(c4)OCCN5)ccc32)nc1
O=C1CC2=C3CCCC3CCC2C2CCC3C(Cc4ccoc4)CCCC3C12
O=C(NCC(Oc1ccc2c(cnn2-c2cn(C3CCCCC3)nn2)c1)c1ccccc1)c1cccnc1
O=C(NCC(Oc1ccc2c(cnn2-c2cccc(-n3cccn3)c2)c1)c1ccccc1)c1cocn1
O=C(NCC(Oc1ccc2c(cnn2-c2ccc(-n3ccnc3)nn2)c1)c1cccnc1)c1ccn[nH]1
O=C(NCC(Oc1ccc2c(cnn2-c2nccc3cn[nH]c23)c1)c1ccc2ccccc2c1)c1nccs1
O=C(NCC(Oc1ccc2c(cnn2-c2n[nH]c3cnccc23)c1)c1ccc2c(c1)OCCO2)C1CCC1
O=C(NCC(Oc1ccc2c(cnn2-c2ccccc2)c1)c1ccc2ccccc2c1)c1cnn2cccnc12
O=C(NCC(Oc1ccc2c(cnn2-c2cnn(CC3CC3)c2)c1)c1cccnc1)c1ccccc1
c1ccc(-c2ccc(-n3ncc4cc(OCc5ccc6c(c5)OCCCO6)ccc43)cc2)cc1
C=C1NCc2cc(-n3ncc4cc(OC(CNC(=O)c5cnoc5)c5ccccc5)ccc43)ccc21
O=C(NCC(Oc1ccc2c(cnn2-c2ccc(-c3ncon3)cc2)c1)c1ccc2c(c1)OCCO2)C1CCOCC1
c1cnn(-c2cc(-n3ncc4cc(OCc5ccc6c(c5)OCCO6)ccc43)ccn2)c1
O=C(NCC(Oc1ccc2c(cnn2-c2ccccc2-c2ncccn2)c1)c1ccc2c(c1)OCCO2)c1ccoc1
O=C(CCc1ccccc1)NCC(Oc1ccc2c(cnn2-c2cnn(CC3CCOC3)c2)c1)c1ccc2c(c1)OCCO2
O=C(NCC(Oc1ccc2c(cnn2-c2ccc(=O)[nH]c2)c1)c1ccc2c(c1)OCCO2)c1ccccc1
O=c1c(-c2cccnc2)c[nH]n1-c1cccc(-n2ncc3cnccc32)c1
O=C(NCC(Oc1ccc2c(cnn2-c2noc3ccccc23)c1)c1ccc2c(c1)OCCO2)c1ccccc1
O=C(NCC(Oc1ccc2c(cnn2-c2cnc3cccnn23)c1)c1ccc2c(c1)OCCO2)c1nccs1
O=C(NCC(Oc1ccc2c(cnn2-c2cnc3ncccc3c2)c1)c1cccnc1)C1CCC1
O=C(NCC(Oc1ccc2c(cnn2-c2ccccn2)c1)c1ccc2c(c1)OCCO2)c1cccc2ccoc12
O=C(NCC(Oc1ccc2c(cnn2-c2nccc3c2CNC3)c1)c1ccccc1)c1ccnc2[nH]ccc12
O=c1[nH]cnc2ncc(-n3ncc4cc(OCc5ccc6c(c5)OCCCO6)ccc43)cc12
O=C(NCC(Oc1ccc2c(cnn2-c2cnc3c(c2)CCN(Cc2ccco2)C3)c1)c1cccnc1)c1ccco1
O=C(NCC(Oc1ccc2c(cnn2-c2ccccn2)c1)c1ccccc1)c1ncc[nH]1
O=C(NCC(Oc1ccc2c(cnn2-c2ncnn2-c2ccccc2)c1)c1ccc2c(c1)OCCO2)C1(c2ccccc2)CC1
O=C(CCc1ccccc1)NCC(Oc1ccc2c(cnn2-c2ccc3nonc3c2)c1)c1ccc2c(c1)OCCO2
O=C(NCC(Oc1ccc2c(cnn2-c2cnc3ncccc3c2)c1)c1ccc2c(c1)OCCCO2)c1cnc2ccccn12
O=C(NCC(Oc1ccc2c(cnn2-c2c[nH]nn2)c1)c1ccn[nH]1)c1cocn1
O=C(NCC(Oc1ccc2c(cnn2-c2cnc3ccncc3c2)c1)c1ccccc1)c1cc[nH]n1
O=C(NCC(Oc1ccc2c(cnn2-c2cc3c(cn2)C(=O)NCC3)c1)c1ccc2c(c1)CCO2)c1cscn1
c1cn(-c2cncc(C(Oc3ccc4c(cnn4-c4cnc[nH]4)c3)C3CC3)c2)cn1
O=C(NCC(Oc1ccc2c(cnn2-c2ncnn3cccc23)c1)c1ccccc1)C1CCC1
O=C(NCC(Oc1ccc2c(cnn2-c2ccccn2)c1)c1ccc2c(c1)CCC2)c1ccc2c(c1)OCCO2
O=C(NCC(Oc1ccc2c(cnn2-c2c[nH]cn2)c1)c1ccc2c(c1)OCCO2)c1cnc[nH]1
O=C(NCC(Oc1ccc2c(cnn2-c2ccnc(N3CCC3)n2)c1)c1ccc2c(c1)OCCO2)c1ccsc1
O=C(NCC(Oc1ccc2c(=O)n(-c3cccc(-c4cccnc4)c3)ncc2c1)c1ccc2c(c1)CCO2)C1CCCCC1
O=C(NCC(Oc1ccc2c(cnn2-c2nccc3c2CNCC3)c1)c1ccc2c(c1)CCNC2)C1CC1
O=C(NCC(Oc1ccc2c(cnn2-c2cnc3cccnc3c2)c1)c1cccnc1)C1COCCO1
c1ccc(-c2cccc(-n3ncc4cc(OCc5ccc6c(c5)OCCC6)ccc43)c2)nc1
O=C(NCC(Oc1ccc2c(cnn2-c2cccc(-c3cccnn3)c2)c1)c1ccc2c(c1)OCCO2)c1ccncc1
O=C(NCC(Oc1ccc2c(cnn2-c2ccccc2-c2ncccn2)c1)c1ccc2c(c1)CCO2)C1CCCNC1
O=C(NCC(Oc1ccc2c(cnn2-c2cccc(-n3ccnc3)c2)c1)c1ccsc1)c1cccc2c[nH]nc12
O=C(NCC(Oc1ccc2c(cnn2-c2ccncn2)c1)c1ccc2c(c1)OCCO2)c1cnco1
O=C(NCC(Oc1ccc2c(cnn2-c2ccccn2)c1)c1ccc2c(c1)CCC2)c1ccncc1
O=C(NCC(Oc1ccc2c(cnn2-c2cccc(C3CC3)n2)c1)c1ccc2c(c1)OCC2)c1cncs1
O=C(Cc1csc2ccccc12)NCC(Oc1ccc2c(cnn2-c2nn[nH]n2)c1)c1ccc2c(c1)CCC2
O=C(NCC(Oc1ccc2c(cnn2-c2cccnc2)c1)c1ccccc1)c1nnco1
O=C(NCC(Oc1ccc2c(cnn2-c2ccccn2)c1)c1ccncc1)c1cc2cnccc2[nH]1
N=c1[nH]ccc2ncc(-n3ncc4cc(OC(CNC(=O)c5ccco5)c5ccc6c(c5)OCCO6)ccc43)cc12
O=C(NCC(Oc1ccc2c(cnn2-c2ncncn2)c1)c1ccc2c(c1)OCCO2)c1ccccc1
O=C(NCC(Oc1ccc2c(cnn2-c2cn[nH]c2)c1)c1ccc2c(c1)OCCCO2)c1cscn1
O=C(CCc1ccccc1)NCC(Oc1ccc2c(cnn2-c2cccc(C(=O)Nc3cccc4cccnc34)c2)c1)c1ccccc1
O=C(NCC(Oc1ccc2c(cnn2-c2cn(-c3cccnc3)cn2)c1)c1ccsc1)c1cnccn1
O=c1c2ccccc2ncn1-c1ccccc1
O=C(NCC(Oc1ccc2c(cnn2-c2ccccn2)c1)c1ccccc1)c1cnns1
O=C(NCC(Oc1ccc2c(cnn2-c2cccc3cccnc23)c1)c1ccc2c(c1)OCCCO2)c1cccc2cnccc12
O=C(NCC(Oc1ccc2c(cnn2-c2cccc(-c3nccs3)c2)c1)c1ccc2c(c1)OCCO2)c1cnccn1
O=C(NCC(Oc1ccc2c(cnn2-c2cc3cc[nH]c3cn2)c1)c1ccc2c(c1)OCCO2)c1ccno1
O=C(Cc1cccn2ccnc12)NCC(Oc1ccc2c(cnn2-c2cnc3ccccc3c2)c1)c1ccc2c(c1)OCCO2
O=C(NCC(Oc1ccc2c(cnn2-c2cnc3ccsc3c2)c1)c1ccc2c(c1)OCCO2)c1ccncc1
O=C(NCC(Oc1ccc2c(cnn2-c2csc(N3CCNCC3)n2)c1)c1ccc2c(c1)OCCO2)c1cccnc1
O=C(NCC(Oc1ccc2c(cnn2-c2ccc(OC3CCCC3)nn2)c1)c1ccc2c(c1)OCC2)C1CC1
O=C(NCC(Oc1ccc2c(cnn2-c2nccnc2N2CCCOCC2)c1)c1ccccc1)c1ccsc1
O=C(NCC(Oc1ccc2c(cnn2-c2ccccn2)c1)c1ccc2c(c1)OCCCO2)c1nnco1
O=C(NCC(Oc1ccc2c(cnn2-c2cccc(-c3ncno3)c2)c1)c1ccc2c(c1)OCCCO2)c1ccno1
O=C(NCC(Oc1ccc2c(cnn2-c2cnn(C3CCCCC3)c2)c1)c1ccccc1)c1coc(=O)[nH]1
O=C(NCC(Oc1ccc2c(cnn2-c2nncc3ccccc23)c1)c1ccc2c(c1)OCCO2)c1ccsc1
O=C(NCC(Oc1ccc2c(cnn2-c2cccc3nccnc23)c1)c1ccc2c(c1)OCCCO2)c1ccn[nH]1
O=C(NCC(Oc1ccc2c(cnn2-c2cn[nH]c2)c1)c1ccc2c(c1)CCC2)c1cccs1
O=C(NCC(Oc1ccc2c(cnn2-c2cccnn2)c1)c1ccccc1)c1cncs1
O=C(NCC(Oc1ccc2c(cnn2-c2cnc3ccsc3n2)c1)c1ccc2c(c1)OCCO2)c1cn2ccccc2n1
O=C(NCC(Oc1ccc2c(cnn2-c2cnn(C3CCOCC3)n2)c1)c1ccc2c(c1)OCCO2)c1ccccn1
O=C(NCC(Oc1ccc2c(cnn2-c2ccc(-n3cccn3)cc2)c1)c1ccc2c(c1)OCCO2)c1cncnc1
c1cc(-c2ccc3[nH]ccc3c2)cc(-n2ncc3cc(OCc4ccc5c(c4)OCCCO5)ccc32)n1
O=C(NCC(Oc1ccc2c(cnn2-c2ccnc3nnnn23)c1)c1ccc2c(c1)CCO2)c1ccccc1
O=C(NCC(Oc1ccc2c(cnn2-c2cnn(C3CCNCC3)c2)c1)c1ccc2c(c1)OCCO2)c1cc[nH]n1
O=C(NCC(Oc1ccc2c(cnn2-c2ccccc2)c1)c1ncn[nH]1)c1ccccc1
c1ccc(COc2ccc3c(cnn3-c3ccnc(N4CCCC4)n3)c2)cc1
O=C(NCC(Oc1ccc2c(cnn2-c2ccn[nH]2)c1)c1ccc2c(c1)CCO2)C1CCCCC1
O=C(NCC(Oc1ccc2c(cnn2-c2nc(C3CC3)nc3ccsc23)c1)c1ccc2c(c1)OCCO2)c1ccon1
c1cc(N2CCCCC2)nc(-n2ncc3cnc(-c4cnn(C5CCNCC5)c4)cc32)c1
O=C(NCC(Oc1ccc2c(cnn2-c2cncc3ccccc23)c1)c1ccc2c(c1)CCC2)c1cc2ccccc2o1
O=C(NCC(Oc1ccc2c(cnn2-c2nccc3c[nH]cc23)c1)c1ccc2c(c1)OCCCO2)c1ccsc1
O=C(NCC(Oc1ccc2c(cnn2-c2nccc3ccccc23)c1)c1ccc2c(c1)CCC2)c1cscn1
O=C(NCC(Oc1ccc2c(cnn2-c2cc3ncccc3cn2)c1)c1ccccc1)c1ccco1
O=C(NCC(Oc1ccc2c(cnn2-c2ccccn2)c1)c1ccccc1)c1cccc2cncn12
O=C(NCC(Oc1ccc2c(cnn2-c2ccnc(C3CC3)n2)c1)c1ccc2c(c1)OCCO2)c1ccn[nH]1
O=C(NCC(Oc1ccc2c(cnn2-c2ccccc2-n2nccn2)c1)c1ccc2c(c1)OCCO2)c1ccn[nH]1
O=C(NCC(Oc1ccc2c(cnn2-c2nncs2)c1)c1ccc2c(c1)OCCO2)c1cccnc1
N=c1[nH]oc2ccc(-n3ncc4cc(OC(CNC(=O)Cc5ccno5)c5ccc6c(c5)OCCO6)ccc43)cc12
O=C(NCC(Oc1ccc2c(cnn2-c2ncccn2)c1)c1ccc2c(c1)OCCO2)c1csc2cnccc12
O=C(NCC(Oc1ccc2c(cnn2-c2cc3c(cn2)NCCO3)c1)c1ccc2c(c1)OCCO2)C1CCOCC1
O=S(=O)(NCC(Oc1ccc2c(cnn2-c2cnc[nH]2)c1)c1ccc2c(c1)OCCO2)c1ccccc1
O=C(NCC(Oc1ccc2c(cnn2-c2cnc3nncn3c2)c1)c1ccc2c(c1)OCCO2)C1CC1
O=C(NCC(Oc1ccc2c(cnn2-c2ccn[nH]2)c1)c1ccccc1)c1ccccc1
O=C(NCC(Oc1ccc2c(cnn2-c2cnc3ccccn23)c1)c1ccc2c(c1)CCN(Cc1ccccc1)C2)c1cnsn1
O=C(NCC(Oc1ccc2c(cnn2-c2cnccn2)c1)c1ccc2c(c1)CCC2)c1n[nH]c2c1CCCC2
O=C(NCC(Oc1ccc2c(cnn2-c2nc3ccccc3n2-c2ccccc2)c1)c1ccc2c(c1)CCO2)c1ccoc1
c1cc(N2CCCCC2)nc(-n2ncc3cc(OCc4ccc5cccnc5c4)ccc32)c1
O=C(Cc1coc2ccccc12)NCC(Oc1ccc2c(cnn2-c2ccc(-c3cccnc3)cc2)c1)c1ccc2c(c1)OCCO2
O=C(NCC(Oc1ccc2c(cnn2-c2cnc3ccccn23)c1)c1ccc2c(c1)OCCCO2)c1ccco1
O=C(NCC(Oc1ccc2c(cnn2-c2ncnc3[nH]ccc23)c1)c1ccc2oc3ccccc3c2c1)c1cnc[nH]1
O=C(NCC(Oc1ccc2c(cnn2-c2cc[nH]n2)c1)c1ccccc1)C1CCN(c2ncc3ccccc3n2)CC1
O=C(NCC(Oc1ccc2c(cnn2-c2nncs2)c1)c1ccc2c(c1)OCCO2)c1c[nH]c2ccccc12
c1ccc(-n2nccn2)c(COc2ccc3c(cnn3-c3ccncc3)c2)c1
O=C(NCC(Oc1ccc2c(cnn2-c2ccncc2-c2cccnc2)c1)c1ccc2c(c1)OCCO2)C1CCCN1
O=C(NCC(Oc1ccc2c(cnn2-c2cn[nH]c2)c1)c1ccccc1)c1cnns1
O=C(NCC(Oc1ccc2c(cnn2-c2ccccc2-c2cccnn2)c1)c1ccc2c(c1)OCCO2)c1ccco1
O=C(NCC(Oc1ccc2c(cnn2-c2ccc[nH]2)c1)c1ccccc1)c1cc[nH]n1
O=C(NCC(Oc1ccc2c(cnn2-c2cccc3cc[nH]c23)c1)c1ccccc1)c1ncc[nH]1
O=C(NCC(Oc1ccc2c(cnn2-c2cccc(N3CCNCC3)n2)c1)c1ccccc1)c1cccnc1
c1cc2c(cc1COc1ccc3c(cnn3-c3ccc(-c4ccc5c(c4)CCO5)cn3)c1)OCCO2
O=C(NCC(Oc1ccc2c(cnn2-c2ccccc2-c2ncn[nH]2)c1)c1ccccc1)c1cccnn1
O=C(Cc1ccsc1)NCC(Oc1ccc2c(cnn2-c2ncc3c(n2)CCCO3)c1)c1ccccc1
O=C1NC=NC12CCc1cc(Oc3cnn(-c4ccccc4)c(=O)c3)ccc12
N=c1c(C(=O)NCC(Oc2ccc3c(cnn3-c3cncnc3C3CC3)c2)c2ccc3c(c2)OCCO3)c[nH]n1-c1ccccc1
O=C(NCC(Oc1ccc2c(cnn2-c2ncccc2-c2cncnc2)c1)c1ccccc1)C1CC1
O=C(NCC(Oc1ccc2c(cnn2-c2ccccc2)c1)c1ccc2c(c1)CCO2)c1ccccc1
O=C(NCC(Oc1ccc2c(cnn2-c2ccccc2-c2ncon2)c1)c1ccccc1)c1ccco1
O=C(NCC(Oc1ccc2c(cnn2-c2ccc(=O)[nH]c2)c1)c1ccc2c(c1)OCCO2)c1ccc2c(c1)OCCO2
O=C(NCC(Oc1ccc2c(cnn2-c2cccc(-c3cnoc3)n2)c1)c1ccc2c(c1)OCCO2)c1cnco1
O=C(NCCCC1CCCc2ccccc21)c1cnc(-n2ncc3ccccc32)s1
O=C(NCC(Oc1ccc2c(cnn2-c2nccc3c2CCNC3)c1)c1ccc2c(c1)OCCO2)C1(c2ccc3c(c2)OCCO3)CC1
O=C(NCC(Oc1ccc2c(cnn2-c2ncon2)c1)c1ccccc1)c1cc(-c2ccccn2)co1
O=C(NCC(Oc1ccc2c(cnn2-c2cncc(-c3cnn(C4CC4)c3)c2)c1)c1ccc2c(c1)OCCCO2)C1CCCN1
O=C(NCC(Oc1ccc2c(cnn2-c2ocnc2-c2ccsc2)c1)c1ccccc1)c1c[nH]cn1
O=C(NCC(Oc1ccc2c(cnn2-c2cccnc2)c1)c1ccccc1)c1cnc(-n2cccn2)s1
O=C(Cn1cccn1)NCC(Oc1ccc2c(cnn2-c2cc3[nH]ncc3cn2)c1)c1ccc2c(c1)OCCO2
O=C(COc1cccc(-c2ccc3c(c2)CC(=O)N3)c1)Nc1ccc2c(c1)CNCC2
O=C(NCC(Oc1ccc2c(cnn2-c2cccc(N3CCCC3)n2)c1)c1ccccc1)C1CCC1
O=C(NCC(Oc1ccc2c(cnn2-c2ccccc2-c2ccon2)c1)c1ccc2c(c1)OCCO2)c1ccoc1
O=C(NCC(Oc1ccc2c(cnn2-c2cnc(-c3ccsc3)nn2)c1)c1ccccc1)C1CCC1
O=C(NCC(Oc1ccc2c(cnn2-c2cnc3cc[nH]c(=O)c3c2)c1)c1ccc2c(c1)OCCO2)c1cnoc1
O=C(NCC(Oc1ccc2c(cnn2-c2ccncn2)c1)c1ccc2c(c1)OCCO2)C1COc2ccccc2C1
c1cncc(COc2ccc3c(cnn3-c3nc4ccccc4[nH]3)c2)c1
O=C(NCC(Oc1ccc2c(cnn2-c2cccc(-n3ccnc3)c2)c1)c1ccc2c(c1)OCCO2)c1cnc2ccccn12
O=C(NCC(Oc1cc2cnn(-c3cnn(C4COC4)c3)c2s1)c1ccc2c(c1)OCC2)c1cnc(-c2ccccc2)nc1
O=C(NCC(Oc1ccc2c(cnn2-c2cccc3c2CCNC3)c1)c1ccccc1)C1CC1
O=C(NCC(Oc1ccc2c(cnn2-c2ccc(-c3ccccc3)nn2)c1)c1ccccc1)C1COC1
O=C(NCC(Oc1ccc2c(cnn2-c2ncnc3c2CCC3)c1)c1ccccc1)c1nsnc2cccc1-2
O=C(NCC(Oc1ccc2c(cnn2-c2cn(Cc3ccccc3)nn2)c1)c1ccc2c(c1)OCCO2)c1nccs1
O=C(NCC(Oc1ccc2c(cnn2-c2cnco2)c1)c1ccc2c(c1)OCCO2)c1cnn2cccnc12
O=C(NCC(Oc1ccc2c(cnn2-c2cc3sccc3cn2)c1)c1ccc2c(c1)OCCO2)c1ccccn1
O=C(NCC(Oc1ccc2c(cnn2-c2ncnc3ccncc23)c1)c1ccccc1)c1cnc[nH]1
O=C(NCC(Oc1ccc2c(cnn2-c2cccnn2)c1)c1ccc2c(c1)OCCO2)c1cccc2cnccc12
O=C(NCC(Oc1ccc2c(cnn2-c2cccc(-n3ncc4ccccc4c3=O)c2)c1)c1ccc2c(c1)OCCO2)C1CCCN1C(=O)c1ccncc1
O=C(NCC(Oc1ccc2c(cnn2-c2coc3ccccc23)c1)c1ccc2c(c1)OCCO2)c1n[nH]c2ccccc12
O=C(NCC(Oc1ccc2c(cnn2-c2ncnnc2-c2ccncn2)c1)c1ccccc1)c1ccn[nH]1
O=C(NCC(Oc1ccc2c(cnn2-c2ccc(-c3cccs3)cc2)c1)c1ccccc1)c1cnco1
O=C(NCC(Oc1ccc2c(cnn2-c2ccc3nccnc3c2)c1)c1ccc2c(c1)CNCC2)c1ccncc1
O=C(Cc1cccs1)NCC(Oc1ccc2c(cnn2-c2ccc(N3CCOCC3)nc2)c1)c1ccc2c(c1)OCCO2
O=C(Cc1ccccc1)NCC(Oc1ccc2c(cnn2-c2cnc3[nH]c(=O)[nH]c3n2)c1)c1ccc2c(c1)OCCO2
O=C(Cc1cccs1)Nc1ccc2oc(-c3ccccc3)nc2c1
N=c1[nH]oc2cc(-n3ncc4cc(OC(CNC(=O)c5cncnc5)c5ccccc5)ccc43)ccc12
O=C(NCC(Oc1ccc2c(cnn2-c2ncnc3ccsc23)c1)c1ccccc1)c1cnccn1
O=S(=O)(NCC(Oc1ccc2c(cnn2-c2ccccn2)c1)c1ccc2c(c1)OCCO2)c1cnoc1
O=C1CCC(C(=O)NCC(Oc2ccc3c(cnn3-c3nccc4c3CNC4)c2)c2ccccc2)C1
O=C(NCC(Oc1ccc2c(cnn2-c2cnn(-c3cncnc3)c2)c1)c1ccc2c(c1)CCO2)C1CCCOC1
c1ccc(-n2ncc3cc(COc4ccc5c(cnn5-c5cn6nccc6cn5)c4)ccc32)cc1
O=C(NCC(Oc1ccc2c(cnn2-c2cccc(-n3ncc4c(=O)[nH]ccc43)c2)c1)c1ccccc1)c1ccn[nH]1
O=C(NCC(Oc1ccc2c(cnn2-c2nnco2)c1)c1ccc2c(c1)OCCCO2)c1ccn[nH]1
O=C(NCC(Oc1ccc2c(cnn2-c2nnco2)c1)c1ccc2c(c1)OCCO2)c1ccccc1
O=C(NCC(Oc1ccc2c(cnn2-c2nccs2)c1)c1ccc2c(c1)OCCCO2)c1cccc2ccccc12
O=C(NCC(Oc1ccc2c(cnn2-c2ncc3ccccc3n2)c1)c1ccc2c(c1)OCCO2)c1ccn[nH]1
O=C(NCC(Oc1ccc2c(cnn2-c2nccc3cccnc23)c1)c1cncnc1)c1ccsc1
O=C(NCC(Oc1ccc2c(cnn2-c2ccccc2)c1)c1ccccc1)c1cnco1
O=C(NCC(Oc1ccc2c(cnn2-c2c[nH]nn2)c1)c1ccc2c(c1)OCCO2)c1ccno1
O=C(NCC(Oc1ccc2c(cnn2-c2ccc3c(-c4ccccc4)cccc3c2)c1)c1ccc2c(c1)OCCO2)c1ccco1
O=C(NCC(Oc1ccc2c(cnn2-c2conn2)c1)c1ccc2c(c1)CCC2)c1cc2c(s1)CCCC2
O=C(NCC(Oc1ccc2c(cnn2-c2nccc3ccccc23)c1)c1ccc2c(c1)OCCO2)c1ccccc1
O=C(NCC(Oc1ccc2c(cnn2-c2cnc3ccccc3n2)c1)c1ccccc1)c1cscn1
O=C(NCC(Oc1ccc2c(cnn2-c2nn[nH]n2)c1)c1cccnc1)c1ccccc1
O=C(Cc1cccc2ncccc12)NCC(Oc1ccc2c(cnn2-c2ccc3ccccc3n2)c1)c1ccc2c(c1)OCCO2
O=C(Cn1cccn1)NCC(Oc1ccc2c(cnn2-c2cccc(-n3ccnn3)c2)c1)c1ccc2c(c1)OCCO2
O=C(NCC(Oc1ccc2c(cnn2-c2nnc[nH]2)c1)c1ccc2c(c1)OCCO2)c1cccnc1
N=c1cc(-n2ncc3cc(OCc4ccc5c(c4)CCN(CCON4CCOCC4)CC5)ccc32)[nH]cn1
O=C(NCC(Oc1ccc2c(cnn2-c2ccc3ccccc3n2)c1)c1ccccc1)c1nnco1
O=C(NCC(Oc1ccc2c(cnn2-c2cn[nH]c2)c1)c1ccc2c(c1)OCCCO2)c1cncnc1
O=C(NCC(Oc1ccc2c(cnn2-c2cnc3c(c2)CCC3)c1)c1ccc2c(c1)OCCCO2)c1cnc[nH]1
O=C(NCC(Oc1ccc2c(cnn2-c2cnc3ncncc3c2)c1)c1ccccc1)c1cccnn1
O=C(Cc1ccccc1)NCC(Oc1ccc2c(cnn2-c2cc[nH]n2)c1)c1ccc2c(c1)OCCO2
O=C(NCC(Oc1ccc2c(cnn2-c2cnc3c(c2)CCS3)c1)c1ccc2c(c1)OCCO2)c1ccco1
O=C(NCC(Oc1ccc2c(cnn2-c2cncnc2)c1)c1ccc2c(c1)OCCO2)c1cnc2c(c1)CCN2
O=C(NCC(Oc1ccc2c(cnn2-c2nccc3c2CCN(Cc2cccc4c2OCCO4)C3)c1)c1ccc2c(c1)OCCO2)c1c[nH]cn1
c1cc(-n2ncc3cc(OCc4ccc5c(c4)OCCN5)ccc32)[nH]n1
O=C(NCC(Oc1ccc2c(cnn2-c2ccccc2-c2ccco2)c1)c1ccc2c(c1)OCCO2)c1cnc[nH]1
O=C(NCC(Oc1ccc2c(cnn2-c2ccncn2)c1)c1ccccc1)c1cn[nH]c1
O=C(NCC(Oc1ccc2c(cnn2-c2nnc[nH]2)c1)c1ccc2c(c1)OCCCO2)c1ccccc1
O=C(CCNc1cccnc1)NCC(Oc1ccc2c(cnn2-c2ccc3cnccc3n2)c1)c1ccc2c(c1)OCCO2
O=C(NCC(Oc1ccc2c(cnn2-c2cc3c(cn2)OCCC3)c1)c1ccccc1)c1ccccc1
O=C(NCC(Oc1ccc2c(cnn2-c2ncnn2-c2ccccc2)c1)c1ccc2c(c1)OCCO2)c1ccn[nH]1
O=C(NCC(Oc1ccc2c(cnn2-c2nccc3ccccc23)c1)c1ccc2c(c1)OCCO2)c1cc[nH]n1
O=C(NCC(Oc1ccc2c(cnn2-c2cnc3[nH]ccc3c2)c1)c1ccc2c(c1)OCCO2)c1c[nH]nn1
O=C(NCC(Oc1ccc2c(cnn2-c2ccc3c(c2)CCC3)c1)c1ccc2c(c1)OCCCO2)c1ccno1
O=C(NCC(Oc1ccc2c(cnn2-c2cnc(-c3ccoc3)nn2)c1)c1ccccc1)c1ccno1
O=C(NCC(Oc1ccc2c(cnn2-c2ccccc2)c1)c1ccc2c(c1)OCCO2)c1cnn2cccnc12
O=C(NCC(Oc1cc2cnn(-c3cccnc3)c(=O)c2s1)c1ccc2c(c1)OCCO2)C1CCOC1
O=C(NCC(Oc1ccc2c(cnn2-c2ncnc3[nH]ncc23)c1)c1ccc2c(c1)CCC2)Nc1ccccc1
O=C(NCC(Oc1ccc2c(cnn2-c2cnc3ccncc3n2)c1)c1ccccc1)C1CNC1
O=C(NCC(Oc1ccc2c(cnn2-c2cccnc2)c1)c1ccc2c(c1)OCCC2)c1cc2ccccc2s1
O=C(NCC(Oc1ccc2c(cnn2-c2cccnn2)c1)c1ccc2c(c1)OCCO2)c1cccc2cccnc12
O=C(NCC(Oc1ccc2c(cnn2-c2cc3c(cn2)cnn3-c2ccccn2)c1)c1ccc2c(c1)OCCO2)C1CCC1
c1cc(-n2ncc3cc(OCc4ccc5c(c4)OCCO5)ccc32)nc(-n2nnc3ccccc32)c1
O=C(NCC(Oc1ccc2c(cnn2-c2ccc3c(c2)CCN3)c1)c1ccc2c(c1)OCCO2)c1ncc[nH]1
O=C(NCC(Oc1ccc2c(cnn2-c2nnc3ccccn23)c1)c1ccccc1)c1nccc2cscc12
O=C(NCC(Oc1ccc2c(cnn2-c2ccccc2CN2CCOCC2=O)c1)c1ccc2c(c1)OCCO2)c1cnoc1
O=C(Cc1ccccc1)NCC(Oc1ccc2c(cnn2-c2cnc3ccccn23)c1)c1ccc2c(c1)OCCO2
O=C(NCC(Oc1ccc2c(cnn2-c2cn(CCc3cc4cccnc4o3)nn2)c1)c1ccccc1)c1cscn1
O=C(NCC(Oc1ccc2c(cnn2-c2ccc(-n3cc(C4CC4)cn3)cc2)c1)c1ccc2c(c1)OCCO2)C1CCC1
O=C(NCC(Oc1ccc2c(cnn2-c2ccc(-n3ccnc3)cc2)c1)c1ccc2ncsc2c1)C1CCC1
N=c1c(C(=O)NCC(Oc2ccc3c(cnn3-c3cncc(C4CCc5cnccc54)c3)c2)c2ccccc2)c[nH]n1-c1ccccc1
O=C(NCC(Oc1ccc2c(cnn2-c2cccc(-c3[nH]nc4ncccc34)c2)c1)c1ccc2c(c1)OCCO2)c1ccccc1
O=C(NCC(Oc1ccc2c(cnn2-c2nnc[nH]2)c1)c1ccc2c(c1)CCCO2)c1ccc2ccccc2c1
O=C(NCC(Oc1ccc2c(cnn2-c2nccc3c2CCN(Cc2ccccn2)C3)c1)c1ccc2c(c1)CCC2)c1cncnc1
O=C(NCC(Oc1ccc2c(cnn2-c2ccccn2)c1)c1ccc2c(c1)OCCO2)c1cnn2cccnc12
O=C(NCC(Oc1ccc2c(cnn2-c2n[nH]c3ncccc23)c1)c1ccccc1)c1ccn[nH]1
O=C(NCC(Oc1ccc2c(cnn2-c2ccncn2)c1)c1ccccc1)c1cnc(-n2cccn2)s1
O=C(NCC(Oc1ccc2c(cnn2-c2ccc3nccn3n2)c1)c1cncnc1)c1cnco1
O=C(Cc1cccc2ccccc12)NCC(Oc1ccc2c(cnn2-c2ccc(-n3cccn3)cc2)c1)c1ccc2c(c1)OCCCO2
O=C(NCC(Oc1ccc2c(cnn2-c2nccc(-c3cn[nH]c3)n2)c1)c1ccc2c(c1)OCCO2)c1cnoc1
O=C(NCC(Oc1ccc2c(cnn2-c2cncc(C3CC3)n2)c1)c1ccc2c(c1)OCCO2)c1cnsn1
O=C(NCC(Oc1ccc2c(cnn2-c2cnc3c(c2)CCN(C2CCNCC2)C3=O)c1)c1ccccc1)c1ccccc1
O=C(NCC(Oc1ccc2c(cnn2-c2cccnn2)c1)c1ccccc1)c1cncs1
c1nc(-n2ncc3cc(OCc4ccc5c(c4)OCCN5)ccc32)c2ncn(C3CCCC3)c2n1
O=C(NCC(Oc1ccc2c(cnn2-c2ccccc2-c2ccccn2)c1)c1ccccc1)c1ncc[nH]1
O=C(NCC(Oc1ccc2c(cnn2-c2ccc3c(=O)n(-c4ccccc4)ncc3c2)c1)c1ccc2c(c1)OCCO2)c1ccccc1
O=C(NCC(Oc1ccc2c(cnn2-c2cccc(N3CCCCC3)n2)c1)c1ccc2c(c1)OCCO2)C1CC1
O=C(NCC(Oc1ccc2c(cnn2-c2cc3ccccc3cn2)c1)c1ccc2c(c1)OCCO2)c1ccccc1
O=C(NCC(Oc1ccc2c(cnn2-c2ccc3scnc3c2)c1)c1ccc2c(c1)OCCO2)c1cnoc1
O=C(NCC(Oc1ccc2c(cnn2-c2ncncn2)c1)c1ccccc1)c1cscn1
O=C(NCCc1c[nH]c2ccccc12)c1cc(-c2cccs2)n(-c2ccccc2)n1
O=C(NCC(Oc1ccc2c(cnn2-c2cn(-c3ccnc4ccccc34)nn2)c1)c1ccc2c(c1)OCCO2)c1ccoc1
O=C(NCC(Oc1ccc2c(cnn2-c2cccc(N3CCCC3)n2)c1)c1ccccc1)c1coc2ccccc12
O=S(=O)(NCCNc1ccc2c(c1)nnn2-c1ncccc1-c1ccncc1)c1cccs1
O=C(NCC(Oc1ccc2c(cnn2-c2ncnc3ccccc23)c1)c1ccccc1)c1cn[nH]c1
O=C1CN(c2cc(-n3ncc4cc(OC(CNC(=O)c5ccn[nH]5)c5ccccc5)ccc43)ncn2)CCN1
c1cc(-n2ncc3cc(OCc4ccc5c(c4)OCCN5)ccc32)c2cccnc2c1
O=C(NCC(Oc1ccc2c(cnn2-c2ncnc3ccsc23)c1)c1ccc2c(c1)CCO2)c1cncs1
O=C(NCC(Oc1ccc2c(cnn2-c2cnc3c(c2)CC2CCCN32)c1)c1ccc2c(c1)OCCO2)c1ccco1
O=C(NCC(Oc1ccc2c(cnn2-c2ccccc2-c2nc[nH]n2)c1)c1ccccc1)c1cnco1
c1ncc(-n2ncc3cc(OCc4ccc5c(c4)CCC5)ccc32)o1
O=C(NCC(Oc1ccc2c(cnn2-c2ccncn2)c1)c1ccc2c(c1)OCCO2)c1csnn1
O=C(NCC(Oc1ccc2c(cnn2-c2nccn2-c2ccncc2)c1)c1ccc2occc2c1)c1ccccc1
O=C(NCC(Oc1ccc2c(cnn2-c2ccnc(C3CC3)n2)c1)c1ccc2c(c1)OCCO2)c1ccccc1
O=C(Cc1ccsc1)NCC(Oc1ccc2c(cnn2-c2nnc3ccccn23)c1)c1cnccn1
N=c1scc(-c2ccccc2)n1-c1ccccc1
O=C(NCC(Oc1ccc2c(cnn2-c2cc(-c3nnco3)ccn2)c1)c1ccc2c(c1)OCC2)c1cccc2[nH]ncc12
O=C(NCC(Oc1ccc2c(cnn2-c2ncnc3c2nnn3CCC2CC2)c1)c1ccncc1)C1CC1
O=C(NCC(Oc1ccc2c(cnn2-c2cccc(N3CCCC3)n2)c1)c1ccccc1)c1cn[nH]c1
N=c1[nH]cccc1-n1ncc2cc(OC(CNC(=O)c3ccccc3)c3ccc4c(c3)OCCO4)ccc21
O=C(NCC(Oc1ccc2c(cnn2-c2cccc(N3CCOCC3)n2)c1)c1ccccc1)c1cccnc1
c1ccc(COc2ccc3c(cnn3-c3nc(-c4cn[nH]c4)cs3)c2)nc1
O=C(NCC(Oc1ccc2c(cnn2-c2ccccc2)c1)c1ccccc1)c1cn(-c2ccccc2)c(=O)[nH]c1=O
O=C(NCC(Oc1ccc2c(cnn2-c2cnc3[nH]c(=O)[nH]c3c2)c1)c1ccc2c(c1)OCCO2)Nc1ccccc1
O=C(Cc1ccccc1)NCC(Oc1ccc2c(cnn2-c2cnc3ccccn23)c1)c1ccc2c(c1)CCO2
O=C(NCC(Oc1ccc2c(cnn2-c2cnn(CCOc3ccccc3)c2)c1)c1ccc2c(c1)OCCO2)c1cnc(-c2ccncc2)s1
O=C(NCC(Oc1ccc2c(cnn2-c2nccc3c2CCCC3)c1)c1ccc2c(c1)CCC2)c1nsc2ccccc12
O=C(NCC(Oc1ccc2c(cnn2-c2cnn(-c3cncnc3)c2)c1)c1ccc2c(c1)CCOC2)C1CCOCC1
O=C(COc1ccccc1)NCC(Oc1ccc2c(cnn2-c2ncccn2)c1)c1ccc2c(c1)OCCO2
O=C(NCC(Oc1ccc2c(cnn2-c2cccc(-c3cn[nH]c3)n2)c1)c1ccccc1)C1COCCO1
N=c1cc(-n2ncc3cc(OC(CNC(=O)c4ccccc4)c4ccc5c(c4)OCCO5)ccc32)[nH]cn1
N=c1ccc(CCCC(Oc2ccc3c(cnn3-c3ccccc3)c2)c2ccc3c(c2)CCC3)c[nH]1
O=C(NCC(Oc1ccc2c(cnn2-c2cncnc2)c1)c1ccc2c(c1)COC2)c1cccs1
O=C(NCC(Oc1ccc2c(cnn2-c2cncc(-c3ccn[nH]3)c2)c1)c1ccccc1)c1ccccc1
O=C(NCC(Oc1ccc2c(cnn2-c2ccn3cccc3c2)c1)c1ccc2c(c1)OCCO2)c1cncs1
O=C(NCC(Oc1ccc2c(cnn2-c2nccc3c2CCN(C(=O)c2ccsc2)C3)c1)c1ccc2c(c1)OCCCO2)c1cscn1
c1nnc(-n2ncc3cc(OCc4ccc5c(c4)OCCCO5)ccc32)o1
O=C(NCC(Oc1ccc2c(cnn2-c2ccccn2)c1)c1nccs1)C1CCC1
c1cnc2c(-n3ncc4cc(OCc5ccc6c(c5)OCCO6)ccc43)ccnc2c1
O=C(NCC(Oc1ccc2c(cnn2-c2ccc3c(c2)[nH]c2ccccc23)c1)c1ccccc1)c1cnco1
O=C(NCC(Oc1ccc2c(cnn2-c2ccc3nc[nH]c3c2)c1)c1ccc2c(c1)OCCO2)c1ccccc1
O=C(NCC(Oc1ccc2c(cnn2-c2ccc(-c3ncon3)cc2)c1)c1ccccc1)c1cocn1
O=C(NCC(Oc1ccc2c(cnn2-c2c[nH]cn2)c1)c1ccc2c(c1)OCCO2)C1CCCNC1
O=C(NCC(Oc1ccc2c(cnn2-c2ncon2)c1)c1ccccn1)c1cc[nH]n1
c1cc(N2CCCC2)nc(-n2ncc3cnc(-c4cnn(C5CCNCC5)c4)cc32)c1
O=C(NCC(Oc1ccc2c(cnn2-c2cc(-c3ccccc3)n[nH]2)c1)c1ccc2c(c1)OCCO2)c1ccn[nH]1
O=C(NCC(Oc1ccc2c(cnn2-c2ccncn2)c1)c1ccc2c(c1)CCO2)C1CCCCC1
c1cnc2cc(-c3cn(-c4ccc5[nH]cnc5c4)nn3)ccc2n1
O=C(NCC(Oc1ccc2c(cnn2-c2nccc3ccncc23)c1)c1ccccc1)c1cncs1
O=C(NCC(Oc1ccc2c(cnn2-c2cccc(-n3cccn3)n2)c1)c1ccc2c(c1)OCCO2)c1ccccn1
c1ccc(-n2ncc3cc(Cn4ccnc4)ccc32)cc1
O=C(NCC(Oc1ccc2c(cnn2-c2coc3ccncc23)c1)c1ccc2c(c1)CCO2)c1ccoc1
O=C(NCC(Oc1ccc2c(cnn2-c2ccc3nccnc3n2)c1)c1ccc2c(c1)CCO2)c1nsc2ccccc12
O=C(NCC(Oc1ccc2c(cnn2-c2cc3[nH]nnc3cn2)c1)c1ccc2c(c1)OCCO2)c1ccncc1
O=C(NCC(Oc1ccc2c(cnn2-c2ccnc(-c3cc[nH]n3)c2)c1)c1ccc2c(c1)OCCO2)c1ccccc1
O=C1CCC(C(=O)NCC(Oc2ccc3c(cnn3-c3cn[nH]c3)c2)c2cnccn2)CC1
O=C(NCC(Oc1ccc2c(cnn2-c2ncnc3[nH]ccc23)c1)c1cccnc1)c1cnoc1
O=C(NCC(Oc1ccc2c(cnn2-c2ccncn2)c1)c1ccc2c(c1)CCC2)c1ncc2ccccc2n1
O=C(NCC(Oc1ccc2c(cnn2-c2cnccn2)c1)c1ccc2c(c1)CNC2)C1(c2ccccc2)CCCO1
O=C(NCC(Oc1ccc2c(cnn2-c2ncccn2)c1)c1ccc2c(c1)OCCCO2)C1CCC1
O=C(Cc1ccccc1)NCC(Oc1ccc2c(cnn2-c2cn[nH]c2)c1)c1ccc2c(c1)OCCO2
O=C(NCC(Oc1ccc2c(cnn2-c2cccc(-c3ccccn3)c2)c1)c1ccc2c(c1)OCCO2)c1ccn[nH]1
O=C(NCC(Oc1ccc2c(cnn2-c2ncn[nH]2)c1)c1ccc2c(c1)OCCO2)c1ccccc1
O=C(NCC(Oc1ccc2c(cnn2-c2cccc(-n3cccn3)c2)c1)c1ccc2c(c1)OCCO2)c1ccncc1
O=C(NCC(Oc1ccc2c(cnn2-c2cnc3ccccc3c2)c1)c1ccsc1)c1cc[nH]n1
c1csc(-c2cc(N3CCOCC3)nc(-n3ncc4cc(OCc5ccc6c(c5)OCCO6)ccc43)c2)n1
c1cc2c(cc1COc1ccc3c(cnn3-c3ccc4n[nH]cc4c3)c1)OCCN2C1CCNCC1
O=C(NCC(Oc1ccc2c(cnn2-c2nccc3c2CNC3)c1)c1ccccc1)c1cccc(-n2cccn2)c1
O=C(NCC(Oc1ccc2c(cnn2-c2cccc3c2CCCC3)c1)c1ccc2c(c1)OCCO2)C1CCCNC1
O=C(NCC(Oc1ccc2c(cnn2-c2cn[nH]c2)c1)c1ccc2c(c1)OCCO2)c1cccc2scnc12
O=C(NCC(Oc1ccc2c(cnn2-c2cnoc2)c1)c1ccc2c(c1)OCCCO2)c1cnoc1
O=C(NCC(Oc1ccc2c(cnn2-c2cc3c4c([nH]c3cn2)CCCC4)c1)c1ccc2c(c1)OCCO2)C1CCC1
O=C(NCC(Oc1ccc2c(cnn2-c2cnc3[nH]ncc3c2)c1)c1ccccc1)c1cncnc1
O=C(NCC(Oc1ccc2c(cnn2-c2cccnc2)c1)c1ccc2c(c1)CCC2)c1ncc[nH]1
O=C(NCC(Oc1ccc2c(cnn2-c2ccc3c(cnn3-c3cccnc3)c2)c1)c1ccc2c(c1)OCCO2)c1ccccc1
O=C(NCC(Oc1ccc2c(cnn2-c2cncc(C3CCC3)n2)c1)c1ccccc1)c1csnn1
c1c[nH]c(-n2ncc3cc(OCc4ccc5c(c4)OCCO5)ccc32)n1
O=C(CCNC(=O)c1ccco1)NCC(Oc1ccc2c(cnn2-c2cnn(CCOc3ccccc3)c2)c1)c1ccc2c(c1)OCCO2
O=C(NCC(Oc1ccc2c(cnn2-c2cccnc2)c1)c1ccc2c(c1)OCCO2)c1cccnc1
O=C(NCC(Oc1ccc2c(cnn2-c2cc(C3CC3)ncn2)c1)c1ccccc1)c1ccoc1
O=C(NCC(Oc1ccc2c(cnn2-c2cccnc2)c1)c1ccc2c(c1)OCCO2)c1cnoc1
O=C(NCC(Oc1ccc2c(cnn2-c2nccc3cnc(N4CCOCC4)nc23)c1)c1ccc2c(c1)OCC2)C1CCC1
O=C(NCC(Oc1ccc2c(cnn2-c2ccn[nH]2)c1)c1ccc2c(c1)CCC2)c1ccncc1
O=C(NCC(Oc1ccc2c(cnn2-c2ccc3nc[nH]c(=O)c3c2)c1)c1ccccc1)c1cnns1
O=C(CCc1ccccc1)NCC(Oc1ccc2c(cnn2-c2cncnc2)c1)c1ccccc1
O=C(NCC(Oc1ccc2c(cnn2-c2cn[nH]c2)c1)c1ccccc1)c1ccccn1
O=C(NCC(Oc1ccc2c(cnn2-c2nncs2)c1)c1ccc2c(c1)CCC2)c1cnccn1
O=C(NCC(Oc1ccc2c(cnn2-c2ncccn2)c1)c1ccc2c(c1)OCCO2)c1ccco1
O=C(Cc1ccccc1)NCC(Oc1ccc2c(cnn2-c2cccc(-c3ccccc3)c2)c1)c1ccccc1
O=c1ccc(-n2ncc3cc(OC(CC4CCCCN4)c4ccc5c(c4)COC5)ccc32)n[nH]1
O=C(NCC(Oc1ccc2c(cnn2-c2ccc3[nH]ccc3c2)c1)c1ccc2c(c1)OCCO2)c1ccccc1
O=C(NCC(Oc1ccc2c(cnn2-c2cc3sccc3cn2)c1)c1ccccc1)c1ccc(=O)[nH]c1
O=C(NCC(Oc1ccc2c(cnn2-c2ccc(-n3ncc4ccccc43)cn2)c1)c1ccccc1)c1csnn1
O=C(NCC(Oc1ccc2c(cnn2-c2ccc(N3CCCCC3=O)nc2)c1)c1ccc2c(c1)OCCO2)c1ccnnc1
O=C(NCC(Oc1ccc2c(cnn2-c2cnn(CC34CC5CC(CC(C5)C3)C4)c2)c1)c1ccc2c(c1)OCCCO2)C1COc2ccccc2O1
O=C(NCC(Oc1ccc2c(cnn2-c2nccc3c2cnn3-c2ccccc2)c1)c1ccc2c(c1)OCCCO2)c1cnc2ccccc2c1
O=C(NCC(Oc1ccc2c(cnn2-c2cc(-n3ncc4ccccc43)cc(N3CCOCC3)n2)c1)c1ccc2c(c1)OCCO2)C1CCC1
O=C(NCC(Oc1ccc2c(cnn2-c2cccc(-c3ccn[nH]3)c2)c1)c1ccccc1)c1cnco1
O=C(NCC(Oc1ccc2c(cnn2-c2ccc(-n3ccnc3)cc2)c1)c1ccc2c(c1)OCCO2)c1nccs1
O=C(NCC(Oc1ccc2c(cnn2-c2ccc3nncn3n2)c1)c1ccccc1)c1ccccc1
O=C(NCC(Oc1ccc2c(cnn2-c2cc[nH]c(=NCc3cnon3)n2)c1)c1ccccc1)c1cccnn1
c1cc2ccc(-n3ncc4cc(OCc5ccc6c(c5)CC6)ccc43)cc2[nH]1
O=C(NCC(Oc1ccc2c(cnn2-c2cccc(-c3[nH]nc4ncccc34)c2)c1)c1ccc2c(c1)OCCO2)c1cccs1
O=C(NCC(Oc1ccc2c(cnn2-c2cccc(N3CCCNCC3)n2)c1)c1ccccc1)c1cccnc1
O=C(NCC(Oc1ccc2c(cnn2-c2nc3c(c(=O)[nH]2)CCCC3)c1)c1ccc2c(c1)CCO2)c1cnc[nH]1
O=C(NCC(Oc1ccc2c(cnn2-c2nc(N3CCOCC3)c3ccncc3n2)c1)c1ccccc1)c1cnoc1
O=C(NCC(Oc1ccc2c(cnn2-c2ccccc2-c2ncccn2)c1)c1ccc2c(c1)OCCCO2)C1CCCNC1
O=C(NCC(Oc1ccc2c(cnn2-c2ncnc3ccccc23)c1)c1ccc2c(c1)OCCO2)c1cc2ccccc2[nH]1
O=C(NCC(Oc1ccc2c(cnn2-c2cnoc2)c1)c1ccccc1)c1ccnc2[nH]ncc12
O=C(NCC(Oc1ccc2c(cnn2-c2ccc3cccnc3c2)c1)c1ccc2c(c1)OCCO2)c1cscn1
O=C(NCC(CC1CCCC1)Oc1ccc2c(cnn2-c2ccccc2)c1)c1ccccc1Oc1ccccc1
O=C1NC(=O)C2(Cc3cc(-n4ncc5cc(OCc6ccc7c(c6)OCCO7)ccc54)cnc3C2)N1
c1cc(-n2ccc3ccccc32)cc(-n2ncc3cc(OCc4ccc5c(c4)OCCO5)ccc32)c1
O=C(NCC(Oc1ccc2c(cnn2-c2cncc(-c3cccnc3)c2)c1)c1ccccc1)c1cocn1
O=C(NCC(Oc1ccc2c(cnn2-c2ccccc2)c1)c1ccc2c(c1)CCC2)c1nccs1
O=C(NCC(Oc1ccc2c(cnn2-c2cc(-c3ccncc3)cc(N3CCOCC3)n2)c1)c1ccccc1)c1cnon1
O=C(NCC(Oc1ccc2c(cnn2-c2ccccc2)c1)c1ccc2c(c1)OCCCO2)c1cccs1
c1ccc(C[SH+]Cc2cccc3ccccc23)cc1
O=C(NCc1ncccn1)c1cccc(-n2nc(OCc3ccccc3)c3ccccc32)c1
O=C(NCC(Oc1ccc2c(cnn2-c2cnc3[nH]c(=O)[nH]c3n2)c1)c1ccc2c(c1)OCCO2)c1ccccn1
O=C(Cc1ccsc1)NCC(Oc1ccc2c(cnn2-c2nccc3nccn23)c1)c1ccc2c(c1)OCCCO2
O=C(NCC(Oc1ccc2c(cnn2-c2nnco2)c1)c1ccccc1)c1cnc(-c2ccsc2)s1
c1cc(N2CCOCC2)nc(-n2ncc3cc(OCc4ccc5c(c4)OCCO5)ccc32)c1
O=C(NCC(Oc1ccc2c(cnn2-c2cn(Cc3ccnc4ccccc34)nn2)c1)c1ccc2c(c1)OCCO2)c1ccno1
O=C(NCC(Oc1ccc2c(cnn2-c2nc3ccccc3[nH]2)c1)c1ccc2c(c1)CCN(Cc1ccncc1)C2)c1ccsc1
O=C(CC1C(=O)N=CCN1S(=O)(=O)c1ccccc1)NCc1ccccc1
O=C(NCC(Oc1ccc2c(cnn2-c2ccccn2)c1)c1ccc2c(c1)OCCO2)c1cc[nH]n1
c1ccc(-c2cccc(-n3ncc4ccccc43)c2)cc1
O=C(NCC(Oc1ccc2c(cnn2-c2nc(=O)c3c([nH]2)CCC3)c1)c1ccc2c(c1)OCCO2)c1cnccn1
O=C(NCC(Oc1ccc2c(cnn2-c2nccc3c2CCN(Cc2ccccn2)C3)c1)c1ccccc1)c1cccc2cnccc12
c1cncc(-c2ncc(-n3ncc4cc(OCc5ccc6c(c5)OCCO6)ccc43)nn2)c1
O=C(CCc1ccc(-c2ccccc2)cc1)NCC(Oc1ccc2c(cnn2-c2cnc3ncnn3c2)c1)c1ccc2c(c1)OCCO2
O=C(NCC(Oc1ccc2c(cnn2-c2ccccn2)c1)c1ccc2c(c1)OCCCO2)c1ccn[nH]1
O=C(NCC(Oc1ccc2c(cnn2-c2ncccn2)c1)c1ccc2c(c1)OCCO2)c1ncn2ccccc12
O=C(NCc1ccccc1)NCC(Oc1ccc2c(cnn2-c2ncnc3c2CCC3)c1)c1ccccc1
O=C(NCC(Oc1ccc2c(cnn2-c2ccc3cnn(C4CCOC4)c3n2)c1)c1ccc2c(c1)OCCO2)C1CCC1
O=C(NCC(Oc1ccc2c(cnn2-c2cc3c(cn2)CNCC3)c1)c1ccc2c(c1)CCCC2)c1cccs1
O=C(Cc1cccc2c1OCO2)NCC(Oc1ccc2c(cnn2-c2nn[nH]n2)c1)c1ccc2c(c1)OCCO2
O=C(NCC(Oc1ccc2c(cnn2-c2nc3ncccc3[nH]2)c1)c1ccc2c(c1)OCCO2)c1cnccn1
O=C(Cc1cscn1)NCC(Oc1ccc2c(cnn2-c2cccnn2)c1)c1ccc2c(c1)OCCO2
c1ccc(COc2ccc3c(cnn3-c3ccc4oncc4c3)c2)cc1
O=C(NCC(Oc1ccc2c(cnn2-c2nc(=O)cc[nH]2)c1)c1ccc2c(c1)OCCCO2)c1cnc(=O)[nH]c1
O=C(NCC(Oc1ccc2c(cnn2-c2nccs2)c1)c1ccc2c(c1)CCC2)c1cncs1
O=C(NCC(Oc1ccc2c(cnn2-c2ccncn2)c1)c1ccc2c(c1)OCCN2)c1cnsn1
O=C(NCC(Oc1ccc2c(cnn2-c2cnc3nccn3c2)c1)c1cccnc1)C1CCC1
O=C(NCC(Oc1ccc2c(cnn2-c2ncnc3c2CCC3)c1)c1ccc2c(c1)OCCCO2)c1cnccn1
O=C(NCC(Oc1ccc2c(cnn2-c2cccnc2)c1)c1ccc2c(c1)OCCCO2)c1ccc[nH+]c1
O=C(NCC(Oc1ccc2c(cnn2-c2cncc3ccncc23)c1)c1ccc2c(c1)OCCO2)c1cccnc1
O=C(NCC(Oc1ccc2c(cnn2-c2cccc(C3CC3)n2)c1)c1ccccc1)c1ccccc1
c1cc(-c2nc(-c3cnns3)[nH]c2-c2ccc3ncnn3c2)ccn1
O=C(NCC(Oc1ccc2c(cnn2-c2cc(=NC(=O)C3CC3)[nH][nH]2)c1)c1ccc2c(c1)OCCO2)c1ccc[nH]1
O=C(NCC(Oc1ccc2c(cnn2-c2nc3ncccc3o2)c1)c1ccc2c(c1)OCCCO2)C1CCC1
O=C(NCC(Oc1ccc2c(cnn2-c2ccc3ncsc3c2)c1)c1ccc2c(c1)CCC2)c1cn[nH]c1
O=C(NCC(Oc1ccc2c(cnn2-c2cnc3[nH]ncc3c2)c1)c1ccc2c(c1)OCCO2)c1cnn2cccnc12
O=C(NCC(Oc1ccc2c(cnn2-c2cn(C3CCCCC3)nn2)c1)c1ccc2c(c1)OCCO2)c1ccccn1
O=C(NCC(Oc1ccc2c(cnn2-c2cnc3c(c2)CCCN3)c1)c1ccc2c(c1)CCC2)c1ncc[nH]1
O=C(NCC(Oc1ccc2c(cnn2-c2ccccc2)c1)c1cccnc1)C1CCN1
O=C(NCC(Oc1ccc2c(cnn2-c2nccc3c2cnn3-c2cccnc2)c1)c1ccc2ncccc2c1)c1ccon1
O=C(NCC(Oc1ccc2c(cnn2-c2cnc3[nH]ncc3n2)c1)c1ccc2c(c1)OCCO2)c1c[nH]cn1
O=C(NCC(Oc1ccc2c(cnn2-c2ccccn2)c1)c1ccc2c(c1)OCCO2)c1ccccc1
O=C(NCC(Oc1ccc2c(cnn2-c2cnc3c(cnn3-c3ncccn3)c2)c1)c1ccc2c(c1)OCCO2)c1ccsc1
c1ccc(-c2c[nH]c(-c3cccc4ccsc34)n2)cc1
O=C(CCc1ccco1)NCC(Oc1ccc2c(cnn2-c2ncnc3[nH]ccc23)c1)c1ccccn1
c1ccc(N=c2ncc3[nH]c4cc(-c5cccnc5)ccc4c3n2-c2ccccc2)cc1
O=C(NCC(Oc1ccc2c(cnn2-c2cccc(-n3cncn3)c2)c1)c1ccc2c(c1)OCCO2)c1ccn[nH]1
O=C(CCc1ccccc1)NCC(Oc1ccc2c(cnn2-c2ccncn2)c1)c1ccc2c(c1)OCCCO2
O=C(NCC(Oc1ccc2c(cnn2-c2nc(N3CCOCC3)ncc2-c2cccnc2)c1)c1ccc2c(c1)OCCO2)C1CCC1
O=C(NCC(Oc1ccc2c(cnn2-c2ccccc2)c1)c1ccccc1)c1cnco1
O=C(NCC(Oc1ccc2c(cnn2-c2nccn2CCN2CCCC2)c1)c1ccccc1)c1cccc(-n2nccn2)c1
O=C(NCC(Oc1ccc2c(cnn2-c2cc3c(cn2)CCNCC3)c1)c1ccc2c(c1)OCCO2)c1cnc2ccccc2c1
O=C(NCC(Oc1ccc2c(cnn2-c2ccc3cnncc3c2)c1)c1ccc2cc1C=CO2)C1CCCCO1
O=C(NCC(Oc1ccc2c(cnn2-c2ncnc3c2CCC3)c1)c1ccc2c(c1)CCC2)c1cnn(Cc2ccccc2)c1
O=C(NCC(Oc1ccc2c(cnn2-c2ncnc3ccsc23)c1)c1ccc2c(c1)OCCO2)c1cn[nH]c1
O=C(NCC(Oc1ccc2c(cnn2-c2ccncc2)c1)c1ccc2c(c1)OCCCO2)c1cncn(Cc2ccccc2)c1=O
O=C(NCC(Oc1ccc2c(cnn2-c2ccccc2)c1)c1ccccc1)c1ncco1
O=C(NCC(Oc1ccc2c(cnn2-c2ncccn2)c1)c1ccc2c(c1)OCCO2)c1nccc2ccccc12
c1ccc(-n2ccc(Cc3cc4ccccc4cn3)n2)cc1
c1nc(-n2ncc3cc(OCc4ccc5c(c4)OCCN5)ccc32)no1
c1cc2c(cc1COc1ccc3c(cnn3-c3ccc4[nH]ncc4c3)c1)OCCO2
O=C(NCC(Oc1ccc2c(cnn2-c2cccc(-c3cccc4ccccc34)c2)c1)c1ccc2c(c1)OCCO2)c1cnn2c1OCCC2
O=C(NCC(Oc1ccc2c(cnn2-c2ccncn2)c1)c1ccc2c(c1)OCCCO2)c1cccc2ccccc12
O=C(NCC(Oc1ccc2c(cnn2-c2cnc3[nH]ccc3c2)c1)c1ccc2c(c1)OCCCO2)c1cnns1
O=C(NCC(Oc1ccc2c(cnn2-c2ccc(-c3ccno3)cc2)c1)c1ccc2c(c1)OCCCO2)C1CCCO1
O=C(NCC(Oc1ccc2c(cnn2-c2ccc(-c3ccccc3)nn2)c1)c1ccc2c(c1)COC2)C1CC1
O=C(NCC(Oc1ccc2c(cnn2-c2ccc3nccnc3c2)c1)c1ccc2c(c1)OCCO2)c1ccncc1
c1cc(-n2ncc3cc(OCc4ccc5c(c4)OCCO5)ccc32)co1
O=C(NCC(Oc1ccc2c(cnn2-c2ccccc2)c1)c1ccc2c(c1)CNCC2)c1ccco1
O=C(NCC(Oc1cnc2c(cnn2-c2cccc(-n3cccn3)c2)c1)c1ccccc1)c1nsc2ccccc12
O=C(NCC(Oc1ccc2c(cnn2-c2cccnc2)c1)c1ccc2c(c1)OCCCO2)c1cccnc1
c1ccc(CCCNc2ccc3nnc(-c4ccccc4)n3n2)cc1
O=C(Oc1ccc2c(cnn2-c2ccccc2-c2nccs2)c1)c1ccc2cnoc2c1
c1ccc(-n2ncc3ccccc32)cc1
O=C(Cc1ccccc1)NCC(Oc1ccc2c(cnn2-c2ncnc3cn[nH]c23)c1)c1ccc2c(c1)OCCO2
O=C(NCC(Oc1ccc2c(cnn2-c2cnn(-c3cn[nH]c3)c2)c1)c1ccc2c(c1)OCCO2)c1cccnc1
O=C(NCC(Oc1ccc2c(cnn2-c2cc(C3CC3)ncn2)c1)c1cccnc1)C1CCCOC1
O=C(NCC(Oc1ccc2c(cnn2-c2ccc3nccn3c2)c1)c1ccc2c(c1)OCCO2)c1cccnc1
O=C(NCC(Oc1ccc2c(cnn2-c2ccc3[nH]ncc3c2)c1)c1ccc2ccccc2c1)c1cccs1
N=c1nc(-n2ncc3cc(OC(CNC(=O)C4CCCO4)c4ccncc4)ccc32)cc[nH]1
O=C(Cc1cccc2ccccc12)NCC(Oc1cc2cnn(-c3ccccc3-c3ccccn3)c2cn1)c1ccc2c(c1)OCCO2
O=C(NCC(Oc1ccc2c(cnn2-c2ncon2)c1)c1ccc2c(c1)OCC[SH+]2)c1ccccc1
O=C(NCC(Oc1ccc2c(cnn2-c2nncc3ccncc23)c1)c1ccccc1)c1ccon1
O=C(NCC(Oc1ccc2c(cnn2-c2ccccn2)c1)c1ccc2c(c1)OCCO2)c1ccc2c(c1)CCO2
O=C(NCC(Oc1ccc2c(cnn2-c2nc(-c3cn[nH]c3)cs2)c1)c1ccccc1)C1CCC1
O=C(NCC(Oc1ccc2c(cnn2-c2nc3ccccc3[nH]2)c1)c1ccc2c(c1)OCCO2)c1cnoc1
O=C(NCC(Oc1ccc2c(cnn2-c2cnc3ncccc3c2)c1)c1ccccc1)c1ccsc1
O=C(NCC(Oc1ccc2c(cnn2-c2ccc3[nH]ncc3c2)c1)c1ccccc1)C1CCCO1
O=C(NCC(Oc1ccc2c(cnn2-c2ccncn2)c1)c1cccnc1)c1ccccc1
O=C(NCC(Oc1ccc2c(cnn2-c2ncnc3c2CNCC3)c1)c1cccnc1)C1CCNC1
O=C(Cc1cccnc1)NCC(Oc1ccc2c(cnn2-c2ccccn2)c1)c1ccc2c(c1)OCCO2
O=C(NCC(Oc1ccc2c(cnn2-c2ncco2)c1)c1ccc2c(c1)OCCCO2)c1ccsc1
c1cc(-n2ncc3cc(OCc4ccc5c(c4)OCC5)ccc32)on1
O=C(NCC(Oc1ccc2c(cnn2-c2cncc(C3CC3)n2)c1)c1ccc2c(c1)OCCCO2)c1ccco1
O=C(CCc1ccccc1)NCC(Oc1ccc2c(cnn2-c2ncon2)c1)c1ccc2c(c1)OCCCO2
O=C(NCC(Oc1ccc2c(cnn2-c2ccccc2-n2nccn2)c1)c1ccc2c(c1)CCC2)c1ccn[nH]1
O=C(NCC(Oc1ccc2c(cnn2-c2cc3c(cn2)OCCC3)c1)c1ccccc1)c1cncnc1
O=C(NCC(Oc1ccc2c(cnn2-c2ccn3ccnc3c2)c1)c1ccsc1)c1cnccn1
O=C(NCC(Oc1ccc2c(cnn2-c2ccccc2-c2nccs2)c1)c1ccc2c(c1)OCCO2)c1cnoc1
O=C(NCC(Oc1ccc2c(cnn2-c2ccc(-n3cncn3)nn2)c1)c1ccc2c(c1)OCCO2)C1CCC1
O=C(CCc1ccccc1)NCC(Oc1ccc2c(cnn2-c2ccccc2-c2ncco2)c1)c1ccc2c(c1)OCCO2
O=C(CCCc1ccccc1)NCC(Oc1ccc2c(cnn2-c2nnnn2-c2ccccc2)c1)c1ccc2c(c1)OCCO2
O=C(NCC(Oc1ccc2c(cnn2-c2ncc[nH]2)c1)c1ccccc1)c1cccnc1
O=C(NCC(Oc1ccc2c(cnn2-c2cccc(-n3nnc4cncnc43)c2)c1)c1cnc(C2CC2)nc1)c1ncns1
O=C(NCC(Oc1ccc2c(cnn2-c2nnc3ccc(CCc4nccs4)cn23)c1)c1ccc2c(c1)OCCO2)C1CCC1
O=C(Cc1ccccc1)NCC(Oc1ccc2c(cnn2-c2cnc3c(c2)CCO3)c1)c1ccc2c(c1)CCO2
N=c1cc[nH]c(-n2ncc3cc(OC(CNC(=O)c4cnco4)c4ccccn4)ccc32)n1
N=c1cnc(-n2ncc3cc(OC(CNC(=O)c4cc[nH]n4)c4ccccc4)ccc32)c[nH]1
O=C(NCC(Oc1ccc2c(cnn2-c2ccncn2)c1)c1ccccc1)c1cn[nH]c1
O=C(NCC(Oc1ccc2nc(N3CCCC3c3ccccc3)ccc2c1)c1ccc2c(c1)OCCO2)C1CCCCC1
O=C(NCC(Oc1ccc2c(cnn2-c2cncnc2)c1)c1ccc2c(c1)CCO2)c1nccc2cnccc12
c1ccc(-n2nccn2)c(COc2ccc3c(cnn3-c3ccc4c(c3)CCNC4)c2)c1
O=C(NCC(Oc1ccc2c(cnn2-c2cc3cn[nH]c3cn2)c1)c1ccccc1)c1cccc(-n2cncn2)c1
O=c1ccc2cc(S(=O)(=O)N=c3cco[nH]3)ccc2n1-c1ccccc1
O=C(NCC(Oc1ccc2c(cnn2-c2ccccc2)c1)c1ccc2c(c1)CCNC2)C1CC1
O=C(Cc1ccccc1)NCC(Oc1ccc2c(cnn2-c2ccc3cc[nH]c3c2)c1)c1ccncc1
O=C(NCC(Oc1ccc2c(cnn2-c2nccc3c2CNC3)c1)c1ccsc1)c1cnoc1
O=C(NCC(Oc1ccc2c(cnn2-c2cc3ccncc3cn2)c1)c1ccc2c(c1)OCCO2)c1cc(-c2ccccn2)no1
O=C(NCC(Oc1ccc2c(cnn2-c2cccc(N3CCNCC3)n2)c1)c1ccc2c(c1)OCCO2)c1cccnc1
O=C(NCC(Oc1ccc2c(cnn2-c2cccc(-c3cnccn3)c2)c1)c1ccc2ccccc2c1)c1nccs1
O=C(NCC(Oc1ccc2c(cnn2-c2ccccc2)c1)c1ccccc1)c1csnn1
O=C(NCC(Oc1ccc2c(cnn2-c2ncnc3c2nnn3Cc2ccccc2)c1)c1ccc2c(c1)OCCO2)c1cnccn1
O=C(NCC(Oc1ccc2c(cnn2-c2ccc(-n3ccnn3)cc2)c1)c1ccccc1)c1cnc2ccccn12
O=C(Cc1ccccc1)NCC(Oc1ccc2c(cnn2-c2cc3c(cn2)CCNCC3)c1)c1ccc2c(c1)OCCO2
c1ccc(-n2ncc3cc(OCc4ccc5c(c4)OCCCO5)ccc32)nc1
O=C(NCC(Oc1ccc2c(cnn2-c2ncno2)c1)c1ccc2c(c1)OCCO2)c1cn[nH]c1
c1ccc(C(CNc2cc(-n3ccc4ccncc43)cc3[nH]cnc23)Cn2cncn2)cc1
O=C(NCC(Oc1ccc2c(cnn2-c2cncc(-c3ccccn3)c2)c1)c1ccccc1)c1ncc[nH]1
O=C(NCC(Oc1ccc2c(cnn2-c2cn[nH]c2)c1)c1ccc2c(c1)CCC2)c1cnco1
O=C(NCC(Oc1ccc2c(cnn2-c2ccnc(C3CC3)n2)c1)c1ccc2c(c1)OCCCO2)c1cncs1
O=C(NCC(Oc1ccc2c(cnn2-c2ccncn2)c1)c1ccc2[nH]ccc2c1)c1cc[nH]n1
O=C(NCC(Oc1ccc2c(cnn2-c2cccc(N3CCOCC3)n2)c1)c1ccccc1)c1cnc[nH]1
O=C(NCC(Oc1ccc2c(cnn2-c2ccccc2)c1)c1ccc2c(c1)OCCO2)c1ccco1
O=C(NCC(Oc1ccc2c(cnn2-c2nccc3c2CCCC3)c1)c1ccco1)c1nsc2ccccc12
O=C(COc1ccccc1)NCC(Oc1ccc2c(cnn2-c2ccn[nH]2)c1)c1ccc2c(c1)OCCCO2
O=C(NCC(Oc1ccc2c(cnn2-c2cccc(-c3cn[nH]c3)n2)c1)c1ccc2c(c1)OCCCO2)c1ncc[nH]1
c1cc2c(cc1COc1ccc3c(cnn3-c3ccc(Sc4ccc5c(c4)OCCO5)nn3)c1)OCCO2
O=C(NCC(Oc1ccc2c(cnn2-c2cn[nH]c2)c1)c1ccc2c(c1)OCCO2)c1ccccc1
O=C(NCC(Oc1ccc2c(cnn2-c2nccc3nccn23)c1)c1ccccc1)c1csnn1
O=C(NCC(Oc1ccc2c(cnn2-c2cccc3cnncc23)c1)c1ccc2c(c1)OCCO2)c1ccccc1
O=C(NCC(Oc1ccc2c(cnn2-c2cnoc2)c1)c1ccc2c(c1)OCCO2)c1ccon1
O=C(NCC(Oc1ccc2c(cnn2-c2ccncn2)c1)c1ccc2c(c1)OCCO2)c1cccc2ccncc12
O=C(NCC(Oc1ccc2c(cnn2-c2cn[nH]n2)c1)c1ccc2c(c1)OCCO2)c1ccoc1
c1cnc(N2CCN(C3CCCC3)CC2)c(-c2ccc3c(cnn3-c3ccncn3)c2)c1
O=C(NCC(Oc1ccc2c(cnn2-c2cnn(C3CC3)c2)c1)c1ccc2occc2c1)C1CCCN1
O=C(NCC(Oc1ccc2c(cnn2-c2cnc3[nH]ncc3c2)c1)c1ccccn1)C1CC1
O=C1C(NCCc2cc3ccc2CC3Oc2ccc3c(cnn3-c3ccnnc3)c2)CCN1Cc1ccccc1
O=C(NCC(Oc1ccc2c(cnn2-c2cnc3c(cnn3C3CCC3)c2)c1)c1ccc2c(c1)OCCO2)c1cc2ccccc2[nH]1
O=C(NCC(Oc1ccc2c(cnn2-c2cnc3cnncc3c2)c1)c1ccc2c(c1)OCCC2)c1ccccn1
O=C(NCC(Oc1ccc2c(cnn2-c2nccc3c2CCN(Cc2nccs2)C3)c1)c1ccc2c(c1)OCCO2)c1cncs1
O=C(NCC(Oc1ccc2c(cnn2-c2ccccc2)c1)c1ccccc1)c1cc2c(s1)CCNC2
O=C(NCC(Oc1ccc2c(cnn2-c2nccc3c2CCN(CC2CC2)C3)c1)c1ccc2c(c1)OCCO2)c1cnccn1
O=C(NCC(Oc1ccc2c(cnn2-c2cc(OCc3ccccn3)n[nH]2)c1)c1ccc2c(c1)OCCO2)C1CCOCC1
O=C(NCC(Oc1ccc2c(cnn2-c2ccnc(C3CC3)n2)c1)c1ccc2c(c1)CCC2)C1CCCCC1
O=C(NCC(Oc1ccc2c(cnn2-c2ccccn2)c1)c1ccccc1)c1cnco1
O=C(NCC(Oc1ccc2c(cnn2-c2ccc3nnsc3c2)c1)c1ccc2c(c1)OCCCO2)c1ncco1
O=C(NCC(Oc1ccc2c(cnn2-c2ncc3c(n2)NCC3)c1)c1ccc2c(c1)OCCO2)C1CCNCC1
O=C(NCC(Oc1ccc2c(cnn2-c2cnc3nc(N4CCOCC4)ccc3c2)c1)c1ccccc1)c1cccs1
O=C(NCC(Oc1ccc2c(cnn2-c2ccncn2)c1)c1ccccc1)c1cccs1
c1cc2cc(COc3ccc4c(cnn4-c4cc[nH]c4)c3)[nH]c2cn1
O=C(Cc1coc2cccnc12)NCC(Oc1ccc2c(cnn2-c2cccc3ncccc23)c1)c1ccc2c(c1)OCCO2
O=C(NCC(Oc1ccc2c(cnn2-c2cccc3nncn23)c1)c1ccc2c(c1)OCCO2)c1ncc2ccccc2n1
O=C(CCc1ccccc1)NCC(Oc1ccc2c(cnn2-c2nccc3c2CCN(Cc2ccccc2)C3)c1)c1ccc2c(c1)OCCO2
O=C(NCC(Oc1ccc2c(cnn2-c2cnn(-c3ccccn3)c2)c1)c1ccc2c(c1)OCCO2)c1cnoc1
O=C(NCC(Oc1ccc2c(cnn2-c2ccc3ncnn3c2)c1)c1ccc2c(c1)CCC2)c1cscn1
O=C(NCC(Oc1ccc2c(cnn2-c2conc2-c2ccncc2)c1)c1ccc2c(c1)OCCO2)c1ccno1
O=C(NCC(Oc1ccc2c(cnn2-c2c[nH]nn2)c1)c1ccccc1)c1csnn1
c1cc2c(c(-n3ncc4cc(OCc5ccc6[nH]ccc6c5)ccc43)n1)CCNCC2
O=C(NCC(Oc1ccc2c(cnn2-c2ncnc3c2ncn3C2CC2)c1)c1ccc2c(c1)CCO2)c1ccn[nH]1
O=C(NCC(Oc1ccc2c(cnn2-c2ccncc2)c1)c1ccc2c(c1)OCCO2)C1COc2ccccc2C1
O=C(NCC(Oc1ccc2c(cnn2-c2ccccc2-c2cnn[nH]2)c1)c1ccc2c(c1)OCCO2)c1cnoc1
O=C(NCC(Oc1ccc2c(cnn2-c2cccnc2)c1)c1ccc2c(c1)OCCO2)c1nnc(-c2ccccc2)s1
O=C(NCC(Oc1ccc2c(cnn2-c2ccc(-n3ccnc3)cn2)c1)c1cccnc1)C1CCC1
O=C(NCC(Oc1ccc2c(cnn2-c2cccc3cccnc23)c1)c1ccc2c(c1)OCCO2)c1cnc2cnccn12
O=C(NCC(Oc1ccc2c(cnn2-c2ccncc2-c2ccc(=O)[nH]c2)c1)c1ccc2c(c1)OCCO2)c1ccco1
O=C(NCC(Oc1ccc2c(cnn2-c2nc[nH]n2)c1)c1ccccc1)c1cnco1
c1cnn(-c2ccc(-n3ncc4cc(OCc5ccc6c(c5)OCCN6)ccc43)nn2)c1
O=C(NCC(Oc1ccc2c(cnn2-c2ccc3[nH]ncc3c2)c1)c1ccc2c(c1)OCCC2)c1nncs1
O=C(NCC(Oc1ccc2c(cnn2-c2nnnn2-c2ccccc2)c1)c1ccncc1)c1cc[nH]n1
O=C(Cc1ccncc1)NCC(Oc1ccc2c(cnn2-c2ccccc2)c1)c1ccc2c(c1)CCC2
O=C(C1CCNCC1)N1CCOc2cc(COc3ccc4c(cnn4-c4cccnn4)c3)ccc21
O=C(NCC(Oc1ccc2c(cnn2-c2cn[nH]c2)c1)c1ccc2c(c1)OCCN2)C1CC=CCC1
c1cc2c(cc1COc1ccc3c(cnn3-c3cn[nH]c3)c1)OCCO2
O=C(NCC(Oc1ccc2c(cnn2-c2nncn2CC2CC2)c1)c1ccc2c(c1)OCCO2)C1CCOC1
O=C(NCC(Oc1ccc2c(cnn2-c2cccnn2)c1)c1ccccc1)c1cccc2ncccc12
O=C(NCC(Oc1ccc2c(cnn2-c2ncn[nH]2)c1)c1ccccc1)C1(c2ccccc2)CCC1
O=C(NCC(Oc1ccc2c(cnn2-c2cccc(-c3cnn(C4CCNCC4)c3)n2)c1)c1ccc2c(c1)OCCO2)Nc1ccccc1
O=C(COc1ccccc1)c1cccc2c1OCC2
c1ccc2c(OCc3ccc4c(c3)OCCCO4)cncc2c1
O=C(Cc1ccc2c(c1)OCC2)NCC(Oc1ccc2c(cnn2-c2ncnc3c2CCC3)c1)c1ccc2c(c1)OCCO2
O=C(NCC(Oc1ccc2c(cnn2-c2cncc(-c3ccccc3)c2)c1)c1ccc2c(c1)OCCO2)c1cncs1
O=C(Cc1cccs1)NCC(Oc1ccc2c(cnn2-c2cn[nH]c2)c1)c1ccc2c(c1)CCC2
O=C(NCC(Oc1ccc2c(cnn2-c2ncccn2)c1)c1ccc2c(c1)CCC2)C1CCCNC1
O=C(NCC(Oc1ccc2c(cnn2-c2cccc(C3CCCC3)n2)c1)c1ccc2c(c1)OCCO2)C1CCOCC1
O=C(NCC(Oc1ccc2c(cnn2-c2cccc3ccccc23)c1)c1ccc2c(c1)OCCO2)c1ccccc1
O=C(CCc1ccccc1)NCC(Oc1ccc2c(cnn2-c2cncc(-n3ccnc3)c2)c1)c1ccc2c(c1)OCCO2
O=C(NCC(Oc1ccc2c(cnn2-c2cn[nH]c2)c1)c1cccnc1)c1ccccc1
O=C(NCC(Oc1ccc2c(cnn2-c2ccccn2)c1)c1ccccc1)c1cccs1
O=C(NCC(Oc1ccc2c(cnn2-c2ccc3c(c2)CNCC3)c1)c1ccc2c(c1)CCC2)c1ncc[nH]1
O=C(NCC(Oc1ccc2c(cnn2-c2nccc(N3CCCC3)n2)c1)c1ccc2c(c1)OCCO2)c1cccnc1
c1ccc(-c2cn[nH]c2-n2ncc3cc(OCc4ccc5c(c4)OCC5)ccc32)cc1
O=C(CCc1ccccc1)NCC(Oc1ccc2c(cnn2-c2cccnn2)c1)c1ccncc1
O=C(NCC(Oc1ccc2c(cnn2-c2ccc3[nH]ncc3c2)c1)c1ccc2c(c1)COC2)C1CC1
O=C(NCC(Oc1ccc2c(cnn2-c2nncs2)c1)c1ccc2c(c1)CCC2)c1cccnc1
O=C(NCC(Oc1ccc2c(cnn2-c2nccc3c2CCN(Cc2nccs2)C3)c1)c1ccc2c(c1)CCC2)c1ccn[nH]1
O=C(NCC(Oc1ccc2c(cnn2-c2cnccn2)c1)c1ccc2c(c1)OCCO2)c1cccs1
O=C(NCC(Oc1ccc2c(cnn2-c2ccnc(N3CCNCC3)n2)c1)c1ccccc1)c1cccnc1
O=C(NCC(Oc1ccc2c(cnn2-c2nc(Oc3cccnc3)cc(N3CCOCC3)n2)c1)c1ccc2c(c1)OCCO2)C1CCC1
c1cnc(CN2CCc3cc(-n4ncc5cc(OCc6ccc7[nH]ccc7c6)ccc54)ccc3C2)cn1
O=C(NCC(Oc1ccc2c(cnn2-c2cccnc2)c1)c1ccc2c(c1)CCC2)c1cnccn1
c1nc2c(c(-n3ncc4cc(OCc5ccc6c(c5)OCCC6)ccc43)n1)CCC2
O=C(NCC(Oc1ccc2c(cnn2-c2cccc3c2cnn3-c2ccccc2)c1)c1ccccc1)c1cnc(-n2cccn2)s1
O=C(NCC(Oc1ccc2c(cnn2-c2ccc3ccccc3c2)c1)c1ccc2c(c1)CCC2)c1cccnc1
O=C(NCC(Oc1ccc2c(cnn2-c2ncccn2)c1)c1ccc2c(c1)OCCO2)c1ccccc1
O=C(NCC(Oc1ccc2c(cnn2-c2cnccn2)c1)c1ccc2c(c1)OCCO2)c1cccnc1
O=C(CCc1ccccc1)NCC(Oc1cnc2c(cnn2-c2ncnc3c2CCC3)c1)c1ccc2c(c1)OCCO2
O=C(NCC(Oc1ccc2c(cnn2-c2nccc3[nH]ncc23)c1)c1ccccc1)C1CCC1
O=C(NCC(Oc1ccc2c(cnn2-c2ccccc2)c1)c1ccc2c(c1)CN(Cc1ccccc1)CC2)C1CC1
O=C(NCC(Oc1ccc2c(cnn2-c2ccn[nH]2)c1)c1ccccc1)c1ccno1
O=C(Cc1ccccc1)NCC(Oc1ccc2c(cnn2-c2cc3ccccc3cn2)c1)c1ccc2c(c1)OCCO2
O=C(NCC(Oc1ccc2c(cnn2-c2ncnc3[nH]ccc23)c1)c1ccc2ncsc2c1)c1ccsc1
O=C(NCC(Oc1ccc2c(cnn2-c2ncnc3ccccc23)c1)c1ccc2c(c1)OCCO2)c1nc[nH]n1
O=C(NCC(Oc1ccc2c(cnn2-c2cnc3c(c2)CNC3)c1)c1ccc2c(c1)CCO2)c1cnn2cccnc12
O=C(NCC(Oc1ccc2c(cnn2-c2ccccc2-c2nc[nH]n2)c1)c1ccccc1)c1cccnc1
O=C(NCC(Oc1ccc2c(cnn2-c2ccnc(-c3nnc[nH]3)c2)c1)c1ccccc1)c1cccs1
O=C(NCC(Oc1ccc2c(cnn2-c2cccc(-c3cnco3)c2)c1)c1ccc2c(c1)OCCO2)c1ccccc1
O=C(NCC(Oc1ccc2c(cnn2-c2ccc3oncc3c2)c1)c1ccccc1)c1ccc[nH+]c1
O=C(NCC(Oc1ccc2c(cnn2-c2cc[nH]c(=Nc3ccc(N4CCNCC4)cc3)n2)c1)c1ccccc1)c1ccccn1
O=C(NCC(Oc1ccc2c(cnn2-c2ncccn2)c1)c1ccc2c(c1)OCCO2)c1ccccc1
N=c1[nH]cc(-n2ncc3cc(OC(CNC(=O)C4CCCC4)c4cccnc4)ccc32)nc1N1CCCCC1
O=C(NCC(Oc1ccc2c(cnn2-c2ncc3c(cnn3-c3ccccc3)n2)c1)c1ccc2c(c1)OCCO2)c1ncco1
O=C(NCC(Oc1ccc2c(cnn2-c2ccccc2-c2ccncn2)c1)c1ccncc1)C1CC1
c1ccc2c(c1)nc1n2CCc2cnc(-n3ncc4cc(OCc5ccc6c(c5)OCCO6)ccc43)cc2-1
N=c1nc(-n2ncc3cc(OC(CNC(=O)c4ccncc4)c4ccc5c(c4)OCCO5)ccc32)cc[nH]1
O=C(NCC(Oc1ccc2c(cnn2-c2nnco2)c1)c1ccccc1)c1cccs1
O=C(NCC(Oc1ccc2c(cnn2-c2cncc(C3CCCN3)c2)c1)c1ccc2c(c1)OCCO2)c1cnoc1
O=C(NCC(Oc1cnc2c(cnn2-c2cnc3nccn3c2)c1)c1cccc(-n2ccnc2)c1)C1CNC1
O=C(NCC(Oc1ccc2c(cnn2-c2nccc3c2CNC3)c1)c1ccc2c(c1)OCCO2)c1nc2ccccc2s1
O=c1cc(OC(c2ccccc2)C2CCCC2)cc2cnn(-c3ccccc3)cc1-2
O=C(NCC(Oc1ccc2c(cnn2-c2cncc(-c3ccc(=O)[nH]c3)c2)c1)c1ccc2c(c1)OCCO2)c1cncnc1
O=C(NCC(Oc1ccc2c(cnn2-c2ccccc2-c2ccn[nH]2)c1)c1ccccc1)c1cnoc1
O=C(NCC(Oc1ccc2c(cnn2-c2cnc3n[nH]cc3c2)c1)c1ccc2cnoc2c1)c1cscn1
O=C(NCC(Oc1ccc2c(cnn2-c2cccnc2)c1)c1ccc2c(c1)OCCO2)c1nnc2ccccn12
O=C(NCC(Oc1ccc2c(cnn2-c2ccc3ncccc3n2)c1)c1ccc2c(c1)OCCO2)c1cccnc1
O=C(NCC(Oc1ccc2c(cnn2-c2cscn2)c1)c1ccc2c(c1)OCCCO2)c1cncnc1
O=C(NCC(Oc1ccc2c(cnn2-c2ncnc3nccn23)c1)c1ccc2c(c1)OCCO2)c1ccco1
O=C(NCC(Oc1ccc2c(cnn2-c2cccnn2)c1)c1ccccc1)c1cnoc1
O=C(NCC(Oc1ccc2c(cnn2-c2nnc(C3CC3)o2)c1)c1ccccc1)c1ccccc1
O=C(NCC(Oc1ccc2c(cnn2-c2ccc(-n3nccn3)cc2)c1)c1ccc2c(c1)OCCO2)c1ccccc1
c1ccc(C2(c3nc(-c4ccc(-c5cnc6c(N7CCOCC7)nccn56)cn4)no3)CC2)cc1
O=C(NCC(Oc1ccc2c(cnn2-c2cccc(-c3ccccn3)c2)c1)c1cncc2ccccc12)C1CCN(c2ncccn2)CC1
O=C(NCC(Oc1ccc2c(cnn2-c2c[nH]cn2)c1)c1ccc2c(c1)OCCO2)c1ccn2cccnc12
O=C(NCC(Oc1ccc2c(cnn2-c2cc[nH]n2)c1)c1ccc2c(c1)OCCCO2)c1cscn1
c1ccc(COc2ccc3c(cnn3-c3cccnc3)c2)cc1
O=C(NCC(Oc1ccc2c(cnn2-c2cnc3[nH]ccc3c2)c1)c1ccc2c(c1)OCCO2)c1ccn[nH]1
O=C(Cc1ccccc1)NCC(Oc1ccc2c(cnn2-c2cccc(-n3cccn3)c2)c1)c1ccncc1
O=C(CC1CCCCN1)NCC(Oc1ccc2c(cnn2-c2ncon2)c1)c1ccccc1
O=C(NCC(Oc1ccc2c(cnn2-c2cccc(-c3cn[nH]c3)c2)c1)c1ccc2c(c1)CCNC2)C1CCCCC1
O=C(NCC(Oc1ccc2c(cnn2-c2cc[nH]c(=Nc3ccccc3)n2)c1)c1ccnc2ccccc12)C1CCOCC1
O=C(NCC(Oc1ccc2c(cnn2-c2nccc3c2CCN(C(=O)c2ccccc2)C3)c1)c1ccc2c(c1)OCCO2)c1cocn1
O=C(NCC(Oc1ccc2c(cnn2-c2cc3n(c2)CCC3)c1)c1ccc2c(c1)OCCO2)C1(c2ccccc2)CC1
O=C(NCC(Oc1ccc2c(cnn2-c2cccc3cc[nH]c23)c1)c1ccccc1)C1CCCN1
O=C(CCc1ccccc1)NCC(Oc1ccc2c(cnn2-c2ccccc2-n2nccn2)c1)c1ccc2c(c1)OCCO2
O=C(NCC(Oc1ccc2c(cnn2-c2cnn(-c3cnn(C4CCOCC4)c3)c2)c1)c1ccccc1)c1ncc[nH]1
O=C(NCC(Oc1ccc2c(cnn2-c2cncc(-c3ccccc3)c2)c1)c1ccc2c(c1)OCCO2)C1COc2ccccc2O1
O=C(NCC(Oc1ccc2c(cnn2-c2cc3nsnc3cn2)c1)c1ccc2c(c1)CCC2)c1ccccc1
O=C(NCC(Oc1ccc2c(cnn2-c2cccnc2)c1)c1ccc2c(c1)CCC2)c1ccco1
O=C(NCC(Oc1ccc2c(cnn2-c2ccnc3ccccc23)c1)c1ccc2c(c1)OCCCO2)C1COc2ccccc2C1
O=C(NCC(Oc1ccc2c(cnn2-c2cc3ccccc3cn2)c1)c1ccccc1)c1ncn2ccccc12
O=C(NCC(Oc1ccc2c(cnn2-c2cccnc2)c1)c1ccc2c(c1)CCO2)C1CCNC1
O=C(NCC(Oc1ccc2c(cnn2-c2cc[nH]n2)c1)c1ccccc1)c1ccncc1
O=C(NCC(Oc1ccc2c(cnn2-c2ccccn2)c1)c1ccc2c(c1)OCCO2)c1cccs1
O=C(NCC(Oc1ccc2c(cnn2-c2ccccn2)c1)c1nc2ccccc2s1)c1ccc2c(c1)OCCO2
O=c1[nH]c2c3ncccc3ccc2n1-c1ccccc1
O=C(NCC(Oc1ccc2c(cnn2-c2ccncn2)c1)c1ccc2c(c1)OCCCO2)C1CCOCC1
O=C(NCC(Oc1ccc2c(cnn2-c2ccncc2-c2ccc(=O)[nH]c2)c1)c1ccccc1)c1cc[nH]n1
C1=CC2(CCNCc3ccccn3)C3Cc4cnn(-c5ccccc5)c4C=C3CCC2C2CCCC12
O=C(NCC(Oc1ccc2c(cnn2-c2cnc3[nH]c(=O)[nH]c3c2)c1)c1ccc2cc1C=CC=C2)C1CCCCC1
O=C(NCC(Oc1ccc2c(cnn2-c2ccc3c(c2)OCCCO3)c1)c1ccc2c(c1)OCCO2)c1cccs1
O=C(Cc1cccs1)NCC(Oc1ccc2c(cnn2-c2ncnc3ccsc23)c1)c1cncnc1
O=C(NCC(Oc1ccc2c(cnn2-c2ccccn2)c1)c1ccccn1)c1cccnn1
O=C(Cc1ccc2c(c1)CCC2)NCC(Oc1ccc2c(cnn2-c2ccon2)c1)c1ccc2c(c1)OCCO2
O=C(NCC(Oc1ccc2c(cnn2-c2conc2-c2ccccn2)c1)c1ccccc1)c1ccoc1
O=C(NCC(Oc1ccc2c(cnn2-c2coc3ccccc23)c1)c1ccccc1)c1ccnc2ccccc12
c1ccc(-n2ncc3cc(OCc4ccc5c(c4)CCC5NC4CCOCC4)ccc32)cc1
c1cncc(-c2ccc(-n3ncc4cc(OCc5ccc6c(c5)OCCCO6)ccc43)nn2)c1
O=C(NCC(Oc1ccc2c(cnn2-c2cnc3ccccn23)c1)c1ccccc1)c1cnccn1
O=C(Cc1ccccc1)NCC(Oc1ccc2c(cnn2-c2ccc3c(c2)NC(=O)C3)c1)c1ccc2c(c1)OCCO2
c1ccc(-c2ccnc(-n3ncc4cc(OCc5ccc6c(c5)OCCO6)ccc43)c2)cc1
O=C(NCC(Oc1ccc2c(cnn2-c2c[nH]nn2)c1)c1ccc2c(c1)OCCO2)c1cscn1
O=C(NCC(Oc1ccc2c(cnn2-c2cn(-c3ncccn3)cn2)c1)c1ccc2c(c1)CCO2)C1CCCN1C(=O)Cc1ccc2ccccc2c1
O=C(NCC(Oc1ccc2c(cnn2-c2cccnc2)c1)c1ccccc1)c1csnn1
O=C(NCC(Oc1ccc2c(cnn2-c2ncnc3[nH]cnc23)c1)c1ccccc1)c1cncs1
c1ccn2c(-n3ncc4cc(OCc5ccc6c(c5)OCCCO6)ccc43)cnc2c1
O=C(NCC(Oc1ccc2c(cnn2-c2ccc3[nH]ccc3c2)c1)c1ccccc1)c1ccccc1
N=c1cc[nH]c(-n2ccc3ccccc32)n1
N=c1nc(NC(c2ccccc2)C2CC2)cc(-n2ncc3c(NCCc4ccccn4)cccc32)[nH]1
O=C(NCC(Oc1ccc2c(cnn2-c2ccc3ncccc3c2)c1)c1ccc2c(c1)OCCN2c1ccccc1)C1COCCO1
O=C(NCC(Oc1ccc2c(cnn2-c2ccc(-n3cccn3)cn2)c1)c1ccc2c(c1)OCCO2)C1CCC1
O=C1CCC(C(=O)NCC(Oc2ccc3c(cnn3-c3cnc4ccncc4c3)c2)c2ccc3c(c2)OCCO3)CC1
O=C(NCC(Oc1ccc2c(cnn2-c2ccccc2-c2ccno2)c1)c1ccc2c(c1)OCCO2)c1ccccc1
O=C(Cc1ccc2[nH]ccc2c1)NCC(Oc1ccc2c(cnn2-c2cnc3[nH]ncc3n2)c1)c1ccc2c(c1)CCO2
c1ccc(COc2ccc3c(cnn3-c3cccc(N4CCCNCC4)n3)c2)cc1
O=C(NCC(Oc1ccc2c(cnn2-c2ncc3c(n2)OCCO3)c1)c1ccc2c(c1)OCCO2)C1CCCCC1
O=C(NCC(Oc1ccc2c(cnn2-c2nccc3ccccc23)c1)c1ccccc1)c1cccc2ccncc12
O=C(NCC(Oc1ccc2c(cnn2-c2cccc(-c3cncnc3)c2)c1)c1ccccc1)c1ccncc1
O=C(NCC(Oc1ccc2c(cnn2-c2cc(-c3cccnc3)ccn2)c1)c1ccccc1)c1cncs1
O=C(CCCN1C(=O)c2ccccc2C1=O)NCC(Oc1ccc2c(cnn2-c2cnc3cccnc3c2)c1)c1ccc2c(c1)OCCO2
O=C(NCC(Oc1ccc2c(cnn2-c2ccc3cc[nH]c3c2)c1)c1ccccc1)c1cn[nH]c1
O=C(NCC(Oc1ccc2c(cnn2-c2ccc(-n3cccc3)nn2)c1)c1ccc2c(c1)OCCO2)c1ccco1
c1cnc(-n2ncc3cc(OCc4ccc5c(c4)CCO5)ccc32)c(-c2ccn[nH]2)c1
O=C(NCC(Oc1ccc2c(cnn2-c2cnn3cccnc23)c1)c1ccc2c(c1)CCO2)c1cccnn1
O=C(NCC(Oc1ccc2c(cnn2-c2cccc(-c3ccn[nH]3)c2)c1)c1ccc2c(c1)OCCO2)c1ccn[nH]1
O=C(NCC(Oc1ccc2c(cnn2-c2cn(-c3cccc(-n4ccnc4)c3)nn2)c1)c1ccccc1)c1cnc[nH]1
O=C(NCC(Oc1ccc2c(cnn2-c2ccccc2-c2ccnn2-c2ccccc2)c1)c1ccccc1)c1ccncc1
O=C(NCC(Oc1ccc2c(cnn2-c2cccnn2)c1)c1ccc2c(c1)CCN(Cc1ccccc1)CC2)C1CCCC1
O=C(NCC(Oc1ccc2c(cnn2-c2cc(-c3ccccc3)n[nH]2)c1)c1ccc2c(c1)OCCO2)c1cnn2cccnc12
O=C(NCC(Oc1ccc2c(cnn2-c2nnco2)c1)c1cnccn1)C1CCOCC1
O=C(NCC(Oc1ccc2c(cnn2-c2nccc(N3CCCCC3)n2)c1)c1ccccc1)c1cscn1
O=C(NCC(Oc1ccc2c(cnn2-c2nn[nH]n2)c1)c1ccc2ccccc2n1)C1CCC1
O=C(NCCOc1ccc2c(cnn2-c2cccc(-n3ncc4cnccc43)c2)c1)c1cnon1
O=C(NCC(Oc1ccc2c(cnn2-c2cnc3ccnn3c2)c1)c1ccc2c(c1)OCCO2)c1ccncc1
O=C(NCC(Oc1ccc2c(cnn2-c2cccc(-c3cn[nH]c3)c2)c1)c1ccccc1)c1ccccc1
O=C(NCC(Oc1ccc2c(cnn2-c2cc3c(cn2)CCc2ccccc2-3)c1)c1ccc2c(c1)OCCO2)c1ccccn1
O=C(NCC(Oc1ccc2c(cnn2-c2cccc(-c3ccccc3)n2)c1)c1ccc2c(c1)OCCO2)C1CCCOC1
O=C(NCC(Oc1ccc2c(cnn2-c2cccc3[nH]ncc23)c1)c1ccc2c(c1)CCO2)c1cnc(-c2ccccc2)s1
O=S(=O)(NCCNc1cccc2c1cnn2-c1ccc(-c2ccccn2)nc1)c1cn[nH]c1
O=C(NCC(Oc1ccc2c(cnn2-c2ccc3[nH]ccc3c2)c1)c1ccccc1)c1cccc2ccccc12
O=C(NCC(Oc1ccc2c(cnn2-c2cccc(-c3ccn[nH]3)c2)c1)c1ccc2ccccc2c1)c1cncs1
O=C(NCC(Oc1ccc2c(cnn2-c2cccc3cccnc23)c1)c1ccc2c(c1)OCCO2)c1cc[nH]n1
O=C(CCc1ccccc1)NCC(Oc1ccc2c(cnn2-c2ccc3ccsc3n2)c1)c1ccc2c(c1)OCCO2
O=C(NCC(Oc1ccc2c(cnn2-c2cccnc2)c1)c1ccccc1)c1ccn[nH]1
C=C1CCC2C(CC=C3C4CCCCC4CCC32)C1
O=C(NCC(Oc1ccc2c(cnn2-c2ncnc3nccn23)c1)c1ccccc1)c1ccno1
O=C(NCC(Oc1ccc2c(cnn2-c2cncc(-c3cn[nH]c3)c2)c1)c1ccc2c(c1)OCCO2)c1ccn[nH]1
O=C(NCC(Oc1ccc2c(cnn2-c2ncnc3ccccc23)c1)c1ccc2c(c1)OCCO2)c1ccno1
O=C(NCC(Oc1ccc2ccncc2c1)c1cccnc1)c1ccc2c(cnn2-c2ccccc2)c1
O=C(NCC(Oc1ccc2c(cnn2-c2ccc3cccnc3c2)c1)c1ccc2c(c1)OCCO2)C1CCCNC1
O=C(NCC(Oc1ccc2c(cnn2-c2ccn3ccnc3c2)c1)c1ccc2c(c1)CCCC2)c1cccs1
O=C(NCC(Oc1ccc2c(cnn2-c2cccc3n[nH]cc23)c1)c1ccc2c(c1)OCCO2)OCC1c2ccccc2-c2ccccc21
c1ccc2ncc(-c3csc(=Nc4ccc5c[nH]nc5c4)[nH]3)cc2c1
O=C(NCC(Oc1ccc2c(cnn2-c2n[nH]c3ccncc23)c1)c1ccc2c(c1)OCCO2)c1ccoc1
O=C(NCC(Oc1ccc2c(cnn2-c2nc(C3CC3)no2)c1)c1ccc2c(c1)OCCCO2)c1cocn1
O=C(NCC(Oc1ccc2c(cnn2-c2ccccc2)c1)c1ccc2[nH]ncc2c1)c1ccon1
O=C(NCC(Oc1ccc2c(cnn2-c2cnn(Cc3ccccc3)c(=O)c2)c1)c1ccc2c(c1)OCCO2)c1cccnc1
O=C(NCC(Oc1ccc2c(cnn2-c2nnco2)c1)c1ccc2c(c1)OCCO2)C1CCCNC1
O=C(NCC(Oc1ccc2c(cnn2-c2ccn[nH]2)c1)c1ccc2c(c1)OCCO2)c1cnccn1
O=C(NCC(Oc1ccc2c(cnn2-c2nnc3ccccn23)c1)c1ccccn1)c1cnoc1
O=C(NCC(Oc1ccc2c(cnn2-c2ccccc2)c1)c1ccccc1)c1cc(-c2ccco2)n(-c2ccccc2)n1
O=C(NCC(Oc1ccc2c(cnn2-c2csc(N3CCOCC3)n2)c1)c1ccccc1)c1csnn1
O=C(NCC(Oc1ccc2c(cnn2-c2ncnc3ccsc23)c1)c1ccccc1)c1cnoc1
O=C(NCC(Oc1ccc2c(cnn2-c2cccnc2)c1)c1ccc2c(c1)CCC2)c1cccnc1
N=c1[nH]ccc2cc(-n3ncc4cc(OC(CNC(=O)c5ncco5)c5ccc6c(c5)OCCO6)ccc43)ccc12
O=C(Cc1cccs1)NCC(Oc1ccc2c(cnn2-c2ccccc2)c1)c1ccccc1
O=C(NCC(Oc1ccc2c(cnn2-c2nccc3cncn23)c1)c1ccc2c(c1)OCCC2)c1ccccn1
C1=C2CCCCC2Cc2cnn(-c3ccccc3)c21
O=C(NCC(Oc1ccc2c(cnn2-c2ccc3ccccc3n2)c1)c1ccc2cc[nH]c2n1)C1CCCNC1
O=C(Cc1ccccn1)NCC(Oc1ccc2c(cnn2-c2cnc3[nH]cnc3c2)c1)c1ccc2c(c1)CCO2
O=C(NCC(Oc1ccc2c(cnn2-c2cnc3nc[nH]c3c2)c1)c1ccc2c(c1)CCC2)c1ccco1
O=C(NCC(Oc1ccc2c(cnn2-c2ccnn2-c2ccccc2)c1)c1ccc2c(c1)OCCCO2)c1ccccn1
O=C(Cc1ccccc1)NCC(Oc1ccc2c(cnn2-c2cn[nH]c2-c2ncccn2)c1)c1ccc2c(c1)OCCO2
c1ccc2c(-n3ncc4cc(OCc5ccc6c(c5)OCCO6)ccc43)nc(N3CCOCC3)cc2c1
O=C(NCC(Oc1ccc2c(cnn2-c2nccc3nnn(-c4ccccc4)c23)c1)c1ccc2ccccc2n1)C1CCCO1
O=C(NCC(Oc1ccc2c(cnn2-c2nc3ccccc3[nH]2)c1)c1ccc2c(c1)CCC2)c1ccccc1
O=C(NCC(Oc1ccc2c(cnn2-c2nccc3ccncc23)c1)c1ccccc1)c1cnon1
O=C(Cc1cccnc1)NCC(Oc1ccc2c(cnn2-c2ccccc2)c1)c1ccc2cc[nH]c2c1
O=C(Cc1cccs1)NCC(Oc1ccc2c(cnn2-c2cccc(-n3cnnn3)c2)c1)c1ccccc1
c1ccc(-n2ncc3cc(OCc4ccc5c(c4)OCCO5)ccc32)c(C2CC2)c1
O=C(NCC(Oc1ccc2c(cnn2-c2ccncn2)c1)c1ccc2c(c1)CCC2)c1ccn[nH]1
c1cnc(-n2ncc3cc(OCc4ccc5c(c4)OCCCO5)ccc32)c(-c2cncnc2)c1
O=C(NCC(Oc1ccc2c(cnn2-c2ccnc3ccccc23)c1)c1ccc2c(c1)CCC2)c1ccccc1
O=C(NCC(Oc1ccc2c(cnn2-c2ccccc2-c2ccn[nH]2)c1)c1ccc2c(c1)CCC2)C1CCCOC1
O=C(NCC(Oc1ccc2c(cnn2-c2cccnc2)c1)c1ccc2c(c1)OCCCO2)c1ccnnc1
O=C(NCC(Oc1ccc2c(cnn2-c2nccs2)c1)c1ccc2c(c1)OCCO2)C1CCCN1C(=O)C1(c2ccccc2)CC1
O=C(NCC(Oc1ccc2c(cnn2-c2cccc3ccccc23)c1)c1ccccn1)c1cc(-c2ccsc2)no1
O=C(NCC(Oc1ccc2c(cnn2-c2ccccn2)c1)c1ccc2c(c1)CCC2)c1ccc2c(c1)OCCO2
O=C(NCC(Oc1ccc2c(cnn2-c2cccnc2)c1)c1ccccc1)c1cccnc1
c1ccc(-n2ncc3cc(OCc4c[nH]cn4)ccc32)cc1
O=C(NCC(Oc1ccc2c(cnn2-c2cccc(C3CC3)n2)c1)c1ccccc1)c1nc2c(s1)CNCC2
O=C(NCC(Oc1ccc2c(cnn2-c2ncnc3[nH]cnc23)c1)c1ccc2c(c1)OCCO2)c1ccccc1
O=C(NCC(Oc1ccc2c(cnn2-c2ccc3cc[nH]c3c2)c1)c1ccccc1)c1cc[nH]n1
O=C(NCC(Oc1ccc2c(cnn2-c2ccnn2-c2ccccc2)c1)c1ccc2c(c1)OCCO2)C1CCNCC1
O=C(NCC(Oc1ccc2c(cnn2-c2cc3ccccc3cn2)c1)c1ccc2c(c1)OCCO2)c1cn2ccccc2n1
c1ccc(Cn2cc3ccccc3c2-c2nnnn2-c2ccccc2)cc1
O=C(NCC(Oc1ccc2c(cnn2-c2nncc3ccccc23)c1)c1ccccc1)c1ccccc1
O=C(NCC(Oc1ccc2c(cnn2-c2ncncc2-c2ccccn2)c1)c1ccccc1)c1cnc[nH]1
O=C(NCC(Oc1ccc2c(cnn2-c2cnc3ccccc3n2)c1)c1ccc2c(c1)OCCCO2)c1cscn1
O=C(NCC(Oc1ccc2c(cnn2-c2cccnc2)c1)c1ccc2c(c1)OCCCO2)c1cnc2ccccn12
O=C(NCC(Oc1ccc2c(cnn2-c2cccc(-c3nn[nH]n3)c2)c1)c1ccc2c(c1)OCCC2)C1CCC1
O=C(NCC(Oc1ccc2c(cnn2-c2ccccc2)c1)c1ccc2c(c1)OCCCO2)c1cnc2cccn2c1
O=C(NCC(Oc1ccc2c(cnn2-c2cccc(N3CCOCC3)n2)c1)c1ccc2c(c1)OCCO2)C1CCc2ccccc2C1
O=C(NCC(Oc1ccc2c(cnn2-c2cncc3ccsc23)c1)c1ccccc1)c1ccsc1
O=C(NCC(Oc1ccc2c(cnn2-c2ncc3ccccc3n2)c1)c1ccc2sncc2c1)c1cccnc1
O=C(NCC(Oc1ccc2c(cnn2-c2nccc3c2cnn3-c2ccccc2)c1)c1cccnc1)c1coc2ccccc12
O=C(NCC(Oc1ccc2c(cnn2-c2cnc3ccccc3n2)c1)c1ccccc1)c1ccccc1
O=C(NCC(Oc1ccc2c(cnn2-c2ncn[nH]2)c1)c1ccccn1)c1cnn2ncccc12
O=C(NCC(Oc1ccc2c(cnn2-c2ncccn2)c1)c1ccc2c(c1)OCCC2)c1ccon1
c1ccc(-c2nccc3cc(-c4cccc5[nH]ncc45)ccc23)cc1
c1ccc(-c2cc(-c3cccc4ccccc34)cs2)cc1
c1cc2c(c(-c3ccc4c(c3)CC3=NCCCN34)c1)CCCN2
O=C(NCc1ccccc1)C(Oc1ccc2c(cnn2-c2ccccc2)c1)c1ccncc1
O=C(NCC(Oc1ccc2c(cnn2-c2ccc3c(-c4ccsc4)nccc3n2)c1)c1ccc2c(c1)OCCO2)c1cc2ncccc2cn1
O=C(NCC(Oc1ccc2c(cnn2-c2ncc3cccnc3n2)c1)c1ccncc1)c1cccs1
O=C(NCC(Oc1ccc2c(cnn2-c2cnn(-c3ccncn3)c2)c1)c1ccc2c(c1)OCCO2)c1cnccn1
O=C(NCC(Oc1ccc2c(cnn2-c2cccnc2)c1)c1ccc2c(c1)CCO2)c1cnco1
O=C(NCC(Oc1ccc2c(cnn2-c2nccnc2-c2ccccc2)c1)c1ccc2c(c1)CCO2)c1cccs1
O=C(NCC(Oc1ccc2c(cnn2-c2ccccc2)c1)c1ccc2c(c1)CCC2)c1cccc2ccncc12
O=C(NCC(Oc1ccc2c(cnn2-c2cc(=NC3CCNC3)[nH]cn2)c1)c1ccc2c(c1)OCCO2)c1cscn1
O=C(NCC(Oc1ccc2c(cnn2-c2n[nH]c3c2CCCC3)c1)c1ccccc1)c1ccccc1
O=C(Cc1ccccc1)NCC(Oc1ccc2c(cnn2-c2cnc3cnccn23)c1)c1ccc2c(c1)OCCO2
O=C(CC1CCCCC1)NCC(Oc1ccc2c(cnn2-c2cncc(-c3ccsc3)c2)c1)c1ccc2c(c1)OCCO2
O=C(COc1ccccc1)NCC(Oc1ccc2c(cnn2-c2cccnn2)c1)c1ccccn1
O=C(NCC(Oc1ccc2c(cnn2-c2ccccn2)c1)c1ccccc1)c1cc[nH]n1
O=C(NCC(Oc1ccc2c(cnn2-c2ccncn2)c1)c1ccc2c(c1)CCC2)c1ccon1
O=C(NCC(Oc1ccc2c(cnn2-c2ncnc3c2CCC3)c1)c1ccccc1)c1cncs1
O=C(NCC(Oc1ccc2c(cnn2-c2cn[nH]c2)c1)c1ccc2c(c1)OCCCO2)c1ccccn1
O=C(CCc1ccccc1)NCC(Oc1ccc2c(cnn2-c2nccc3c2cnn3-c2ccccc2)c1)c1ccc2c(c1)OCCCO2
O=C(NCC(Oc1ccc2c(cnn2-c2cnccn2)c1)c1cccnc1)C1CCCOC1
O=C(NCC(Oc1ccc2c(cnn2-c2cncn2C2CCCCC2)c1)c1ccc2c(c1)OCCO2)c1cnc[nH]1
O=C(Cc1c[nH]c2ccccc12)NCC(Oc1ccc2c(cnn2-c2cscn2)c1)c1ccc2c(c1)OCCO2
O=C(NCC(Oc1ccc2c(cnn2-c2ccccn2)c1)c1ccccc1)c1cccs1
c1ccc(-n2ncc3cc(OCc4ccc5c(c4)CN(Cc4ccncn4)CC5)ccc32)cc1
O=C(NCC(Oc1ccc2c(cnn2-c2cccc(N3CCOCC3)n2)c1)c1cccnc1)c1ccn[nH]1
O=C(NCC(Oc1ccc2c(cnn2-c2cccc(-n3cccn3)n2)c1)c1ccc2c(c1)OCCO2)c1ccnc2ccccc12
O=C(NCC(Oc1ccc2c(cnn2-c2cc3c(cn2)CCN(Cc2cncs2)CC3)c1)c1ccccc1)c1cncnc1
O=C(NCC(Oc1ccc2c(cnn2-c2cnc3ccnn3c2)c1)c1ccc2c(c1)OCCO2)c1ccncc1
O=C(NCC(Oc1ccc2c(cnn2-c2nccc3cnccc23)c1)c1ccc2c(c1)OCCO2)c1cncnc1
O=C(NCC(Oc1ccc2c(cnn2-c2ccccc2)c1)c1ccc2c(c1)CCC2)c1ccc2c(c1)OCCO2
O=C(NCC(Oc1ccc2c(cnn2-c2ccccc2CN2CCS(=O)(=O)CC2)c1)c1ccc2c(c1)OCCO2)c1cccs1
O=C(NCC(Oc1ccc2c(cnn2-c2ccc3cc[nH]c3c2)c1)c1ccc2c(c1)OCCO2)c1cscn1
c1coc(-n2ncc3cc(OCc4ccc5c(c4)OCCO5)ccc32)c1
O=C(NCC(Oc1ccc2c(cnn2-c2cn[nH]c2)c1)c1ccc2c(c1)OCCO2)c1ccccn1
O=C(NCC(Oc1ccc2c(cnn2-c2cncc(N3CCOCC3)n2)c1)c1ccc2c(c1)CCO2)c1ccco1
c1ccc(-c2noc(-c3cncs3)n2)cc1
O=C(NCC(Oc1ccc2c(cnn2-c2ccccn2)c1)c1ccc2c(c1)OCCCO2)c1cnco1
O=C(NCC(Oc1ccc2c(cnn2-c2cnc3nncn3c2)c1)c1ccccc1)c1cnoc1
O=C(NCC(Oc1ccc2c(cnn2-c2ccccc2)c1)c1ccc2c(c1)OCCCO2)c1ncn2c1CCC2
O=C(NCC(Oc1ccc2c(cnn2-c2ccccc2)c1)c1ccc2c(c1)OCCO2)c1cccnc1
c1nc2cc(-n3ncc4cc(OCc5ccc6c(c5)OCCO6)ccc43)ccc2s1
O=C(NCC(Oc1ccc2c(cnn2-c2cn3ccccc3n2)c1)c1ccc2c(c1)CCC2)C1CCC1
O=C(COc1cccc2c1cnn2-c1ccncc1)NCC(Oc1ccc2c(cnn2-c2ccccn2)c1)c1ccc2c(c1)OCCC2
O=C(NCC(Oc1ccc2c(cnn2-c2cccc3c2cnn3-c2ccccc2)c1)c1ccc2c(c1)OCCO2)c1nccs1
O=C(NCC(Oc1ccc2c(cnn2-c2nccc3[nH]ncc23)c1)c1ccc2c(c1)OCCCO2)c1ccccc1
O=C(NCC(Oc1ccc2c(cnn2-c2nnc[nH]2)c1)c1ccc2c(c1)OCCO2)c1cccnc1
O=C(NCC(Oc1ccc2c(cnn2-c2ccc3ccccc3n2)c1)c1ccc2c(c1)OCCO2)C1CCCNC1
O=C(NCC(Oc1ccc2c(cnn2-c2cnc3ccccc3c2)c1)c1ccc2c(c1)CCNC2)c1ccoc1
O=C(NCC(Oc1ccc2c(cnn2-c2ccccc2)c1)c1ccc2c(c1)CCC2)c1ccccc1
O=C(NCC(Oc1ccc2c(cnn2-c2cnc3ccccn23)c1)c1ccc2c(c1)CCO2)c1cccnc1
O=C(NCC(Oc1ccc2c(cnn2-c2cc3ccccc3cn2)c1)c1ccc2c(c1)OCCN2)c1cncs1
O=C1CN(c2cccc(-n3ncc4cc(OC(CNC(=O)c5cnoc5)c5ccc6c(c5)OCCO6)ccc43)n2)CCN1
O=C(NCC(Oc1ccc2c(cnn2-c2cc(-n3ncc4ccccc4c3=O)ccn2)c1)c1ccc2c(c1)OCCCO2)C1CCC1
O=C(NCC(Oc1ccc2c(cnn2-c2cccc(-n3cccn3)c2)c1)c1ccc2c(c1)OCCO2)c1ccn[nH]1
O=C(NCC(Oc1ccc2c(cnn2-c2ccc(-c3cnoc3)nn2)c1)c1ccc2c(c1)CCO2)c1ccn[nH]1
O=C(NCC(Oc1ccc2c(cnn2-c2cccc(-n3cnc4ccccc43)c2)c1)c1ccc2c(c1)OCCO2)c1cncs1
O=C(NC1COC1)c1cncc(-n2ncc3cc(OC(CNC(=O)c4nccs4)c4ccc5c(c4)OCCO5)ccc32)c1
O=C(NCC(Oc1ccc2c(cnn2-c2ccc3c(-c4ccco4)cncc3c2)c1)c1ccc2c(c1)OCCO2)c1ccccc1
O=C(NCC(Oc1ccc2c(cnn2-c2cccc(N3CCNCC3)n2)c1)c1ccccc1)c1nccs1
O=C(NCC(Oc1ccc2c(cnn2-c2ccc3cnncc3c2)c1)c1ccc2c(c1)OCCO2)c1cc2ccccc2[nH]1
O=S(=O)(Cc1ccccc1)Nc1ccc2c(cnn2-c2cccc3cnccc23)c1
c1cc(-n2cc(-n3ncc4cc(OCc5ccc6c(c5)CCC6)ccc43)cn2)cs1
c1cc2c(cc1COc1ccc3c(cnn3-c3c[nH]nn3)c1)OCCO2
O=C(NCC(Oc1ccc2c(cnn2-c2cncnc2)c1)c1ccc2c(c1)OCCCO2)c1cn[nH]c1
O=C(NCC(Oc1ccc2c(cnn2-c2cc3cnccc3cn2)c1)c1ccc2c(c1)OCCO2)c1cnc2ccccn12
O=C(NCC(Oc1ccc2c(cnn2-c2ccnn2-c2ccccc2)c1)c1ccccc1)c1cnc[nH]1
O=c1c2ccccc2sn1C1CCNCC1
O=C(NCC(Oc1ccc2c(cnn2-c2ccc3[nH]ncc3c2)c1)c1ccc2cnoc2c1)C1CCO1
O=S(=O)(Cc1ccccc1)NCC(Oc1ccc2c(cnn2-c2cccc(-c3cccnc3)c2)c1)c1ccc2c(c1)OCCO2
O=C(NCC(Oc1ccc2c(cnn2-c2cccc(-n3cccn3)c2)c1)c1ccc2c(c1)OCCO2)c1ccoc1
O=C(NCC(Oc1ccc2c(cnn2-c2ccccc2-c2cnccn2)c1)c1ccccc1)c1ccccc1
O=C(NCC(Oc1ccc2c(cnn2-c2c[nH]nc2-c2ccsc2)c1)c1ccccc1)c1cncs1
O=C(NCC(Oc1ccc2c(cnn2-c2cnc3c(c2)CCNC3)c1)c1ccccc1)c1ccco1
O=C(NCC(Oc1ccc2c(cnn2-c2ncc[nH]2)c1)c1ccc2c(c1)OCCO2)c1cnoc1
O=C1CCC(C(=O)NCC(Oc2ccc3c(cnn3-c3nc(N4CCOCC4)cc4c3-c3ccccc3C4)c2)c2ccncc2)CC1
O=C(NCC(Oc1ccc2c(cnn2-c2cc(-n3ncc4ccccc43)ccn2)c1)c1ccc2c(c1)OCCO2)C1COc2ccccc2O1
O=C(NCC(Oc1ccc2c(cnn2-c2ccn3ccnc3c2)c1)c1ccc2c(c1)OCCCO2)c1cscn1
O=C(NCC(Oc1ccc2c(cnn2-c2ccccn2)c1)c1ccc2c(c1)OCCO2)N1CCC(c2ccccc2)CC1
O=C(NCC(Oc1ccc2c(cnn2-c2cccc3cccnc23)c1)c1ccc2c(c1)OCCO2)c1cnoc1
O=C(NCC(Oc1ccc2c(cnn2-c2cccc3c2cnn3-c2ccccc2)c1)c1ccc2c(c1)OCCO2)c1ccccn1
O=C(NCC(Oc1ccc2c(cnn2-c2nc3ccccc3[nH]2)c1)c1cccnc1)c1cnccn1
O=C(NCC(Oc1ccc2c(cnn2-c2nsc(C3CC3)n2)c1)c1ccc2c(c1)OCCCO2)c1cscn1
O=C(NCC(Oc1ccc2c(cnn2-c2ncnc3ccsc23)c1)c1ccc2cc1C=CO2)c1cncnc1
O=C(NCC(Oc1ccc2c(cnn2-c2ccc3cnncc3n2)c1)c1ccc2c(c1)CCO2)c1ccncc1
O=c1ccn(-c2ccccc2)c2nc(N3CCCC3)ccc12
c1ccc(CN2CCc3cc(COc4ccc5c(cnn5-c5ccccc5)c4)ccc3C2)cc1
O=C(NCC(Oc1cnc2c(cnn2-c2ccccc2)c1)c1ccc2c(c1)CCC2)c1cc[nH]n1
O=C(NCC(Oc1ccc2c(cnn2-c2cccnc2)c1)c1ccc2c(c1)OCCO2)C1CCCOC1
O=C(NCC(Oc1ccc2c(cnn2-c2cnn(C3CCOCC3)c2)c1)c1ccc2c(c1)OCCO2)c1cnc2n(c1=O)CCC2
O=C(NCC(Oc1ccc2c(cnn2-c2nc(N3CCOCC3)cc3cc[nH]c23)c1)c1ccc2c(c1)OCCO2)C1CCCCC1
O=C(NCC(Oc1ccc2c(cnn2-c2cc[nH]n2)c1)c1ccccc1)c1nc[nH]n1
O=C(NCC(Oc1ccc2c(cnn2-c2cccnc2)c1)c1ccc2c(c1)OCCO2)c1ccccc1
O=C(NCC(Oc1ccc2c(cnn2-c2nccs2)c1)c1ccc2c(c1)CCC2)c1cncnc1
c1ccc(CCNC(CNc2ccccc2)c2ccc(-n3ncc4ccccc43)cc2)cc1
O=C(NCC(Oc1ccc2c(cnn2-c2cnc3c(c2)SCC3)c1)c1ccc2c(c1)OCCO2)c1ccccc1
O=C(NCC(Oc1ccc2c(cnn2-c2nnc3ccccn23)c1)c1ccc2c(c1)OCCCO2)c1cocn1
O=C(NCC(Oc1ccc2c(cnn2-c2ncn[nH]2)c1)c1ccc2c(c1)OCCCO2)c1ccon1
O=C(NCC(Oc1ccc2c(cnn2-c2nc3ncccc3o2)c1)c1ccc2c(c1)OCCCO2)C1Cc2ccccc2C1
O=C(NCC(Oc1ccc2c(cnn2-c2ccncn2)c1)c1ccc2c(c1)OCCO2)c1ccccn1
O=C(NCC(Oc1ccc2c(cnn2-c2cc3c(cn2)CN(Cc2ccccc2)CC3)c1)c1ccc2c(c1)CCO2)C1CCC1
O=C(Cc1ccccc1)NCC(Oc1ccc2c(cnn2-c2nccc3ccccc23)c1)c1ccc2c(c1)OCCO2
O=C(NCC(Oc1ccc2c(cnn2-c2ccc3scnc3c2)c1)c1ccc2c(c1)OCCO2)c1cncnc1
O=C(NCC(Oc1ccc2c(cnn2-c2ccccc2-c2ccn[nH]2)c1)c1ccc2c(c1)OCCO2)c1cc[nH]n1
c1cc2c(cc1COc1ccc3c(cnn3-c3cncc(N4CCCCC4)n3)c1)OCCO2
O=C(NCC(Oc1ccc2c(cnn2-c2cn[nH]c2)c1)c1ccc2c(c1)OCCO2)c1cncnc1
O=C(NCC(Oc1ccc2c(cnn2-c2cnc3cccnn23)c1)c1ccc2c(c1)OCCCO2)c1ccccc1
O=C(NCC(Oc1ccc2c(cnn2-c2ccccc2-c2ncccn2)c1)c1ccc2c(c1)OCCO2)c1cnc[nH]1
O=C(Cc1cccnc1)NCC(Oc1ccc2c(cnn2-c2cc3c(cn2)[nH]c2ccccc23)c1)c1ccc2c(c1)OCCO2
O=C(NCC(Oc1ccc2c(cnn2-c2cn[nH]c2)c1)c1ccccc1)c1ccn[nH]1
O=C(NCC(Oc1ccc2c(cnn2-c2cn(Cc3ccnc4ccccc34)nn2)c1)c1ccc2c(c1)OCCO2)c1cnoc1
O=C(NCC(Oc1ccc2c(cnn2-c2nnco2)c1)c1cccs1)c1ccccn1
O=C(NCC(Oc1ccc2c(cnn2-c2cc(-c3cn[nH]c3)on2)c1)c1ccccc1)c1cnoc1
O=C(CCCOc1ccccc1)NCC(Oc1ccc2c(cnn2-c2ccc3n[nH]cc3c2)c1)c1ccc2c(c1)OCC2
O=C(NCC(Oc1ccc2c(cnn2-c2ccncn2)c1)c1ccccc1)c1cccnc1
O=C(NCC(Oc1ccc2c(cnn2-c2ncc3c(n2)NCC3)c1)c1ccc2c(c1)CCO2)c1cnc2ccccc2c1
O=C(NCC(Oc1ccc2c(cnn2-c2ccc3ncnn3c2)c1)c1ccccc1)c1cc2ccncc2[nH]1
O=C1NCc2cc(COc3ccc4c(cnn4-c4ccc5ncccc5n4)c3)ccc21
O=C(NCC(Oc1ccc2c(cnn2-c2nccc(-c3ccncc3)n2)c1)c1ccccc1)C1CC1
O=C(NCC(Oc1ccc2c(cnn2-c2ccc3cn[nH]c3c2)c1)c1ccc2c(c1)OCCO2)c1ccnc2sccc12
O=C(NCC(Oc1ccc2c(cnn2-c2cnc3ncncc3c2)c1)c1ccc2c(c1)OCCCO2)c1ccco1
O=C(NCC(Oc1ccc2c(cnn2-c2cn[nH]c2)c1)c1ccc2c(c1)OCCO2)c1cccc2ncccc12
O=C(NC1CCCCC1)C1CCCC2=Cc3c(cnn3-c3ccccc3)CC21
O=C(Cc1ccccc1)NCC(Oc1ccc2c(cnn2-c2cn[nH]c2C2CC2)c1)c1ccc2c(c1)OCCO2
O=C(NCC(Oc1cc2cnn(-c3ccccc3)c2cn1)c1ccc2c(c1)OCCO2)c1cn2ccccc2n1
O=C(NCC(Oc1ccc2c(cnn2-c2ccccn2)c1)c1ccccc1)c1ncc[nH]1
O=C(NCC(Oc1ccc2c(cnn2-c2cc3ccccc3cn2)c1)c1ccccc1)c1cc[nH]n1
N=c1[nH]oc2cccc(-n3ncc4cc(OC(CNC(=O)c5ccco5)c5ccc6c(c5)OCCO6)ccc43)c12
O=C(NCC(Oc1ccc2c(cnn2-c2cccc(-c3cccc4ccoc34)c2)c1)c1ccccc1)c1cncs1
O=C(NCC(Oc1ccc2c(cnn2-c2cc3c(cn2)CCNC3)c1)c1ccccc1)c1cnccn1
c1cc2c(cc1COc1ccc3c(cnn3-c3cnc(=NC4CCCC4)[nH]c3)c1)CCC2
O=C(NCC(Oc1ccc2c(cnn2-c2cccnc2)c1)c1ccc2c(c1)OCCCO2)C1CCC1
O=C(NCC(Oc1ccc2c(cnn2-c2cc3c(cn2)C2CCC4C(=O)CCC4C2CC3)c1)c1ccc2c(c1)OCCO2)c1ccno1
O=C(NCC(Oc1ccc2c(cnn2-c2cccc(C3CCCC3)n2)c1)c1ccc2c(c1)OCCO2)c1cccnc1
O=C(NCC(Oc1ccc2c(cnn2-c2cnccn2)c1)c1ccc2c(c1)CCC2)c1ccnc2ccccc12
c1ccc(COc2ccc3c(cnn3-c3nnc4ccc(-c5ccncc5)nn34)c2)cc1
O=C1NC2(CCC(N3CCc4ccccc4C3)CC2)CN1Cc1ccccc1
O=C(NCC(Oc1ccc2c(cnn2-c2ccccn2)c1)c1ccccc1)c1coc2ccccc12
O=C(NCC(Oc1ccc2c(cnn2-c2ccc3c(c2)OCC3)c1)c1ccccc1)c1ccc2c(c1)OCCO2
O=C(COC1CCc2ccc(COc3ccc4c(cnn4-c4ncnc5[nH]cnc45)c3)cc2O1)Nc1ccccc1
O=C(NCC(Oc1ccc2c(cnn2-c2cnc3nc[nH]c(=O)c3c2)c1)c1ccc2c(c1)OCCO2)c1ccccc1
c1ccc(C2CCc3ccccc3C2C2c3ccccc3CC3CCCCC32)cc1
O=C(NCC(Oc1ccc2c(cnn2-c2ccccc2CN2CCNCC2)c1)c1ccc2c(c1)OCCO2)c1cnco1
O=C(NCC(Oc1ccc2c(cnn2-c2ncccn2)c1)c1ccc2c(c1)OCCO2)c1cnn2c1CCC2
O=C(NCC(Oc1ccc2c(cnn2-c2c[nH]nn2)c1)c1ccc2c(c1)CCC2)c1ccco1
O=C(NCC(Oc1ccc2c(cnn2-c2nn[nH]n2)c1)c1ccccc1)c1ccnnc1
O=C(NCC(Oc1ccc2c(cnn2-c2ccncn2)c1)c1ccc2c(c1)OCCCO2)c1cnco1
O=C(NCC(Oc1ccc2c(cnn2-c2cn(-c3ccnc4ccccc34)cn2)c1)c1ccccc1)c1nnco1
O=C(NCC(Oc1ccc2c(cnn2-c2cncnc2C2CC2)c1)c1ccccc1)c1cnc[nH]c1=O
O=C(NCC(Oc1ccc2c(cnn2-c2ccn[nH]2)c1)c1ccccc1)c1ccc(-n2ccnc2)s1
O=C(NCC(Oc1ccc2c(cnn2-c2n[nH]c(=O)c3ccccc23)c1)c1ccc2c(c1)OCCCO2)Nc1ccccc1
O=C(NCC(Oc1ccc2c(cnn2-c2cc3ccncc3cn2)c1)c1ccc2c(c1)CCC2)c1ncc[nH]1
O=C(NCC(Oc1ccc2c(cnn2-c2nc(C3CC3)cs2)c1)c1ccc2[nH]ccc2c1)C1CCNCC1
O=C(NCC(Oc1ccc2c(cnn2-c2ccccc2)c1)c1ccc2c(c1)OCCO2)c1ccn[nH]1
c1cn2c(-n3ncc4cc(OCc5ccc6c(c5)CNCC6)ccc43)ncc2cn1
c1ccc(C(Oc2ccc3c(cnn3-c3cccc4[nH]ncc34)c2)c2ccc3c(c2)OCCN3Cc2cnc[nH]2)cc1
O=C(Cc1ccccc1)NCC(Oc1ccc2c(cnn2-c2ccc3cc[nH]c3c2)c1)c1ccc2c(c1)OCCO2
O=C(NCC(Oc1ccc2c(cnn2-c2cccc(-c3cnoc3)c2)c1)c1ccccc1)c1ccno1
O=C(Cc1cccc2ccccc12)NCC(Oc1ccc2c(cnn2-c2cnnc3ccccc23)c1)c1ccc2c(c1)OCCO2
O=C(NCC(Oc1ccc2c(cnn2-c2nccc3sccc23)c1)c1ccccc1)c1csc2ccccc12
O=C(NCC(Oc1ccc2c(cnn2-c2ccnc3ccccc23)c1)c1ccc2c(c1)CCO2)C1COc2ccccc2C1
O=C(Cc1cccnn1)NCC(Oc1ccc2c(cnn2-c2ccccn2)c1)c1ccc2c(c1)OCC2
O=C(NCC(Oc1ccc2c(cnn2-c2cnc3c(cnn3-c3ccn[nH]3)c2)c1)c1ccc2c(c1)OCCO2)c1cscn1
O=c1c(-n2ncc3cc(OCc4ccc5c(c4)CNCC5)ccc32)coc2ccccc12
O=C(NCC(Oc1ccc2c(cnn2-c2nnco2)c1)c1ccc2c(c1)COC2)C1CCc2ccccc2C1
N=c1c(-n2ncc3cc(OC(CNC(=O)C4CCC4)c4ccc5c(c4)OCCO5)ccc32)c[nH]n1-c1ccccc1
O=C(NCC(Oc1ccc2c(cnn2-c2cn[nH]c2)c1)c1ccc2c(c1)OCCO2)C1CCc2ccccc21
O=C(NCC(Oc1ccc2c(cnn2-c2nccc3c2cnn3-c2ccccc2)c1)c1ccc2c(c1)OCCO2)C1CCC1
O=C(Cc1ccccc1-n1nccn1)NCC(Oc1ccc2c(cnn2-c2ccccn2)c1)c1ccc2c(c1)OCCO2
O=C(Oc1ccc2c(cnn2-c2cc[nH]n2)c1)c1ccc2c(c1)CCN(Cc1ccc3c(c1)OCCO3)CC2
O=C(NCC(Oc1ccc2c(cnn2-c2ccc3ncsc3c2)c1)c1ccc2c(c1)OCCO2)c1ccon1
O=C(NCC(Oc1ccc2c(cnn2-c2ccc3oncc3c2)c1)c1ccccc1)c1ncn[nH]1
O=C(NCC(Oc1ccc2c(cnn2-c2ccccc2)c1)c1ccc2c(c1)OCCO2)c1cccs1
O=C(NCC(Oc1ccc2c(cnn2-c2cnc3cccnc3c2)c1)c1ccc2c(c1)OCCC2)c1ccn[nH]1
O=C(NCC(Oc1ccc2c(cnn2-c2ccc3[nH]ccc3c2)c1)c1ccc2c(c1)OCCO2)c1c[nH]c(=O)cn1
O=C(NCC(Oc1ccc2c(cnn2-c2ccccc2)c1)c1ccccc1)c1cnc(-c2ccncc2)s1
O=C(NCC(Oc1ccc2c(cnn2-c2ccccn2)c1)c1ccc2c(c1)OCCCO2)C1CCOCC1
O=C(COc1ccccc1)NCC(Oc1ccc2c(cnn2-c2ccnc3ccccc23)c1)c1ccc2c(c1)CCC2
O=C(Cn1cccn1)NCC(Oc1ccc2c(cnn2-c2ccccc2)c1)c1ccc2c(c1)OCCC2
O=C(C1CC1)C1CCCC2=Cc3c(cnn3-c3ccc(-n4cnc5cnccc54)cc3)CC21
O=C(NCC(Oc1ccc2c(cnn2-c2nccc(C3CC3)n2)c1)c1ccc2c(c1)OCCCO2)c1cccc2cnccc12
O=C(NCC(Oc1ccc2c(cnn2-c2ccccn2)c1)c1ccc2c(c1)OCCO2)c1cnc2ccsc2c1
O=C(NCC(Oc1ccc2c(cnn2-c2cccnc2)c1)c1ccc2c(c1)OCCO2)c1ccsc1
O=C(NCC(Oc1ccc2c(cnn2-c2ccc3cc[nH]c3c2)c1)c1ccc2c(c1)OCCO2)c1cccnc1
O=C(NCC(Oc1ccc2c(cnn2-c2ccncc2)c1)c1ccc2c(c1)OCCO2)c1ccccc1
O=C(NCC(Oc1ccc2c(cnn2-c2cnc3ccccn23)c1)c1ccc2ccccc2c1)c1ncon1
N=c1cnc(-n2cc(-n3ncc4cc(OC(CNC(=O)c5cc6cnccc6[nH]5)c5ccccc5)ccc43)cn2)c[nH]1
O=C(NCC(Oc1ccc2c(cnn2-c2cc3cc[nH]c3cn2)c1)c1ccc2c(c1)OCCO2)c1cccc2ccccc12
O=C(NCC(Oc1ccc2c(cnn2-c2nnco2)c1)c1ccccc1)c1cnoc1
O=C(NCC(Oc1ccc2c(cnn2-c2cnn(Cc3cnoc3)c2)c1)c1ccccc1)c1cc2ccccc2[nH]1
O=C(Cc1cccc(-n2nccn2)c1)NCC(Oc1ccc2c(cnn2-c2ccccc2)c1)c1ccc2c(c1)OCCO2
O=C(NCC(Oc1ccc2c(cnn2-c2cnc3ccccc3c2)c1)c1ccc2c(c1)CCC2)c1ccn[nH]1
c1nc2cc(-n3ncc4cc(OCc5ccc6c(c5)OCCO6)ccc43)ccc2[nH]1
O=C(NCc1ccccc1)C1CCCN(c2ncnc3c2cnn3-c2ccccc2)C1
O=C(NCC(Oc1ccc2c(cnn2-c2cnc3cn[nH]c3c2)c1)c1ccccc1)c1nc[nH]n1
O=C(Cc1ccccc1)NCC(Oc1ccc2c(cnn2-c2ccncc2)c1)c1ccc2occc2c1
O=C(NCC(Oc1ccc2c(cnn2-c2ccc3cn[nH]c3c2)c1)c1ccc2c(c1)OCCO2)c1cnoc1
O=C(NCC(Oc1ccc2c(cnn2-c2cnn(-c3ccncn3)c2)c1)c1ccc2c(c1)OCCO2)c1cccnc1
c1cc2c(c(-n3ncc4cc(OCc5ccc6c(c5)CNCC6)ccc43)n1)CCNC2
O=C(Oc1ccc2c(cnn2-c2ccc(-c3nn[nH]n3)cc2)c1)c1ccc2c(c1)CCNC2
O=C(NCC(Oc1ccc2c(cnn2-c2ccncc2)c1)c1ccc2c(c1)CCO2)c1c2n([nH]c1=S)CCC2
O=C(NCC(Oc1ccc2c(cnn2-c2cccc3cnccc23)c1)c1ccc2occc2c1)C1CCCCN1
c1ccc(-n2ncc3cc(OCc4ccc5c(c4)OCCO5)ccc32)c(-c2ccsc2)c1
N=c1nc(-n2ncc3cc(OC(CNC(=O)c4cnoc4)c4ccc5c(c4)OCCO5)ccc32)cc[nH]1
O=C(NCC(Oc1ccc2c(cnn2-c2ccc3[nH]ncc3c2)c1)c1ccccc1)C1CCCN1
O=C(NCC(Oc1ccc2c(cnn2-c2ccccc2)c1)c1ccc2ccccc2c1)c1ccsc1
O=C(NCC(Oc1ccc2c(cnn2-c2ccc3ccccc3n2)c1)c1ccccc1)c1cccc2ccccc12
O=C(NCC(Oc1ccc2c(cnn2-c2nc(N3CCOCC3)cc3c2cnn3-c2ccccc2)c1)c1ccc2c(c1)CCC2)c1ncc[nH]1
O=C(NCC(Oc1ccc2c(cnn2-c2ccnn2-c2ccccc2)c1)c1ccc2c(c1)OCCO2)c1ccccc1
O=C(NCC(Oc1ccc2c(cnn2-c2nccc3cccnc23)c1)c1ccc2c(c1)OCCN2)c1ccccc1
O=C(NCC(Oc1ccc2c(cnn2-c2cccc(-c3ccnn3C3CCOCC3)c2)c1)c1ccccc1)C1CCC1
O=C(Cn1ccc2ccccc21)NCC(Oc1ccc2c(cnn2-c2cccnc2)c1)c1ccc2c(c1)OCCO2
O=C(Cc1ccsc1)NCC(Oc1ccc2c(cnn2-c2ccc3oncc3c2)c1)c1ccc2c(c1)OCCO2
O=C(NCC(Oc1cnc2c(cnn2-c2ccccc2)c1)c1ccc2c(c1)OCCO2)C1Cc2ccccc2CN1
O=C(NCC(Oc1ccc2c(cnn2-c2cnccn2)c1)c1ccc2c(c1)OCCO2)C1CCOCC1
O=C(NCC(Oc1ccc2c(cnn2-c2cc3c(cn2)CCC3)c1)c1ccc2c(c1)CCC2)c1ccoc1
c1cc(N2CCN3CCCC3C2)nc(-n2ncc3ccc(OCc4ccc5c(c4)OCCO5)cc32)c1
O=C(NCC(Oc1ccc2c(cnn2-c2conc2-c2ccccc2)c1)c1ccccc1)c1ccnc2ccccc12
O=C(NCC(Oc1ccc2c(cnn2-c2nccc3cncnc23)c1)c1ccc2c(c1)OCCO2)c1csnn1
O=C(NCC(Oc1ccc2c(cnn2-c2cnn(-c3ccccc3)c2)c1)c1ccccc1)c1ccnc2ccccc12
O=C(NCC(Oc1ccc2c(cnn2-c2cnccn2)c1)c1ccc2c(c1)OCCCO2)c1nsc2ccccc12
O=C(NCC(Oc1ccc2c(cnn2-c2cnc3ccccc3n2)c1)c1ccc2c(c1)OCCCO2)c1csc2ccccc12
O=C(NCC(Oc1ccc2c(cnn2-c2cncc(-c3cnc[nH]3)c2)c1)c1ccccc1)c1cncs1
c1ccc(-n2cc(-c3ccc4c(c3)CCCC4)nc2-c2nnnn2-c2ccccc2)cc1
O=C(NCC(Oc1ccc2c(cnn2-c2nncs2)c1)c1ccc2c(c1)OCCO2)c1n[nH]c(=O)c2c1CCC2
O=C(NCC(Oc1ccc2c(cnn2-c2ccc3[nH]c(=O)ccc3c2)c1)c1ccc2c(c1)OCCO2)c1cocn1
O=C(NCC(Oc1ccc2c(cnn2-c2ocnc2-c2cccnc2)c1)c1ccc2c(c1)CCC2)c1ccccc1
O=C(NCC(Oc1ccc2c(cnn2-c2nnnn2C2CCCC2)c1)c1ccc2c(c1)OCCO2)c1cccc2ccoc12
O=C(NCC(Oc1ccc2c(cnn2-c2ccccn2)c1)c1ccncc1)c1cn[nH]c1
O=c1c(-n2ncc3cc(OCc4ccc5c(c4)OCCO5)ccc32)cnc2ccccn12
O=C(Cc1ccccc1)NCC(Oc1ccc2c(cnn2-c2cnn(-c3ccccc3)c2)c1)c1ccc2c(c1)OCCO2
N=c1cc[nH]c(-n2ncc3cc(OC(CNC(=O)c4cncs4)c4ccc5c(c4)CCC5)ccc32)n1
O=C(NCC(Oc1ccc2c(cnn2-c2ccnc3ccccc23)c1)c1ccc2c(c1)OCCO2)c1cnco1
O=C(NCC(Oc1ccc2c(cnn2-c2cncc(-c3ccns3)c2)c1)c1ccc2c(c1)OCCO2)c1cocn1
c1cc(-c2cncc(COc3ccncc3)n2)c2ccc(C3CCOC3)nc2c1
O=C(CCNCCc1ccccc1)NCC(Oc1ccc2c(cnn2-c2ccccc2)c1)c1ccc2c(c1)OCCO2
O=C(NCC(Oc1ccc2c(cnn2-c2ccc3c(c2)CCC3)c1)c1ccccc1)c1cscn1
O=C(NCC(Oc1ccc2c(cnn2-c2ccc3ccccc3c2)c1)c1ccccc1)c1cnc2ccccn12
O=C(NCC(Oc1ccc2c(cnn2-c2cccnn2)c1)c1ccc2c(c1)OCCO2)c1ccccc1
O=C(NCC(Oc1ccc2c(cnn2-c2cn(-c3cncnc3)cn2)c1)c1ccc2c(c1)CCC2)c1ccccn1
O=C(CC12CC3CC(CC(C3)C1)C2)NCC(Oc1ccc2c(cnn2-c2ncon2)c1)c1ccc2c(c1)OCCO2
O=C(NCC(Oc1ccc2c(cnn2-c2nccc3cn[nH]c23)c1)c1ccc2c(c1)OCCO2)c1ccccc1
O=C(NCC(Oc1ccc2c(cnn2-c2nnc(-c3ccccc3)s2)c1)c1ccc2c(c1)CCC2)C1CCC1
O=C(COc1ccccc1)NCC(Oc1ccc2c(cnn2-c2cnoc2)c1)c1ccc2c(c1)OCCO2
c1cc2c(cc1COc1ccc3c(cnn3-c3ncc4c(n3)CCC4)c1)OCCCO2
O=C(NCC(Oc1ccc2c(cnn2-c2cc3ccccc3cn2)c1)c1ccc2c(c1)OCCC2)c1ccc[nH]1
O=C(NCC(Oc1ccc2c(cnn2-c2ccc3ccccc3c2)c1)c1ccc2c(c1)OCCO2)c1cccc2cc[nH]c12
O=C(NCC(Oc1ccc2c(cnn2-c2cc3c(cn2)OCCN3)c1)c1ccc2c(c1)OCCO2)c1cnco1
O=C(NCC(Oc1ccc2c(cnn2-c2cc3[nH]ncc3cn2)c1)c1ccc2c(c1)OCCO2)c1cc2ccccc2o1
O=C(NCC(Oc1ccc2c(cnn2-c2nc3ccccc3[nH]2)c1)c1ccc2c(c1)OCCO2)c1cncs1
O=C(NCC(Oc1ccc2c(cnn2-c2cccc3c2CCC3)c1)c1ccc2c(c1)OCCCO2)c1cnoc1
O=C(C[SH+]Cc1ccccc1)NCC(Oc1ccc2c(cnn2-c2nncc3ccccc23)c1)c1ccc2c(c1)OCCO2
O=C(NCC(Oc1ccc2c(cnn2-c2ccc(-c3csnn3)cc2)c1)c1ccc2c(c1)CCO2)C1CCOC1
O=C(Cc1ccccc1)NCC(Oc1ccc2c(cnn2-c2cc3ccccc3cn2)c1)c1ccc2c(c1)CCO2
O=C(NCC(Oc1ccc2c(cnn2-c2ccccn2)c1)c1ccc2c(c1)OCCO2)c1ccc2ccccc2n1
O=C(NCC(Oc1cnc2c(cnn2-c2ccccn2)c1)c1ccccc1)c1coc2ccccc12
O=C(NCC(Oc1ccc2c(cnn2-c2ccc3ocnc3c2)c1)c1ccc2c(c1)OCCO2)c1cncs1
O=C(NCC(Oc1ccc2c(cnn2-c2nc3ccccc3[nH]2)c1)c1ccc2c(c1)OCCO2)c1cnc[nH]1
O=C(Cc1ccccc1)NCC(Oc1ccc2c(cnn2-c2cnc3cnccc3c2)c1)c1ccc2c(c1)OCCO2
O=C(NCC(Oc1ccc2c(cnn2-c2cnc3[nH]ncc3c2)c1)c1ccc2c(c1)CNC2)c1ccccn1
O=C(NCC(Oc1ccc2c(cnn2-c2[nH]ncc2-c2cccnn2)c1)c1ccc2c(c1)OCCO2)c1ccsc1
O=C(COc1ccccc1)NCC(Oc1ccc2c(cnn2-c2ccccc2C2CC2)c1)c1cccnc1
O=C(NCC(Oc1ccc2c(cnn2-c2ccccc2)c1)c1ccc2c(c1)OCC2)c1cncnc1
c1ccc(COc2ccc3c(cnn3-c3ccc4c(c3)CCN(Cc3ccccc3)CC4)c2)cc1
O=C(NCC(Oc1ccc2c(cnn2-c2nc3ccccc3[nH]2)c1)c1ccc2c(c1)OCCO2)c1ccc(-c2cnco2)s1
O=C(NCC(Oc1ccc2c(cnn2-c2cnc3cccnn23)c1)c1ccc2c(c1)OCCO2)c1ccccc1
O=C(NCC(Oc1ccc2c(cnn2-c2cc(-c3cncnc3)ncn2)c1)c1ccccc1)c1cc2ccccc2s1
O=C(NCC(Oc1ccc2c(cnn2-c2cnc3c(c2)CNC3=O)c1)c1ccccc1)c1cccs1
O=C(NCC(Oc1ccc2c(cnn2-c2cccc(-c3cnn(C4CCNCC4)c3)c2)c1)c1ccc2c(c1)CCO2)C1CCC1
O=C(NCC(Oc1ccc2c(cnn2-c2ccc3c(c2)CCC3)c1)c1ccccc1)c1ncc[nH]1
O=C(NCC(Oc1ccc2c(cnn2-c2nccc3ccsc23)c1)c1ccccc1)c1cncs1
c1cc(-n2ncc3cc(OCc4ccc5c6c(cccc46)CC5)ccc32)c2[nH]ccc2c1
c1ccc(-c2ccc(Cc3cncnc3)cc2)cc1
O=C(NCC(Oc1ccc2c(cnn2-c2nccc3c2CCN(C(=O)c2ccncc2)C3)c1)c1ccc2c(c1)OCCO2)c1cccc2ccncc12
O=C(NCC(Oc1ccc2c(cnn2-c2ccc3ccncc3c2)c1)c1ccc2c(c1)OCCC2)c1ccncc1
O=C(NCC(Oc1ccc2c(cnn2-c2ccn[nH]2)c1)c1ccc2c(c1)CCCO2)c1cnc[nH]1
O=C(NCC(Oc1ccc2c(cnn2-c2cc(-n3cccn3)ccn2)c1)c1ccc2c(c1)OCCCO2)C1CCCN1
O=C(NCC(Oc1ccc2c(cnn2-c2cnc3[nH]cnc3c2)c1)c1ccc2c(c1)OCCO2)c1ccccc1
O=C(NCC(Oc1ccc2c(cnn2-c2ncccn2)c1)c1ccc2c(c1)OCCO2)c1cnccn1
c1ccc(Oc2ccc3[nH]c(=Nc4ccccn4)ncc3c2)cc1
O=C(NCC(Oc1ccc2c(cnn2-c2cccc3[nH]ccc23)c1)c1ccccc1)c1cccnc1
O=C(NCC(Oc1ccc2c(cnn2-c2ccccc2)c1)c1ccc2c(c1)OCCO2)c1cnoc1
O=C(NCC(Oc1ccc2c(cnn2-c2ccccn2)c1)c1ccc2c(c1)CCO2)c1ccno1
O=C(NCC(Oc1ccc2c(cnn2-c2cnc3cc[nH]c(=O)c3c2)c1)c1ccccc1)c1cccs1
O=C(NCC(Oc1ccc2c(cnn2-c2ccc3[nH]cnc3c2)c1)c1ccccc1)c1ccco1
O=C(NCC(Oc1ccc2c(cnn2-c2cccnc2)c1)c1ccc2c(c1)CCC2)c1cccc2cc[nH]c12
O=C(Nc1cccc2[nH]ncc12)N1CCC2(c3ccccc3)CC1C2
O=C(NCC(Oc1ccc2c(cnn2-c2ncc[nH]2)c1)c1ccc2c(c1)OCCO2)c1csc2ccccc12
O=C(NCC(Oc1ccc2c(cnn2-c2cc(=NCc3ccccc3)[nH]cn2)c1)c1ccccc1)c1cocn1
O=C(NCC(Oc1ccc2c(cnn2-c2ccon2)c1)c1ccc2c(c1)OCCCO2)c1cnccn1
O=C(NCC(Oc1ccc2c(cnn2-c2cnc3ccncc3n2)c1)c1ccc2c(c1)OCCO2)c1cocn1
O=C(NCC(Oc1ccc2c(cnn2-c2cnn(C3CCOCC3)c2)c1)c1ccccc1)c1cncnc1
O=C(NCC(Oc1ccc2c(cnn2-c2ccccc2)c1)c1ccc2c(c1)OCCO2)c1cccnc1
O=C(NCC(Oc1ccc2c(cnn2-c2nccc3ccsc23)c1)c1ccc2c(c1)OCCCO2)C1CCC1
O=C1OCCC1Oc1ccccc1-c1ccccc1
O=C(NCC(Oc1ccc2c(cnn2-c2cn3c(ccc4ccccc43)n2)c1)c1ccccc1)c1cnc[nH]1
O=S(=O)(NCC(Oc1ccc2c(cnn2-c2ccncc2-c2cncc3ccccc23)c1)c1ccccc1)C1CC1
O=C(NCC(Oc1ccc2c(cnn2-c2cccc3nccnc23)c1)c1ccc2c(c1)OCCO2)c1cccc2ncccc12
O=C(NCC(Oc1ccc2c(cnn2-c2cnc3n[nH]cc3c2)c1)c1ccc2ccccc2c1)c1ccncc1
c1ccn2c(-n3ncc4cc(OCc5ccc6c(c5)OCCO6)ccc43)cnc2c1
O=C(NCC(Oc1ccc2c(cnn2-c2ncccn2)c1)c1ccccc1)c1ccco1
O=C(NCC(Oc1ccc2c(cnn2-c2ccccc2-c2ncco2)c1)c1ccc2c(c1)OCCO2)c1ccn[nH]1
O=C(CCc1ccccc1)NCC(Oc1ccc2c(cnn2-c2cccc3cc[nH]c23)c1)c1ccc2c(c1)OCCO2
O=C(NCC(Oc1ccc2c(cnn2-c2cccc(-n3ccnc3)c2)c1)c1ccccc1)C1CCC1
O=C(NCC(Oc1ccc2c(cnn2-c2ccc3c(-c4ccoc4)cccc3n2)c1)c1ccc2c(c1)OCCO2)c1ccn[nH]1
O=C(Cn1ccc2ccccc21)NCC(Oc1ccc2c(cnn2-c2ccccc2-c2ccccn2)c1)c1ccc2c(c1)OCCO2
O=C(NCC(Oc1ccc2c(cnn2-c2cnc3c(c2)CCN(CCOc2ccoc2)C3=O)c1)c1ccc2c(c1)CCC2)c1ccccc1
O=C(NCC(Oc1ccc2c(cnn2-c2ccncn2)c1)c1ccc2c(c1)OCCO2)c1cncs1
c1cc2c(c(-n3ncc4cc(OCc5ccc6c(c5)OCCO6)ccc43)n1)CCCC2
c1ncc(-n2ncc3cc(OCc4ccc5c(c4)OCC5)ccc32)cn1
O=c1c2ccccc2nc(-c2ccccc2)n1-c1ccncc1
O=C(NCC(Oc1ccc2c(cnn2-c2ccc3occc3c2)c1)c1ccc2c(c1)CCC2)c1ccccc1
O=C(NCC(Oc1ccc2c(cnn2-c2ccc3c(cnn3C3CCC3)c2)c1)c1ccc2c(c1)OCCO2)c1ccccc1
O=C(NCc1cccnc1)C(Oc1ccc2c(cnn2-c2cnn(C3CC3)c2)c1)c1ccccc1
c1cc(-n2ncc3cc(OCc4ccc5sccc5c4)ccc32)c2ccnn2c1
O=C(CCc1ccccc1)NCC(c1ccccc1)c1ccc2cc(-n3ncc4cc(OCc5ccc6c(c5)OCCO6)ccc43)ccc2c1
O=C(Cc1ccccc1)NCC(Oc1ccc2c(cnn2-c2cccc(-c3cccc4c3C(=O)NCC4)c2)c1)c1ccc2c(c1)OCCO2
O=C(Cc1ccccc1)NCC(Oc1ccc2c(cnn2-c2[nH]nc3ncccc23)c1)c1ccc2c(c1)OCCO2
O=C(NCC(Oc1ccc2c(cnn2-c2cnc3ccccn23)c1)c1ccc2c(c1)OCCO2)c1cccnc1
O=C(NCC(Oc1ccc2c(cnn2-c2cnc3cnccc3n2)c1)c1ccccc1)c1cncs1
O=C(NCC(Oc1ccc2c(cnn2-c2ncnc3ccsc23)c1)c1ccccn1)c1ncc[nH]1
O=C(NCC(Oc1ccc2c(cnn2-c2ccccn2)c1)c1ccccc1)c1cn[nH]c1
O=C(NCC(Oc1ccc2c(cnn2-c2nc(-c3ccccc3)cc(N3CCOCC3)n2)c1)c1ccc2c(c1)OCCO2)c1ccccc1
O=C(NCC(Oc1ccc2c(cnn2-c2nncs2)c1)c1ccc2ccccc2c1)c1ccn[nH]1
O=C(NCC(Oc1ccc2c(cnn2-c2ccccc2)c1)c1ccc2c(c1)CCN(CCc1cccs1)C2)C1CC1
O=C(NCC(Oc1ccc2c(cnn2-c2ccccc2)c1)c1cscn1)c1ccc(-c2ccccc2)[nH]1
O=C(NCC(Oc1ccc2c(cnn2-c2cc3ccccc3cn2)c1)c1ccccc1)c1cnco1
O=C(NCC(Oc1ccc2c(cnn2-c2ncnc3[nH]cnc23)c1)c1ccc2c(c1)OCCO2)c1ncco1
O=C(NCC(Oc1ccc2c(cnn2-c2cnc3ncccc3c2)c1)c1ccc2c(c1)OCCCO2)C1CCCCC1
O=C(Cc1ccccc1)NCC(Oc1ccc2c(cnn2-c2cc3ccccc3cn2)c1)c1ccc2c(c1)OCCO2
O=C(NCC(Oc1ccc2c(cnn2-c2cnc3ncnn3c2)c1)c1ccc2c(c1)OCCO2)c1csc2ccccc12
O=C(NCC(Oc1ccc2c(cnn2-c2nccs2)c1)c1ccccc1)c1cccnn1
O=C(NCC(Oc1ccc2c(cnn2-c2ccnnc2)c1)c1ccc2c(c1)OCCO2)c1cccnc1
O=C(NCC(Oc1ccc2c(cnn2-c2cc3ccccc3cn2)c1)c1ccc2c(c1)OCCO2)c1cnn2c1CCCC2
O=C(NCC(Oc1ccc2c(cnn2-c2nccc3c2CCN(C(=O)c2cnoc2)C3)c1)c1ccc2c(c1)OCCO2)c1ccccc1
O=C(NCC(Oc1ccc2c(cnn2-c2cccnc2)c1)c1ccc2cc[nH]c2c1)c1cnc[nH]1
O=C(NCC(Oc1ccc2c(cnn2-c2nccs2)c1)c1ccccc1)c1ncoc1-c1ccccc1
O=C(NCC(Oc1ccc2c(cnn2-c2cncnc2)c1)c1ccccc1)c1ccsc1
O=C(NCC(Oc1ccc2c(cnn2-c2nc(C3CC3)nc3ccsc23)c1)c1ccccc1)c1cscn1
O=C(NCC(Oc1ccc2c(cnn2-c2ncccn2)c1)c1ccc2c(c1)OCCC2)c1cnn2cccnc12
O=C(NCC(Oc1ccc2c(cnn2-c2cc[nH]n2)c1)c1ccccc1)c1cn[nH]c1
O=C(NCC(Oc1ccc2c(cnn2-c2nnc(-c3ccccc3)o2)c1)c1ccc2c(c1)OCCO2)c1cc[nH]n1
O=C(COc1cccc2cccnc12)NCC(Oc1ccc2c(cnn2-c2cnccn2)c1)c1ccc2c(c1)OCCO2
O=C(NCC(Oc1ccc2c(cnn2-c2cncc(-c3ncc[nH]3)c2)c1)c1ccc2c(c1)OCCO2)c1ccccn1
O=C(NCC(Oc1ccc2c(cnn2-c2cccnn2)c1)c1ccccc1)c1nsc2ccccc12
c1ccc(-n2ncc3cc(OCc4ccc5c(c4)CN(Cc4ccccn4)CC5)ccc32)cc1
c1ccc(-n2ncc3cc(OCc4c[nH]c5ccccc45)ccc32)cc1
c1cncc(COc2ccc3c(cnn3-c3ccnc(N4CCCCC4)n3)c2)c1
O=C(NCC(Oc1ccc2c(cnn2-c2ccccn2)c1)c1ccccc1)c1cccc2nccnc12
O=C(NCC(Oc1ccc2c(cnn2-c2ccc3c(c2)CCNC3)c1)c1ccccc1)c1ccno1
O=C(NCC(Oc1ccc2c(cnn2-c2ncnc3c2CCC3)c1)c1ccc2c(c1)CCC2)c1ccc[nH]1
O=C(Cc1ccccc1)NCC(Oc1ccc2c(cnn2-c2ccccc2)c1)c1nccs1
c1ccc(CC(Oc2ccc3c(cnn3-c3ccc4c(c3)OCCO4)c2)c2ccc3c(c2)OCCN3)cc1
O=C(NCC(Oc1ccc2c(cnn2-c2cncnc2)c1)c1ccc2c(c1)CCC2)c1ccn[nH]1
c1cncc(-n2cc(-n3ncc4cc(OCc5ccc6c(c5)OCCO6)ccc43)cn2)c1
O=C(NCCOc1ccc2c(cnn2-c2ccnn2-c2ccccc2)c1)c1nnco1
O=C(NCC(Oc1ccc2c(cnn2-c2c[nH]c3ccccc23)c1)c1ccc2c(c1)CCC2)c1cnoc1
O=C(NCC(Oc1ccc2c(cnn2-c2cc3n(n2)CCN(C2CCOCC2)C3)c1)c1ccc2c(c1)OCCO2)c1ccccn1
O=C(NCC(Oc1ccc2c(cnn2-c2cccc(-n3ncc4ccccc43)c2)c1)c1ccc2ccccc2c1)c1ccccc1
O=C(NCC(Oc1ccc2c(cnn2-c2ncc[nH]2)c1)c1ccc2c(c1)OCCCO2)c1cnoc1
O=C(NCC(Oc1ccc2c(cnn2-c2cnc3ccccn23)c1)c1ccccc1)C1CCC1
O=C(NCC(Oc1ccc2c(cnn2-c2ncnc3[nH]ncc23)c1)c1ccc2c(c1)CCO2)c1cnoc1
O=C(NCC(Oc1ccc2c(cnn2-c2ccccc2-c2ncccn2)c1)c1ccc2c(c1)OCCO2)c1cn[nH]c1
O=C(NCC(Oc1ccc2c(cnn2-c2ccc3c(N4CCOCC4)nccc3c2)c1)c1ccc2c(c1)OCCO2)C1CCCCC1
O=S(=O)(NCC(Oc1ccc2c(cnn2-c2cc[nH]n2)c1)c1ccc2c(c1)OCCO2)c1cn[nH]c1
O=C(NCC(Oc1ccc2c(cnn2-c2ncccn2)c1)c1ccccc1)c1cnc2[nH]nnc2c1
O=C(Cc1ccc(-n2cccn2)cc1)NCC(Oc1ccc2c(cnn2-c2cnc3[nH]ncc3c2)c1)c1ccc2c(c1)OCCO2
O=C(Nc1ccccc1)C1CCCc2c1nn(-c1ccccc1)c2-c1ccccc1
O=C(NCC(Oc1ccc2c(cnn2-c2cnn(-c3ccn[nH]3)c2)c1)c1ccccc1)C1CC1
O=C(Cc1ccccc1)NCC(Oc1ccc2c(cnn2-c2cnn(-c3ccnc4ccccc34)c2)c1)c1ccc2c(c1)OCCO2
O=C(NCC(Oc1ccc2c(cnn2-c2cccc(-c3cnccn3)c2)c1)c1ccc2c(c1)OCCO2)c1cnoc1
O=C(NCC(Oc1ccc2c(cnn2-c2cccc(COc3ccc4cn[nH]c4c3)n2)c1)c1ccncc1)c1ccncc1
O=C(NCC(Oc1ccc2c(cnn2-c2ccc3c(-c4ccco4)cccc3c2)c1)c1ccccc1)c1ccco1
O=C(NCC(Oc1ccc2c(cnn2-c2nncc3ccccc23)c1)c1ccccc1)c1ccccc1
O=C(NCC(Oc1ccc2c(cnn2-c2ccnc(-n3cccn3)n2)c1)c1ccccc1)C1CCCNC1
O=C(NCC(Oc1ccc2c(cnn2-c2ccnc(-c3ncc[nH]3)c2)c1)c1ccccc1)c1ccn[nH]1
O=C(NCC(Oc1ccc2c(cnn2-c2ccccc2-c2ccccn2)c1)c1ccccc1)c1csnn1
O=C(NCC(Oc1ccc2c(cnn2-c2ccccc2-c2nn[nH]n2)c1)c1ccc2c(c1)OCCO2)c1cccc2cnccc12
c1ccc(CCCCc2cc3ccncc3[nH]2)cc1
O=C(NCC(Oc1ccc2c(cnn2-c2ncc(-c3ccoc3)nn2)c1)c1ccc2c(c1)OCCO2)c1cnoc1
O=C(NCC(Oc1ccc2c(cnn2-c2cnc3[nH]ccc3c2)c1)c1ccccc1)c1nnc2ccccn2c1=O
O=C(NCC(Oc1ccc2c(cnn2-c2cncnc2)c1)c1ccc2c(c1)OCCC2)c1ccc[nH]1
O=C(NCC(Oc1ccc2c(cnn2-c2ncnc3c2ccn3-c2ccccn2)c1)c1ccc2c(c1)OCCCO2)c1cocn1
O=C(NCC(Oc1ccc2c(cnn2-c2cc(C3CC3)n[nH]2)c1)c1ccccc1)c1nnco1
O=C(COc1ccccc1)NCC(Oc1ccc2c(cnn2-c2cc[nH]c(=Nc3ccccc3)n2)c1)c1ccc2c(c1)OCCO2
O=S(=O)(NCC(Oc1ccc2c(cnn2-c2cccnn2)c1)c1ccc2c(c1)CCO2)C1CC1
O=C(NCC(Oc1ccc2c(cnn2-c2nncs2)c1)c1ccc2c(c1)OCCO2)c1ccoc1
O=C(NCC(Oc1ccc2c(cnn2-c2cccnc2)c1)c1ccc2c(c1)OCCO2)C1CCCCN1
O=C(NCC(Oc1ccc2c(cnn2-c2cc[nH]c(=NC3CC3)n2)c1)c1ccc2c(c1)OCCO2)c1ncc[nH]1
O=C(NCC(Oc1ccc2c(cnn2-c2ccc3c(c2)OCCO3)c1)c1ccc2c(c1)CCNC2)C1CCCCC1
O=C(NCC(Oc1ccc2c(cnn2-c2cccc(N3CCCC3)n2)c1)c1ccccc1)c1ccnnc1
O=C(NCC(Oc1ccc2c(cnn2-c2cnc3ccccc3c2)c1)c1ccc2c(c1)OCCCO2)c1ccoc1
O=C(NCC(Oc1ccc2c(cnn2-c2ccc3ccccc3n2)c1)c1ccc2c(c1)OCCO2)c1cnc2ccccn12
O=C(NCC(Oc1ccc2c(cnn2-c2ncnc3c2ccn3-c2ccccc2)c1)c1ccccc1)c1cccc2ccccc12
O=C(NCC(Oc1ccc2c(cnn2-c2ncccn2)c1)c1ccc2c(c1)OCCO2)c1cncnc1
O=C(NCC(Oc1ccc2c(cnn2-c2noc3ccccc23)c1)c1ccc2c(c1)OCCO2)c1ccccc1
c1ccc(Cn2nnc3c(-n4ncc5cc(OCc6ccc7c(c6)COC7)ccc54)ncnc32)cc1
O=c1[nH]c2ncc(-n3ncc4cc(OCc5cc6ccccc6cn5)ccc43)nc2[nH]1
O=C(NCC(Oc1ccc2c(cnn2-c2nnc3ccc(-c4cn[nH]c4)cn23)c1)c1ccc2c(c1)OCCO2)c1cccnc1
O=C(NCC(Oc1ccc2c(cnn2-c2cn[nH]c2)c1)c1ccc2c(c1)OCCC2)c1ccc2ccccc2n1
O=C(NCC(Oc1ccc2c(cnn2-c2ncccn2)c1)c1ccc2c(c1)OCCO2)C1CCCCC1
O=C(NCC(Oc1ccc2c(cnn2-c2cnc3ncccc3n2)c1)c1ccc2c(c1)OCCO2)c1ccccc1
O=C(NCC(Oc1ccc2c(cnn2-c2ccccc2)c1)c1ccc2c(c1)OCCO2)c1cn[nH]c1
c1cc2c(cc1COc1ccc3c(cnn3-c3c[nH]nn3)c1)OCCN2
O=C(NCC(Oc1ccc2c(cnn2-c2ncccn2)c1)c1ccccc1)c1ccncn1
O=C(NCC(Oc1ccc2c(cnn2-c2cccc3cnccc23)c1)c1ccc2c(c1)OCCN2)c1cnccn1
c1cc2c(cc1COc1ccc3c(cnn3-c3cnc4cnncc4c3)c1)OCCCO2
O=C(NCC(Oc1ccc2c(cnn2-c2n[nH]c3ncc(-c4ncno4)cc23)c1)c1ccccc1)C1CC1
O=C(NCC(Oc1ccc2c(cnn2-c2cc(C3CC3)ncn2)c1)c1ccncc1)c1cncc2ccccc12
O=C(NCC(Oc1ccc2c(cnn2-c2cnc3cnccc3c2)c1)c1ccccc1)c1cccnc1
O=C(CCCc1ccccc1)NCC(Oc1ccc2c(cnn2-c2cccnc2-c2nc[nH]n2)c1)c1ccc2c(c1)OCCO2
O=C(NCC(Oc1ccc2c(cnn2-c2ncccn2)c1)c1ccc2c(c1)OCCO2)c1cccnc1
O=C(NCC(Oc1ccc2c(cnn2-c2cncc(-c3cccnc3)c2)c1)c1ccccc1)c1cnc2ccccn12
c1cc(-n2ncc3cc(OCc4cncnc4)ccc32)ccn1
O=C(NCC(Oc1ccc2c(cnn2-c2ccon2)c1)c1ccccc1)c1cnoc1
O=C(NCC(Oc1ccc2c(cnn2-c2nccc3c2CCN(Cc2ccccn2)C3)c1)c1ccc2ccccc2c1)c1ccn[nH]1
O=C(NCC(Oc1ccc2c(cnn2-c2nc3cccnc3[nH]2)c1)c1ccc2c(c1)OCCCO2)c1cc2ccccc2o1
O=C(NCC(Oc1ccc2c(cnn2-c2ccc[nH]2)c1)c1ccc2c(c1)OCCO2)c1cccnc1
O=C(NCC(Oc1ccc2c(cnn2-c2ccccc2)c1)c1ccc2c(c1)OCCCO2)c1cnco1
O=C(NCC(Oc1ccc2c(cnn2-c2cc[nH]c(=Nc3ccccc3)n2)c1)c1ccc2c(c1)OCCO2)c1ccccc1
O=S(=O)(NCCNc1cccc2cnc(-n3ncc4cc(OCc5ccc6c(c5)OCCO6)ccc43)cc12)C1CC1
O=C(Cc1ccccn1)NCC(Oc1ccc2c(cnn2-c2cccc(C3CC3)n2)c1)c1ccc2c(c1)OCCO2
O=C(NCC(Oc1ccc2c(cnn2-c2ccc3c(cnn3-c3ccccc3)c2)c1)c1ccc2c(c1)OCCO2)c1ncon1
O=C(NCC(Oc1ccc2c(cnn2-c2cc(-c3cn[nH]c3)n[nH]2)c1)c1ccccc1)c1ccncc1
c1ccc(-n2ncc3cc(OCc4ccc5c(c4)CCC5)ccc32)cc1
O=C(NCC(Oc1ccc2c(cnn2-c2cnn(-c3ncccn3)c2)c1)c1ccc2c(c1)OCCCO2)c1cnc[nH]1
O=C(NCC(Oc1ccc2c(cnn2-c2cnc3c(c2)CCC3)c1)c1ccc2c(c1)OCCO2)c1cncs1
O=C(NCC(Oc1ccc2c(cnn2-c2cc3ccccc3cn2)c1)c1ccc2c(c1)OCCO2)c1ccc2c(c1)OCCO2
O=C(NCC(Oc1ccc2c(cnn2-c2cccnn2)c1)c1ccc2occc2c1)c1cscn1
O=C(Cc1ccccc1)NCC(Oc1ccc2c(cnn2-c2cncnc2)c1)c1ccc2c(n1)CCCC2
O=C(CCCc1cccnc1)NCC(Oc1ccc2c(cnn2-c2cnc3[nH]ccc3c2)c1)c1ccc2c(c1)OCCO2
O=C(NCC(Oc1ccc2c(cnn2-c2ccccc2-n2cncn2)c1)c1ccc2c(c1)OCCO2)c1ccncc1
O=C(NCC(Oc1ccc2c(cnn2-c2ccc3ncccc3c2)c1)c1ccc2c(c1)OCCO2)C1CCC1
O=C(CCc1ccccn1)NCC(Oc1ccc2c(cnn2-c2ccnn2-c2ccno2)c1)c1ccc2c(c1)OCCO2
O=C(NCC(Oc1ccc2c(cnn2-c2cccnn2)c1)c1ccccc1)c1cn2cncnc2n1
O=C(NCC(Oc1ccc2c(cnn2-c2cccnc2)c1)c1ccccc1)C1CC1
O=C(NCC(Oc1ccc2c(cnn2-c2ccc(Oc3ccc4c(c3)CCCC4)nn2)c1)c1ccc2c(c1)OCCO2)C1CCCCO1
O=C(NCC(Oc1ccc2c(cnn2-c2cccc(-c3ccn[nH]3)c2)c1)c1ccc2c(c1)OCCO2)c1cnc[nH]1
O=C(Cc1ccccc1)NCC(Oc1ccc2c(cnn2-c2cnc3ccncc3c2)c1)c1ccc2c(c1)OCCO2
O=C(NCC(Oc1ccc2c(cnn2-c2ccc3ncccc3c2)c1)c1ccc2c(c1)OCCO2)c1cc2ccccc2o1
O=C(NCC(Oc1ccc2c(cnn2-c2nccc3c2CNCC3)c1)c1ccccc1)c1csnn1
c1cc(-c2ccn[nH]2)cc(-n2ncc3cc(OCc4ccc5c(c4)OCCN5)ccc32)c1
O=C(NCC(Oc1ccc2c(cnn2-c2ccnnc2)c1)c1ccc2c(c1)CCC2)c1ccnnc1
O=C(NCC(Oc1ccc2c(cnn2-c2ccncn2)c1)c1ccccc1)c1cc(-c2ccccc2)cnn1
O=C(NCC(Oc1ccc2c(cnn2-c2cnc3c(cnn3-c3ccccn3)c2)c1)c1ccc2c(c1)OCCO2)c1cn[nH]c1
O=C(NCC(Oc1ccc2c(cnn2-c2ccnc3cccnc23)c1)c1ccc2c(c1)OCCO2)c1ccno1
O=c1[nH]n(-n2c(-c3ccccc3)nc3ccccc3c2=O)c2ccccc12
O=C(NCC(Oc1ccc2c(cnn2-c2nccc3c2CCN(CC2CC2)C3)c1)c1ccc2c(c1)CCO2)c1cccnc1
O=C(NCC(Oc1ccc2c(cnn2-c2ncnc3c2CCCC3)c1)c1ccc2c(c1)OCCO2)c1ccoc1
c1ccc(C2OCc3ccccc32)cc1
O=C(NCC(Oc1ccc2c(cnn2-c2nncn2C2CC2)c1)c1ccc2c(c1)OCCO2)c1ccccc1
O=C(NCC(Oc1ccc2c(cnn2-c2ncnc3[nH]cnc23)c1)c1ccc2c(c1)OCCO2)c1ccon1
O=C(NCC(Oc1ccc2c(cnn2-c2ccn3nncc3c2)c1)c1ccc2c(c1)COC2)C1CCCCC1
O=C(NCC(Oc1ccc2c(cnn2-c2ccc3c(c2)CCN(Cc2ccccc2)C3)c1)c1ccc2c(c1)OCCCO2)c1ccn[nH]1
O=C(NN=Cc1ccccc1)c1nnn(-c2ccon2)c1-c1ccccc1
O=C(NCC(Oc1ccc2c(cnn2-c2ccccc2-c2ncccn2)c1)c1ccccc1)c1cccnc1
O=C(NCC(Oc1ccc2c(cnn2-c2ncccn2)c1)c1ccc2c(c1)OCCCO2)c1ccccc1
O=C(NCC(Oc1ccc2c(cnn2-c2ccnc(N3CCOCC3)n2)c1)c1ccccc1)c1csc2ccccc12
O=C(NCC(Oc1ccc2c(cnn2-c2nn[nH]n2)c1)c1ccc2c(c1)OCCCO2)c1csc2ccccc12
O=C(NCC(Oc1ccc2c(cnn2-c2cccnn2)c1)c1ccccc1)c1cncs1
O=C(NCC(Oc1ccc2c(cnn2-c2ncnc3ccsc23)c1)c1ccccc1)c1cc2ccncc2o1
O=C(NCC(Oc1ccc2c(cnn2-c2nnco2)c1)c1ccc2c(c1)OCC2)c1ccsc1
O=c1c2ccccc2cnn1-c1cncc(-n2ncc3cc(OCc4ccccc4)ccc32)c1
O=C(NCC(Oc1ccc2c(cnn2-c2ccncc2)c1)c1ccc2c(c1)CCN(C1CCC1)CC2)C1CC1
O=C(NCC(Oc1ccc2c(cnn2-c2cn(-c3ccccc3)nn2)c1)c1ccc2c(c1)OCCO2)c1ccnc2ccccc12
O=C(NCC(Oc1ccc2c(cnn2-c2cccc3ccncc23)c1)c1ccc2c(c1)CCO2)c1ccccc1
O=C1NCCc2cc(-n3ncc4cc(OC(CNC(=O)C5CCCOC5)c5ccc6c(c5)CCC6)ccc43)cnc21
O=C(NCC(Oc1ccc2c(cnn2-c2nccc3ccccc23)c1)c1ccc2c(c1)CCCC2)c1cnoc1
c1ccc2c(c1)ccn2-c1ccc(Cc2ccc3c(c2)OCCCO3)cc1
O=C(NCC(Oc1ccc2c(cnn2-c2cnc3c(cnn3C3COC3)c2)c1)c1ccc2c(c1)OCCO2)c1ccno1
c1cnnc(-n2ncc3cc(OCc4ccc5c(c4)CNCC5)ccc32)c1
O=C(NCC(Oc1ccc2c(cnn2-c2ccccc2)c1)c1ccc2c(c1)OCCCO2)c1nccs1
O=C(NCC(Oc1ccc2c(cnn2-c2ccc3nc(=O)[nH]cc3c2)c1)c1ccccc1)c1cscn1
c1cncc(-c2cccc(-n3ncc4cc(OCc5ccc6c(c5)OCCO6)ccc43)c2)c1
O=C(NCC(Oc1ccc2c(cnn2-c2cccc(N3CCCC3)n2)c1)c1ccc2c(c1)CCC2)c1cncs1
O=C(Cc1ccccc1)NCC(Oc1ccc2c(cnn2-c2ccc3[nH]ccc3c2)c1)c1ccc2c(c1)OCCCO2
O=C(NCC(Oc1ccc2c(cnn2-c2cc3[nH]nnc3cn2)c1)c1ccc2c(c1)CCC2)C1CCCCC1
O=C(NCC(Oc1ccc2c(cnn2-c2ccccn2)c1)c1ccccc1)c1cnn2cccnc12
O=C(NCC(Oc1ccc2c(cnn2-c2cnccn2)c1)c1ccccc1)c1ccc(-n2nccn2)nc1
O=C(NCC(Oc1ccc2c(cnn2-c2ccc(-n3cccn3)cc2)c1)c1ccc2c(c1)OCCO2)c1cc[nH]n1
O=C(NCC(Oc1ccc2c(cnn2-c2cnc3c(cnn3-c3cnccn3)c2)c1)c1nccs1)C1CC1
O=C(Cc1ccccc1)NCC(Oc1ccc2c(cnn2-c2ccco2)c1)c1ccc2c(c1)OCC2
O=C(NCC(Oc1ccc2c(cnn2-c2ccccc2)c1)c1ccccc1)c1nc2ccccc2s1
c1ncc(-n2ncc3cc(OCc4ccc5[nH]c6c(c5c4)CCCC6)ccc32)cn1
O=C(COc1ccccc1)NCC(Oc1ccc2c(cnn2-c2nccc3ccccc23)c1)c1ccncc1
c1cc(-c2cc(N3CCC(OC4CCC4)CC3)ncn2)c2[nH]ccc2c1
O=C(NCC(Oc1ccc2c(cnn2-c2nnc3ccc(-c4cn[nH]c4)cn23)c1)c1ccccc1)C1CNC1
O=C(NCC(Oc1ccc2c(cnn2-c2cncc3ccccc23)c1)c1ccc2c(n1)CCCC2)c1cnn2cccnc12
c1ccc(-c2cccc(-c3ccccc3-n3ccnc3)n2)cc1
O=C(NCC(Oc1ccc2c(cnn2-c2ccc3nc[nH]c3c2)c1)c1ccc2c(c1)OCCO2)c1ccccc1
O=C(NCC(Oc1ccc2c(cnn2-c2cnn(-c3ccccc3)c2)c1)c1ccc2c(c1)OCCCO2)c1cnccn1
O=C(Cc1cc2ccccc2nn1)C1CCCC2=Cc3c(cnn3-c3ccccc3)CC21
O=C(NCC(Oc1ccc2c(cnn2-c2ccc3cc[nH]c3c2)c1)c1ccc2c(c1)OCCCO2)c1cccs1
O=C(NCC(Oc1ccc2c(cnn2-c2cccc3ncn(-c4ccccc4)c23)c1)c1ccc2c(c1)OCCO2)c1cnccn1
O=C(NCC(Oc1ccc2c(cnn2-c2ccccn2)c1)c1ccc2c(c1)CCC2)c1cccnc1
O=C(NCC(Oc1ccc2c(cnn2-c2ccccn2)c1)c1ccccc1)c1cc[nH]n1
O=C(NCC(Oc1ccc2c(cnn2-c2ccccn2)c1)c1ccc2c(c1)OCCO2)C1Cc2ccccc2C1
O=C(NCC(Oc1ccc2c(cnn2-c2ncccn2)c1)c1ccco1)c1ncon1
O=C(NCC(Oc1ccc2c(cnn2-c2nn[nH]n2)c1)c1cccnc1)C1CCOC1
O=C(NCC(Oc1ccc2c(cnn2-c2ncon2)c1)c1ccccc1)C1CC2(CCOCC2)C1
O=C(NCCc1ccc(-c2ccccc2)cc1)C(Oc1ccc2c(cnn2-c2ccccc2)c1)c1cccnc1
O=C(NCC(Oc1ccc2c(cnn2-c2cnc3c(cnn3C3CCNCC3)c2)c1)c1ccc2c(c1)OCCO2)c1cnoc1
O=C(NCC(Oc1ccc2c(cnn2-c2ccccc2)c1)c1ccc2c(c1)OCCN2)c1cnc2[nH]cnc2c1
O=C(NCC(Oc1ccc2c(cnn2-c2ccc(-n3ccnc3)cn2)c1)c1ccc2c(c1)OCCCO2)c1ccccc1
O=C(Cc1ccccc1)NCC(Oc1ccc2c(cnn2-c2cccnn2)c1)c1cccnc1
O=C(NCC(Oc1ccc2c(cnn2-c2cc3c(cn2)CCN(C2CC2)CC3)c1)c1ccccc1)C1COCCN1
O=C(NCC(Oc1ccc2c(cnn2-c2ccccc2)c1)c1ccccc1)c1cnco1
O=C(NCC(Oc1ccc2c(cnn2-c2cnccc2-c2ccon2)c1)c1ccc2c(c1)OCCO2)C1CC1
O=C(NCC(Oc1ccc2c(cnn2-c2cccc(N3CCOCC3)n2)c1)c1ccccc1)c1cnoc1
O=C(NCC(Oc1ccc2c(cnn2-c2cc3ccccc3cn2)c1)c1ccc2c(c1)OCCCO2)C1CC1
O=C(NCC(Oc1ccc2c(cnn2-c2ccc(-c3cscn3)nn2)c1)c1ccc2c(c1)OCCO2)C1CCC1
O=C(NCC(Oc1ccc2c(cnn2-c2ccccc2CNC(=O)C2CCCCC2)c1)c1ccc2c(c1)OCCO2)c1cnc[nH]1
O=C(NCC(Oc1ccc2c(cnn2-c2ccc3cc[nH]c3n2)c1)c1ccc2c(c1)OCCO2)C1CCOCC1
O=C(NCC(Oc1cnc2c(cnn2-c2ccccc2)c1)c1ccccc1)c1cnccn1
O=C(NCC(Oc1ccc2c(cnn2-c2cccc(N3CCOCC3)n2)c1)c1ccccc1)c1cncs1
O=C(NCC(Oc1ccc2c(cnn2-c2ncccc2-c2ccccn2)c1)c1ccccc1)C1CC1
c1ccc2ncc(-c3cccc4c(CCCOc5cccc6nn[nH]c56)cn(Cc5ccsc5)c34)cc2c1
O=C(NCC(Oc1ccc2c(cnn2-c2nccc3[nH]ncc23)c1)c1ccccc1)c1cc2ccccc2nn1
O=C(NCC(Oc1ccc2c(cnn2-c2ncno2)c1)c1ccccc1)c1ccco1
O=C(NCC(Oc1ccc2c(cnn2-c2nccc3ncncc23)c1)c1ccccc1)C1CCN(c2cccc3[nH]ncc23)CC1
O=C(NCC(Oc1ccc2c(cnn2-c2cccc(N3CCCCC3)n2)c1)c1ccc2c(c1)OCCO2)c1ccn[nH]1
O=C(NCC(Oc1ccc2c(cnn2-c2nccc3nnn(-c4ccccc4)c23)c1)c1ccc2c(c1)OCCO2)c1nccc2ccccc12
O=C(NCC(Oc1ccc2c(cnn2-c2ccccc2)c1)c1cnc2[nH]ncc2c1)C1CC1
O=C(NCC(Oc1ccc2c(cnn2-c2ccc3nncn3c2)c1)c1ccccc1)c1cscn1
c1cn(-c2nc(-n3ncc4cc(OCc5ccc6c(c5)OCCO6)ccc43)cc3c2CCC3)cn1
O=C(NCC(Oc1ccc2c(cnn2-c2cnc3ccccc3c2)c1)c1ccc2c(c1)OCCO2)c1cc(-c2ccco2)co1
O=C(NCC(Oc1ccc2c(cnn2-c2ccc3nc(NC(=O)C4CC4)cn3c2)c1)c1ccccc1)c1csnn1
O=C(CCc1ccccc1)NCC(Oc1ccc2c(cnn2-c2ccn[nH]2)c1)c1ccc2c(c1)OCCCO2
O=C(NCC(Oc1ccc2c(cnn2-c2ncnc(C3CC3)n2)c1)c1ccccc1)c1cnoc1
O=C(CCCc1ccccc1)NCC(Oc1ccc2c(cnn2-c2nccc3c2cnn3-c2ccccc2)c1)c1ccc2c(c1)OCCO2
O=C(NCC(Oc1ccc2c(cnn2-c2cccnc2)c1)c1ccccc1)c1cncs1
c1ccc(-n2ncc3cc(OCc4ccc5c(c4)OCC5)ccc32)nc1
O=C(NCC(Oc1ccc2c(cnn2-c2ccccc2)c1)c1ccc2c(c1)OCCO2)c1cccc2cccnc12
c1ccc(C2Oc3ccccc3-c3nccn32)cc1
O=C(NCC(Oc1ccc2c(cnn2-c2ccnc(N3CCCCC3)n2)c1)c1ccc2c(c1)OCCO2)c1ccccc1
c1cc2ncc(-n3ncc4cc(OCc5ccc6c(c5)OCCO6)ccc43)cc2cn1
c1ccc(-n2ncc3cc(COc4ccc5c(cnn5-c5ccncc5)c4)ccc32)cc1
O=C1OC(=O)c2ccc(-c3ccccc3)c3cccc1c23
O=C(NCC(Oc1ccc2c(cnn2-c2cc3cc[nH]c3cn2)c1)c1ccccc1)c1ccn[nH]1
O=C(NCC(Oc1ccc2c(cnn2-c2nccc3cnccc23)c1)c1ccc2c(c1)OCCCO2)c1ccccc1
O=C(NCC(Oc1ccc2c(cnn2-c2nccc3c2CNCC3)c1)c1ccccc1)c1cscn1
O=C(Cc1cccs1)NCC(Oc1ccc2c(cnn2-c2ncnc3ccccc23)c1)c1ccc2c(c1)OCCCO2
c1coc(-c2nnc(-n3ncc4cc(OCc5ccc6c(c5)CCO6)ccc43)s2)c1
O=C(NCC(Oc1ccc2c(cnn2-c2cccc3ncccc23)c1)c1ccc2c(c1)OCCO2)c1ccncc1
O=C(NCC(Oc1ccc2c(cnn2-c2ncnc3[nH]ccc23)c1)c1ccccc1)c1cc2ccccc2o1
O=C(NCC(Oc1ccc2c(cnn2-c2cccc(-n3ccnc3)c2)c1)c1ccc2c(c1)OCCO2)c1ccc(-n2ccnc2)cc1
O=C(CCc1ccccc1)NCC(Oc1ccc2c(cnn2-c2nccc3c2CCNC3)c1)c1ccc2c(c1)OCCO2
O=C(NCC(Oc1ccc2c(cnn2-c2ccc(NCc3cccnc3)nc2)c1)c1ccc2c(c1)OCCO2)c1cccnc1
O=C(NCC(Oc1ccc2c(cnn2-c2ccc3cnoc3c2)c1)c1ccccc1)c1ccccc1
O=C(NCC(Oc1ccc2c(cnn2-c2cc3c(cn2)COCC3)c1)c1ccc2c(c1)OCCO2)c1ccno1
O=C(Cc1cccs1)NCC(Oc1ccc2c(cnn2-c2nnc(-c3cccnc3)s2)c1)c1ccc2c(c1)OCCCO2
O=S(=O)(Cc1ccccc1)NCC(Oc1ccc2c(cnn2-c2cccc(-c3nnco3)c2)c1)c1ccc2c(c1)OCCCO2
O=C(NC1(C(=O)NCC(Oc2ccc3c(cnn3-c3cc[nH]n3)c2)c2ccccc2)CC1)c1cncnc1
O=C(NCC(Oc1ccc2c(cnn2-c2c[nH]nn2)c1)c1ccccc1)c1ccnc2ccccc12
c1nc(-n2ncc3cc(OCc4ccc5c(c4)OCCO5)ccc32)no1
O=C(NCC(Oc1ccc2c(cnn2-c2cnc3c(-c4cn[nH]c4)cnn3c2)c1)c1ccc2c(c1)COC2)C1CC1
O=C(Cc1ccccc1)NCC(Oc1ccc2c(cnn2-c2cn[nH]c2)c1)c1ccc2c(c1)OCCO2
O=C(NCC(Oc1ccc2c(cnn2-c2cncc(N3CCCC3)n2)c1)c1ccccc1)c1cnco1
O=C(NCC(Oc1ccc2c(cnn2-c2ccccc2-c2ncc[nH]2)c1)c1ccccc1)c1cocn1
O=C(NCC(Oc1ccc2c(cnn2-c2cccc(-c3ccccc3)c2)c1)c1ccc2c(c1)OCCCO2)C1CCC1
O=C(NCC(Oc1ccc2c(cnn2-c2cccc3cccnc23)c1)c1ccc2c(c1)CCO2)c1[nH]nc2c1CCC2
O=C(NCC(Oc1ccc2c(cnn2-c2nnc(-c3ccco3)s2)c1)c1ccccc1)c1cccnc1
c1cc(-n2ccc3ccncc32)cc(-n2ncc3cc(OCc4ccc5c(c4)OCCCO5)ccc32)c1
O=C(NCC(Oc1ccc2c(cnn2-c2cc3ccccc3cn2)c1)c1ccc2c(c1)OCCO2)c1ccco1
O=C(Cc1cccc2cnccc12)NCC(Oc1ccc2c(cnn2-c2ccncn2)c1)c1ccc2c(c1)OCCO2
O=C(Cc1ccccc1)NCC(Oc1ccc2c(cnn2-c2ccn[nH]2)c1)c1ccc2c(c1)CCC2
O=C(NCC(Oc1ccc2c(cnn2-c2ccon2)c1)c1ccc2ccccc2c1)c1nnc(-c2ccccc2)o1
O=C(NCC(Oc1ccc2c(cnn2-c2cncc(C(=O)N3CCCC3)c2)c1)c1ccccc1)c1ccsc1
O=C(NCC(Oc1ccc2c(cnn2-c2cnc3occc3c2)c1)c1ccc2c(c1)OCCO2)c1ccco1
O=C(NCC(Oc1ccc2c(cnn2-c2nnco2)c1)c1ccc2c(c1)OCCO2)c1cn2ccccc2n1
O=C(NCC(Oc1ccc2c(cnn2-c2cccc(N3CCNCC3)n2)c1)c1ccc2c(c1)OCCO2)c1cnco1
O=C(NCC(Oc1ccc2c(cnn2-c2ccn[nH]2)c1)c1ccncc1)C1CCCCC1
O=C(NCC(Oc1ccc2c(cnn2-c2ccccn2)c1)c1ccc2c(c1)OCCO2)c1[nH]nc2c1CCCC2
O=C(NCC(Oc1ccc2c(cnn2-c2n[nH]cc2-c2ccncc2)c1)c1ccc2c(c1)OCCO2)C1CCOCC1
O=C(NCC(Oc1ccc2c(cnn2-c2ccnc(N3CCOCC3)n2)c1)c1ccc2c(c1)OCCO2)c1ccncn1
O=C(NCC(Oc1ccc2c(cnn2-c2nccc3c2CCNC3)c1)c1ccc2c(c1)OCCCO2)c1cccs1
c1cncc(CN2CCOc3cc(COc4ccc5c(cnn5-c5ccnnc5)c4)ccc32)c1
O=C(NCC(Oc1ccc2c(cnn2-c2cc3ncccc3cn2)c1)c1ccc2c(c1)CCO2)c1cc[nH]n1
O=C(NCC(Oc1ccc2c(cnn2-c2ccc(-c3ccccc3)cc2)c1)c1ccc2c(c1)CCO2)C1CCCN1
O=C(NCC(Oc1ccc2c(cnn2-c2ccnc3cccnc23)c1)c1ccccc1)c1ccsc1
O=C(NCC(Oc1ccc2c(cnn2-c2nccc3[nH]ccc23)c1)c1ccc2c(c1)OCCO2)C1CCCNC1
c1ccc(-n2ncc3cc(OCc4ccc5c(c4)CNC5)ccc32)cc1
O=C(NCC(Oc1ccc2c(cnn2-c2cnn(C3CCOC3)c2)c1)c1ccc2c(c1)OCCCO2)c1ccccn1
c1ccc(CCCCCc2cccc3c2OCCC3)cc1
O=C(NCC(Oc1ccc2c(cnn2-c2ccc3cnccc3c2)c1)c1ccc2c(c1)OCCO2)c1nsc2ccccc12
c1cc2c(cc1COc1ccc3c(cnn3-c3ccn(CC4CC4)n3)c1)OCCO2
c1ccc2cc(COc3ccc4c(cnn4-c4nccc5cnccc45)c3)ccc2c1
O=C(NCC(Oc1ccc2c(cnn2-c2ccccc2-c2ncon2)c1)c1ccccc1)c1csnn1
O=C(NCC(Oc1ccc2c(cnn2-c2cc3ocnc3cn2)c1)c1ccccc1)c1nccc2ccccc12
O=C(NCC(Oc1ccc2c(cnn2-c2nncs2)c1)c1ccc2c(c1)CCC2)c1ccncc1
O=C(NCC(Oc1ccc2c(cnn2-c2nccc3[nH]cnc23)c1)c1ccc2c(c1)OCCO2)c1c[nH]cn1
O=C(NCC(Oc1ccc2c(cnn2-c2cccnc2)c1)c1ccc2c(c1)OCCN2)c1cnco1
O=C(NCC(Oc1ccc2c(cnn2-c2ccccn2)c1)c1ccc2c(c1)OCCO2)c1cccnc1
O=C(NCC(Oc1ccc2c(cnn2-c2ncnc3ccccc23)c1)c1ccc2c(c1)OCCO2)C1CCCC1
O=C(NCC(Oc1ccc2c(cnn2-c2cccc3[nH]c(=O)ncc23)c1)c1ccc2c(c1)CCC2)c1cccnc1
O=C(NCC(Oc1ccc2c(cnn2-c2cnc3c(cnn3C3CCC3)n2)c1)c1ccc2c(c1)OCCO2)c1cnn2cccnc12
O=C(NCC(Oc1ccc2c(cnn2-c2ccccc2-c2ncccn2)c1)c1ccc2c(c1)OCCO2)c1cn[nH]c1
O=C(NCC(Oc1ccc2c(cnn2-c2cnc3c(c2)CCN(Cc2cncnc2)C3)c1)c1ccccc1)c1ccoc1
O=C(NCC(Oc1ccc2c(cnn2-c2noc3ccccc23)c1)c1ccc2c(c1)OCCCO2)c1cccc2[nH]ccc12
O=C(CC1CC1)NCC(Oc1ccc2c(cnn2-c2coc(N3CCCC3)n2)c1)c1ccc2c(c1)OCCO2
O=C(CCc1ccccc1)NCC(Oc1ccc2c(cnn2-c2c[nH]nn2)c1)c1ccc2c(c1)OCCO2
O=C(NCC(Oc1ccc2c(cnn2-c2ccn[nH]2)c1)c1ccccc1)c1cc(-c2ccccc2)n(-c2ccccc2)n1
O=C(Cc1ccccc1)NCC(Oc1ccc2c(cnn2-c2ccccc2)c1)c1ccc2c(c1)OCCO2
O=C(NCC(Oc1ccc2c(cnn2-c2cccc(N3CCCC3)n2)c1)c1ccc2c(c1)OCCO2)c1cc[nH]n1
O=C(NCC(Oc1ccc2c(cnn2-c2ncn[nH]2)c1)c1ccc2c(c1)OCC2)c1ccncc1
O=C(NCC(Oc1ccc2c(cnn2-c2ccc[nH]2)c1)c1ccc2c(c1)OCCO2)C1COCCO1
O=C(NCC(Oc1ccc2c(cnn2-c2cnc3ccncc3c2)c1)c1ccccc1)c1cscn1
O=C(NCC(Oc1ccc2c(cnn2-c2noc(C3CC3)n2)c1)c1ccccc1)c1ccnc2ccccc12
O=C(NCC(Oc1ccc2c(cnn2-c2ccc3[nH]ncc3c2)c1)c1ccc2c(c1)OCCO2)c1ccccn1
O=C(NCC(Oc1ccc2c(cnn2-c2nccc3nnn(CC4CCCCC4)c23)c1)c1ccc2c(c1)OCCO2)c1ncc[nH]1
O=C(NCC(Oc1ccc2c(cnn2-c2cc(-c3ccnn3-c3cncnc3)ccn2)c1)c1ccc2c(c1)OCCO2)c1ccccc1
O=C(NCC(Oc1ccc2c(cnn2-c2conc2-c2ccccc2)c1)c1ccccn1)c1ccn[nH]1
O=C(NCC(Oc1ccc2c(cnn2-c2ccnc(N3CCOCC3)n2)c1)c1ccc2c(c1)OCCO2)c1cc[nH]n1
O=C(NCC(Oc1ccc2c(cnn2-c2cn3ccnc3cn2)c1)c1ccc2c(c1)CCC2)c1csnn1
c1cnc2nc(-n3ncc4cc(OCc5ccc6c(c5)CCO6)ccc43)ncc2c1
O=C(NCC(Oc1ccc2c(cnn2-c2ccccn2)c1)c1ccncc1)c1ccno1
O=C(Cc1ccccc1)NCC(Oc1ccc2c(cnn2-c2ccccc2)c1)c1ccc2c(c1)OCCO2
O=C(Cc1ccccc1)NCC(Oc1ccc2c(cnn2-c2cccc3cc[nH]c23)c1)c1ccc2c(c1)OCCO2
O=C(NCC(Oc1ccc2c(cnn2-c2cscn2)c1)c1ccc2c(c1)CCC2)c1cnoc1
O=C(NCc1ccc(-n2cccn2)cc1)N(CCc1ccccc1)C1CC1
O=C(NCC(Oc1ccc2c(cnn2-c2ccc3ncccc3c2)c1)c1ccccc1)c1cc2ccccc2[nH]1
O=C(NCC(Oc1ccc2c(cnn2-c2cnc3sccc3c2)c1)c1ccc2c(c1)OCCO2)c1ccco1
O=C(NCC(Oc1ccc2c(cnn2-c2cccc3c(=O)[nH]cnc23)c1)c1ccc2ncccc2c1)C1CCCC1
O=C(NCC(Oc1ccc2c(cnn2-c2ccccc2)c1)c1ccccc1)c1cn[nH]c1
O=C(Cc1ccccc1)NCC(Oc1ccc2c(cnn2-c2ccccc2)c1)c1ccc2c(c1)OCCO2
O=C(NCC(Oc1ccc2c(cnn2-c2ccccn2)c1)c1ccc2c(c1)OCCCO2)C1CCCC1
c1ccc2nc(COc3ccc4c(cnn4-c4cc(N5CCOCC5)ncn4)c3)ccc2c1
O=C(NCC(Oc1ccc2c(cnn2-c2cnc3nnn(-c4cnccn4)c3c2)c1)c1ccc2c(c1)OCCO2)c1cnoc1
O=C(NCC(Oc1ccc2c(cnn2-c2ccccc2-c2ccccc2)c1)c1ccc2c(c1)OCCO2)c1cncs1
O=C(NCC(Oc1ccc2c(cnn2-c2ccc3nccnc3c2)c1)c1ccccc1)c1ncns1
C1=C2CCCC(COc3ccc4c(c3)CCC4)C2Cc2cnn(-c3ccccc3)c21
O=C(NCC(Oc1ccc2c(cnn2-c2cnc3[nH]ncc3c2)c1)c1ccccc1)c1cccnc1
O=C(NCC(Oc1ccc2c(cnn2-c2ccccn2)c1)c1ccc2c(c1)CCC2)c1cc2ccncc2s1
O=C(NCC(Oc1ccc2c(cnn2-c2ncc3cccnc3n2)c1)c1ccc2ncccc2c1)c1cnoc1
O=C(NCC(Oc1ccc2c(cnn2-c2ccncn2)c1)c1ccccc1)c1ccncn1
O=C(NCC(Oc1ccc2c(cnn2-c2ccn3nccc3c2)c1)c1ccccc1)c1ccoc1
O=C(NCC(Oc1ccc2c(cnn2-c2ccccn2)c1)c1ccc2c(c1)OCCO2)c1ccoc1
O=C(NCC(Oc1ccc2c(cnn2-c2cc3c(cn2)CNCC3)c1)c1ccc2c(c1)OCCCO2)c1ccoc1
O=C(NCC(Oc1ccc2c(cnn2-c2nccc3c2ncn3-c2ccn[nH]2)c1)c1ccc2c(c1)OCCO2)c1ccn[nH]1
O=C(NCC(Oc1ccc2c(cnn2-c2cnn(-c3ccccc3)c2)c1)c1ccc2c(c1)OCCO2)c1cccc2ccncc12
c1ncc(-c2ccon2)c(-n2ncc3cc(OC(c4ccc5[nH]ncc5c4)C4CCCO4)ccc32)n1
c1ccc(-c2cnc(-n3ncc4cc(OCc5ccc6c(c5)OCCO6)ccc43)cn2)cc1
O=C(NCC(Oc1ccc2c(cnn2-c2ccc(-c3ccc4c(c3)CCO4)nn2)c1)c1ccc2c(c1)OCCO2)C1CCCCC1
O=C(NCC(Oc1ccc2c(cnn2-c2c[nH]nn2)c1)c1ccc2c(c1)OCCO2)c1cnc(-c2cccnc2)s1
O=C(NCC(Oc1ccc2c(cnn2-c2cn[nH]n2)c1)c1ccc2c(c1)OCCO2)c1nsc2ccccc12
O=C(CN1CCC(c2ccccc2)CC1)Nc1ccc2nccc(-c3cnc4[nH]ncc4c3)c2c1
O=C(NCC(Oc1ccc2c(cnn2-c2nncc3ccsc23)c1)c1cccnc1)c1cccnc1
O=C(NCC(Oc1ccc2c(cnn2-c2ccncc2)c1)c1ccc2[nH]ncc2c1)C1CCCOC1
O=C(NCC(Oc1ccc2c(cnn2-c2cc3c(cn2)CNCC3)c1)c1ccncc1)c1cc[nH]n1
c1ccc(-c2cc3cc(-n4ncc5cc(OCc6ccc7c(c6)OCCO7)ccc54)cnc3[nH]2)nc1
O=C(NCC(Oc1ccc2c(cnn2-c2ccc3nccnc3c2)c1)c1ccc2c(c1)OCCCO2)c1ccoc1
c1cc2c(cc1COc1ccc3c(cnn3-c3cc4cn[nH]c4cn3)c1)OCCO2
O=C(NCC(Oc1ccc2c(cnn2-c2ncccn2)c1)c1ccc2ccsc2c1)C1CCCCC1
O=C(Cc1ccccc1)NCC(Oc1ccc2c(cnn2-c2nnco2)c1)c1ccc2c(c1)OCCO2
O=C(NCC(Oc1ccc2c(cnn2-c2ncnc3c2CCC3)c1)c1ccccc1)c1c[nH]nn1
O=C(NCC(Oc1ccc2c(cnn2-c2ncccn2)c1)c1ccc2c(c1)CCO2)c1ncn2c1OCCC2
O=C(NCC(Oc1ccc2c(cnn2-c2cc3ccoc3cn2)c1)c1ccc2c(c1)OCCO2)c1ccnnc1
O=C(NCC(Oc1ccc2c(cnn2-c2ccccc2-c2ccccn2)c1)c1ccc2c(c1)OCCO2)C1CCCCC1
O=C(NC1CCC(NC(=O)c2cc(-n3cccc3)n(-c3ccccc3)n2)CC1)c1cnccn1
O=C(Cc1cccs1)NCC(Oc1ccc2c(cnn2-c2c[nH]cn2)c1)c1ccc2c(c1)OCCO2
O=C(NCC(Oc1ccc2c(cnn2-c2ccccc2-n2cccn2)c1)c1ccc2c(c1)OCCO2)c1cc[nH]n1
O=C(NCC(Oc1ccc2c(cnn2-c2ccc3c(c2)CNCC3)c1)c1ccccc1)c1ccno1
O=C(NCC(Oc1ccc2c(cnn2-c2cccnn2)c1)c1ccccc1)c1[nH]nc2c1CCCC2
O=C(NCC(Oc1ccc2c(cnn2-c2ccccc2)c1)c1ccncc1)C1CCCCO1
O=C(Cc1ccccc1)NCC(Oc1ccc2c(cnn2-c2cccnc2)c1)c1ccc2c(c1)OCCO2
O=C(NCC(Oc1ccc2c(cnn2-c2ccc(-c3ccoc3)nn2)c1)c1ccc2c(c1)OCCO2)c1ccn[nH]1
O=C(NCC(Oc1ccc2c(cnn2-c2ccccc2)c1)c1ccccc1)c1ccccc1
O=C(NCC(Oc1ccc2c(cnn2-c2nccs2)c1)c1ccc2c(c1)OCCO2)c1c[nH]nn1
O=S(=O)(NCC(Oc1ccc2c(cnn2-c2ccccc2)c1)c1ccnnc1)c1ccccc1
O=C(NCC(Oc1ccc2c(cnn2-c2ncncc2-c2ccon2)c1)c1ccccc1)C1CC1
O=C(NCC(Oc1ccc2c(cnn2-c2ccc(-c3ccccn3)cc2)c1)c1ccccc1)c1csnn1
O=C(NCC(Oc1ccc2c(cnn2-c2cccc(-c3cccnc3)c2)c1)c1ccc2c(c1)OCCO2)c1ncc[nH]1
O=C(NCC(Oc1ccc2c(cnn2-c2cnccn2)c1)c1ccccc1)c1cnoc1
O=C(NCC(Oc1ccc2c(cnn2-c2cccc3cccnc23)c1)c1ccc2cnoc2c1)c1ccsc1
c1ccc(-n2cc(-n3ncc4cc(OCc5ccc6c(c5)CCCC6)ccc43)cn2)cc1
O=C(CCc1ccccc1)NCC(Oc1ccc2c(cnn2-c2nccc3c2CN(Cc2ccccc2)CC3)c1)c1ccc2c(c1)OCCO2
O=C(NCC(Oc1ccc2c(cnn2-c2cnc3[nH]ccc3c2)c1)c1ccccc1)C1CCNC1
O=C(NCC(Oc1ccc2c(cnn2-c2nccc3nn[nH]c23)c1)c1ccccc1)c1ccncc1
O=C(NCC(Oc1ccc2c(cnn2-c2nnn[nH]2)c1)c1ccc2c(c1)CCC2)c1cnc2c(c1)CCC2
c1ccc(COc2ccc3c(cnn3-c3cncc(-c4cn[nH]c4)n3)c2)cc1
O=C(NCC(Oc1ccc2c(cnn2-c2cccnc2)c1)c1ccc2c(c1)CCC2)c1cn[nH]c1
O=C(Cc1ccccc1)NCC(Oc1ccc2c(cnn2-c2ccccc2)c1)c1ccc2c(c1)OCCO2
O=C(NCC(Oc1ccc2c(cnn2-c2ncnc3ccsc23)c1)c1ccc2c(c1)OCCO2)C1Cc2ccccc2CN1
O=C(NCC(Oc1ccc2c(cnn2-c2nncs2)c1)c1ccc2c(c1)OCCO2)c1cc2ccccc2[nH]1
O=C(NCC(Oc1ccc2c(cnn2-c2nncs2)c1)c1ccc2c(c1)OCCO2)c1ncco1
O=C(NCC(Oc1ccc2c(cnn2-c2ccon2)c1)c1ccc2c(c1)CCO2)c1cscn1
c1ccc(-n2ncc3nc(-n4ncc5cc(OCc6ccc7c(c6)OCCCO7)ccc54)cnc32)cc1
c1cc2c(cc1COc1ccc3c(cnn3-c3cnc4cnc(N5CCOCC5)nc4c3)c1)OCCO2
O=C(NCC(Oc1ccc2c(cnn2-c2ccc3c(c2)CCN(Cc2cccs2)C3)c1)c1ccccc1)c1cnco1
c1ccc(C(CCC(c2ccccc2)C2CC2)c2ccccc2)cc1
O=C(NCC(Oc1ccc2c(cnn2-c2[nH]ncc2-c2ccncn2)c1)c1ccc2c(c1)OCCO2)c1cccnc1
O=C(NCC(Oc1ccc2c(cnn2-c2cncc(-c3ccccn3)c2)c1)c1ccccc1)c1nccs1
O=C(NCC(Oc1ccc2c(cnn2-c2cnon2)c1)c1ccc2c(c1)OCCCO2)c1cc2ccccc2o1
O=C(NCC(Oc1ccc2c(cnn2-c2cccc(C(=O)N3CCCC3)c2)c1)c1ccccc1)c1ccno1
N=c1ccnc(-n2ncc3cc(OC(CNC(=O)C4CCCC4)c4ccc5c(c4)OCCO5)ccc32)[nH]1
c1ccc(COc2ccc3c(cnn3-c3ccnc(N4CCNCC4)n3)c2)cc1
O=C(NCc1cccc(-n2ncc3ccccc32)c1)C1CCCN1C(=O)C1CCc2cccnc21
O=C(NCC(Oc1ccc2c(cnn2-c2cccc3ccccc23)c1)c1ccc2c(c1)OCCO2)C1CCNCC1
O=C(NCC(Oc1ccc2c(cnn2-c2nccc(N3CCOCC3)n2)c1)c1ccc2c(c1)OCCCO2)c1cnccn1
O=C(NCC(Oc1ccc2c(cnn2-c2cn(CC3CCc4ccccc4C3)nn2)c1)c1ccc2c(c1)OCCO2)c1nccs1
O=C(NCC(Oc1ccc2c(cnn2-c2cnc3c(cnn3C3CCC3)c2)c1)c1ccc2c(c1)CCC2)C1CC2CCC1C2
O=C(NCC(Oc1ccc2c(cnn2-c2ccsc2)c1)c1ccc2c(c1)OCCO2)c1cccc2ccccc12
O=C(NCC(Oc1ccc2c(cnn2-c2cc3c(cn2)OCCN3)c1)c1ccccc1)C1COCCO1
O=C(NCC(Oc1ccc2c(cnn2-c2ccccn2)c1)c1ccc2c(c1)OCCO2)C1CCOCC1
c1ccc2c(-n3ncc4cc(OCc5ccc6c(c5)CNCC6)ccc43)n[nH]c2c1
O=C(NCC(Oc1ccc2c(cnn2-c2ccccn2)c1)c1ccccc1)c1cc2c(=O)cc[nH]c2s1
O=C(NCC(Oc1ccc2c(cnn2-c2ncnc3ccoc23)c1)c1ccccc1)c1ccccc1
O=C(NCC(Oc1ccc2c(cnn2-c2cn[nH]c2)c1)c1cccc2ccccc12)c1ccoc1
O=C(NCC(Oc1ccc2c(cnn2-c2ccccc2-c2ncco2)c1)c1ccccc1)C1CNc2ccccc21
O=C(NCC(Oc1ccc2c(cnn2-c2nc(C3CC3)cs2)c1)c1ccc2c(c1)OCCO2)c1csc2ccncc12
O=C(Cc1ccccc1)NCC(Oc1ccc2c(cnn2-c2cn(-c3cnccn3)cn2)c1)c1ccc2c(c1)OCCO2
O=C(NCC(Oc1ccc2c(cnn2-c2ccc3nc(-c4ccccc4)oc3c2)c1)c1cccnc1)c1ncc[nH]1
O=C(NCC(Oc1ccc2c(cnn2-c2cncc(-c3ccn[nH]3)c2)c1)c1ccccc1)C1CCOCC1
O=C(NCC(Oc1ccc2c(cnn2-c2ccc3[nH]ccc3c2)c1)c1ccc2c(c1)CCC2)c1cnns1
O=C(NCC(Oc1ccc2c(cnn2-c2c[nH]cn2)c1)c1ccc2cocc2c1)c1cnccn1
O=C(NCC(Oc1ccc2c(cnn2-c2cncc(N3CCC3)n2)c1)c1ccccc1)c1cccnn1
O=C(NCC(Oc1ccc2c(cnn2-c2cccc(N3CCCCC3)n2)c1)c1ccccc1)c1ccc2c(c1)OCCO2
O=C(NCC(Oc1ccc2c(cnn2-c2ccc3oncc3c2)c1)c1ccc2c(c1)CCO2)C1CC1
O=C(NCC(Oc1ccc2c(cnn2-c2cccc3n[nH]cc23)c1)c1ccc2c(c1)OCCO2)c1cncs1
O=S(=O)(NCCNc1cccc2c1cnn2-c1cccc(-c2cccc3c2CNCC3)c1)c1cnoc1
O=C(NCC(Oc1ccc2c(cnn2-c2cccnc2)c1)c1ccc2c(c1)CCC2)c1cnc2[nH]ccc2c1
O=C(NCC(Oc1ccc2c(cnn2-c2ccc3[nH]c(=O)oc3c2)c1)c1ccccc1)C1CCCC1
O=C(NCC(Oc1ccc2c(cnn2-c2cn(CC3CCOCC3)nn2)c1)c1ccccc1)c1cnco1
O=C(NCC(Oc1ccc2c(cnn2-c2cncc(-c3ccc4n[nH]cc4c3)c2)c1)c1ccc2c(c1)OCCO2)C1CCCNC1
O=C(NCC(Oc1ccc2c(cnn2-c2cnc(N3CCNCC3)nc2)c1)c1ccccc1)c1ccon1
N=c1cc(-n2ncc3cc(OC(CNC(=O)c4c[nH]cn4)c4ccccc4)ccc32)nc[nH]1
O=C(Cc1cccc2nonc12)NCC(Oc1ccc2c(cnn2-c2nc(N3CCOCC3)cc3cccnc23)c1)c1ccc2c(c1)CCC2
O=C(NCC(Oc1ccc2c(cnn2-c2nccc3c2CCC3)c1)c1ccc2c(c1)OCCO2)c1cnn2cccnc12
O=C(NCC(Oc1ccc2c(cnn2-c2cnn3cccnc23)c1)c1ccccc1)c1csnn1
O=C(NCC(Oc1ccc2c(cnn2-c2ccc3nn[nH]c3c2)c1)c1ccccc1)c1cccnc1
O=C(NCC(Oc1ccc2c(cnn2-c2cccc3cncnc23)c1)c1ccccc1)c1n[nH]c2c1CCCC2
O=C(NCC(Oc1ccc2c(cnn2-c2ccc3c(c2)CCN(Cc2ccncc2)C3)c1)c1ccc2c(c1)OCCO2)c1cnon1
c1cnn(-c2ccc(-c3cnc4c(c3)CCCN4)cn2)c1
O=C(NCC(Oc1ccc2c(cnn2-c2nccc3c2CNCC3)c1)c1ccc2c(c1)OCCO2)c1ccncc1
O=C(NCC(Oc1ccc2c(cnn2-c2cc3[nH]ccc3cn2)c1)c1ccc2c(c1)OCCO2)C1CCCNC1
O=C(NCC(Oc1ccc2c(cnn2-c2cccc(-n3cncn3)c2)c1)c1ccc2c(c1)OCCO2)C1CCC1
O=C(Cc1ccccn1)NCC(Oc1ccc2c(cnn2-c2ccccc2-c2ccncn2)c1)c1ccccc1
c1nc2cc(-n3ncc4cc(OCc5ccc6c(c5)OCCO6)ccc43)ccn2n1
O=C(NCC(Oc1ccc2c(cnn2-c2ccccc2)c1)c1cnnn1-c1ccc2c(c1)OCCO2)C1COc2ccccc2O1
O=C(NCC(Oc1ccc2c(cnn2-c2cccc(C3CCOCC3)n2)c1)c1ccccc1)c1nccs1
O=C(NCC(Oc1ccc2c(cnn2-c2cncc(-n3cccc3)c2)c1)c1ccc2c(c1)OCCO2)C1CCC1
O=C(NCC(Oc1ccc2c(cnn2-c2cncc(-n3cccn3)n2)c1)c1ccc2c(c1)OCCCO2)C1CCCN1
c1ccc(C2CCN(c3ccc4cnn(-c5ccc(C6CC6)cc5)c4n3)CC2)cc1
O=C(NCC(Oc1ccc2c(cnn2-c2cnn(-c3ccccc3)c2)c1)c1ccc2c(c1)OCCO2)c1ccccc1
O=C(NCC(Oc1ccc2c(cnn2-c2cncnc2)c1)c1ccc2c(c1)OCCO2)c1occ2c1CCCC2
O=C(NCC(Oc1ccc2c(cnn2-c2nccc3c(=O)cc(N4CCCC4)oc23)c1)c1ccc2c(c1)OCCO2)c1[nH]nc2cncnc12
c1cc(-c2c[nH]nc2-c2cncnc2)ccn1
O=C(NCC(Oc1ccc2c(cnn2-c2cc(C3CC3)ccn2)c1)c1ccc2c(c1)CCC2)c1cnco1
O=C(NCC(Oc1ccc2c(cnn2-c2cccnc2)c1)c1ccc2c(c1)OCCO2)c1cccc(-c2cccnc2)n1
O=C(NCC(Oc1ccc2c(cnn2-c2cccnn2)c1)c1ccsc1)C1CCOCC1
O=C(NCC(Oc1ccc2c(cnn2-c2ncnc3[nH]ccc23)c1)c1ccccc1)C1CCN(c2nccs2)CC1
O=C(NCC(Oc1ccc2c(cnn2-c2ccccn2)c1)c1ccccc1)c1ccccc1
O=C(NCC(Oc1ccc2c(cnn2-c2cnccn2)c1)c1ccccc1)c1ncco1
N=c1nc(-n2ncc3cc(OC(CNC(=O)c4cc[nH]n4)c4ccccc4)ccc32)cc[nH]1
O=C(NCC(Oc1ccc2c(cnn2-c2cnc(N3CCOCC3)nc2)c1)c1ccccc1)c1cnc(-n2cccn2)s1
O=C(NCC(Oc1ccc2c(cnn2-c2ccc(OCCOc3cccc4[nH]ncc34)nc2)c1)c1ccc2c(c1)OCCO2)C1CCC1
O=C(NCC(Oc1ccc2c(cnn2-c2cn[nH]c2)c1)c1cccnc1)c1ccsc1
O=C(NCC(Oc1ccc2c(cnn2-c2ncc3cccnc3n2)c1)c1ccc2[nH]ncc2c1)C1CCOCC1
O=C(CC1CCCC1)NCC(Oc1ccc2c(cnn2-c2ccc3c[nH]nc3c2)c1)c1ccc2c(c1)OCCO2
O=C(NCC(Oc1ccc2c(cnn2-c2ccccc2)c1)c1cnn(C2COC2)c1)Nc1ccccc1
O=C(NCC(Oc1ccc2c(cnn2-c2ccccc2)c1)c1ccc2c(c1)OCCO2)c1cnc[nH]1
O=C(COc1cccc2scnc12)NCC(Oc1ccc2c(cnn2-c2ncon2)c1)c1ccc2c(c1)OCCO2
O=C(NCC(Oc1ccc2c(cnn2-c2cncc(-c3cccnc3)c2)c1)c1ccc2c(c1)OCCCO2)c1cc2ccccc2cn1
O=C(NCC(Oc1ccc2c(cnn2-c2cccc(N3CC4CC3CO4)n2)c1)c1ccc2c(c1)OCCO2)c1cnc[nH]1
O=C(NCC(Oc1ccc2c(cnn2-c2ccccc2-c2ncccn2)c1)c1ccccc1)c1cncs1
O=C(NCC(Oc1ccc2c(cnn2-c2cn(-c3ccccc3)nn2)c1)c1ccsc1)c1cnn2ccccc12
O=C(NCC(Oc1ccc2c(cnn2-c2ccn[nH]2)c1)c1ccc2cc1C=CO2)c1cccnc1
O=C(NCC(Oc1ccc2c(cnn2-c2nn[nH]n2)c1)c1ccc2c(c1)OCCO2)c1ncc[nH]1
c1coc(COc2ccc3c(cnn3-c3ncnc4[nH]ccc34)c2)c1
O=C(c1ccccc1)N1CCc2cc(-n3ncc4cc(OCc5ccc6c(c5)OCCCO6)ccc43)cnc21
O=C(NCC(Oc1ccc2c(cnn2-c2ccncn2)c1)c1ccc2c(c1)OCCO2)c1ccccc1
O=C(NCC(Oc1ccc2c(cnn2-c2cccc3cnccc23)c1)c1ccc2c(c1)OCCO2)c1cn2ccccc2n1
O=C(NCC(Oc1ccc2c(cnn2-c2cccc(-n3cnnn3)c2)c1)c1ccc2c(c1)OCCO2)c1ccsc1
O=C(NCC(Oc1ccc2c(cnn2-c2ccon2)c1)c1ccccc1)c1cocn1
O=C(NCC(Oc1ccc2c(cnn2-c2ccccc2)c1)c1ccc2c(c1)OCCO2)c1cnc2ccccn12
O=C(NCC(Oc1ccc2c(cnn2-c2cc[nH]n2)c1)c1ccc2c(c1)OCCN2)C1CCCCC1
O=C(NCC(Oc1ccc2c(cnn2-c2ccc3ccc(=O)[nH]c3c2)c1)c1ccc2c(c1)CCO2)C1CCC1
O=C(Nc1sc(-n2ccc3ccccc32)nc1C1CCN(C(=O)C2CCNCC2)CC1)c1cnn2cccnc12
O=C(NCC(Oc1ccc2c(cnn2-c2cnc3nc(N4CCNCC4)ncc3c2)c1)c1ccc2c(c1)OCCO2)C1CCC1
c1cnc(-n2ncc3cc(OCc4ccc5[nH]ccc5c4)ccc32)cn1
O=C(NCC(Oc1ccc2c(cnn2-c2cccc3nncn23)c1)c1ccc2c(c1)OCCO2)c1cscn1
O=C(NCC(Oc1ccc2c(cnn2-c2ccncc2)c1)c1ccc2c(c1)OCCCO2)c1cccnn1
O=C1NCCOc2cc(COc3ccc4c(cnn4-c4ccnc(N5CCCC5)n4)c3)ccc21
O=C(NCC(Oc1ccc2c(cnn2-c2cc3sccc3cn2)c1)c1ccccc1)c1ccncc1
O=C(NCC(Oc1ccc2c(cnn2-c2ccc3c(c2)CCC3)c1)c1ccc2c(c1)OCCO2)c1csc2ccccc12
O=C(NCC(Oc1ccc2c(cnn2-c2ccnc(N3CCCC3)n2)c1)c1ccc2c(c1)OCCO2)c1ccccc2cnnc1-2
O=C(NCC(Oc1ccc2c(cnn2-c2cc3c(cn2)CCNCC3)c1)c1ccc2c(c1)OCCO2)C1CCCOC1
O=C(NCC(Oc1ccc2c(cnn2-c2cccnn2)c1)c1ccsc1)c1cnn2ccccc12
O=C(NCC(Oc1ccc2c(cnn2-c2cnc3cnccc3c2)c1)c1ccc2c(c1)OCCO2)c1cccc2ccoc12
O=C(NCC(Oc1ccc2c(cnn2-c2cccc3ncccc23)c1)c1ccccc1)c1cnn2cccnc12
O=C(NCC(Oc1ccc2c(cnn2-c2nccc3cnc(-c4cn[nH]c4)cc23)c1)c1ccc2c(c1)OCCO2)c1cccc2[nH]ncc12
O=C(NCC(Oc1ccc2c(cnn2-c2cc3c(=O)[nH]ccc3[nH]2)c1)c1ccc2c(c1)OCCO2)c1ccncc1
c1ccc(Cn2cc(-n3ncc4cc(OCc5ccc6ccccc6c5)ccc43)cn2)cc1
O=S(=O)(NCC(Oc1ccc2c(cnn2-c2ccnc3cccnc23)c1)c1ccc2c(c1)OCCO2)c1cn[nH]c1
O=C(NCC(Oc1ccc2c(cnn2-c2ccccc2-c2ncc[nH]2)c1)c1ccccc1)c1cccnn1
O=C(Cc1ccsc1)NCC(Oc1ccc2c(cnn2-c2ccccc2)c1)c1ccc2c(c1)OCCO2
c1ccc(COc2cc3c(cn2)-c2ccccc2C3)cc1
O=C(NCC(Oc1ccc2c(cnn2-c2ccncn2)c1)c1ccc2c(c1)CCO2)c1ccc2c(c1)OCCO2
O=C(NCC(Oc1ccc2c(cnn2-c2nccc3c2CCN(Cc2cc[nH]n2)C3)c1)c1ccc2c(c1)OCCO2)c1ccccn1
O=C(NCC(Oc1ccc2c(cnn2-c2cccc(N3CCOCC3)n2)c1)c1ccc2c(c1)CCC2)c1ccccn1
O=C(NCC(Oc1ccc2c(cnn2-c2ccnc(C3CC3)n2)c1)c1ccccc1)c1ccsn1
O=c1ccnc(-n2ncc3cc(OCc4ccc5c(c4)OCCO5)ccc32)[nH]1
c1cc2c(cc1COc1ccc3c(cnn3-c3ccc4c(c3)CCNC4)c1)OCCO2
O=C(NCC(Oc1ccc2c(cnn2-c2cccnn2)c1)c1ccc2[nH]ccc2c1)C1CCC1
O=C1NCc2cc(C(CNC(=O)C3CC=CCC3)Oc3ccc4c(cnn4-c4nnco4)c3)ccc21
O=C(NCC(Oc1ccc2c(cnn2-c2cn[nH]c(=O)c2)c1)c1ccc2c(c1)CCC2)c1cnco1
O=C(NCC(Oc1ccc2c(cnn2-c2cnn(C3CCOC3)c2)c1)c1ccc2c(c1)OCCO2)c1cncnc1
O=C(NCC(Oc1ccc2c(cnn2-c2cccs2)c1)c1ccc2c(c1)OCCO2)c1cnc2ccccn12
c1ccc(-n2ncc3cc(COc4ccc5c(cnn5-c5ccnnc5)c4)ccc32)cc1
O=C(NCC(Oc1ccc2c(cnn2-c2ncnc3ccccc23)c1)c1ccccc1)c1ccccc1
c1nc2c(c(-n3ncc4cc(OCc5ccc6c(c5)OCC6)ccc43)n1)CCC2
O=C(NCC(Oc1cnc2c(cnn2-c2cccc3[nH]cnc23)c1)c1ccc2c(c1)OCCO2)C1CCCCC1
O=C(CCc1cccnc1)NCC(Oc1ccc2c(cnn2-c2cccc(-c3cccnc3)c2)c1)c1ccc2c(c1)OCCO2
O=C(NCC(Oc1ccc2c(cnn2-c2ccccc2-c2ncccn2)c1)c1ccc2c(c1)OCCO2)c1cccc2cccn12
O=C(NCC(Oc1ccc2c(cnn2-c2cccnn2)c1)c1ccccn1)c1cnoc1
O=C(NCC(Oc1ccc2c(cnn2-c2ccc3oncc3c2)c1)c1ccccc1)c1ccsc1
O=C(NCC(Oc1ccc2c(cnn2-c2cc3ccccc3cn2)c1)c1ccccc1)c1ccn[nH]1
O=C(NCC(Oc1ccc2c(cnn2-c2cccc3cnncc23)c1)c1ccc2c(c1)OCCO2)c1cn2ccccc2n1
O=C(NCC(Oc1ccc2c(cnn2-c2ccccc2)c1)c1ccc2c(c1)OCCO2)c1ccccc1
O=C(NCC(Oc1ccc2c(cnn2-c2ccc3ccccn23)c1)c1ccc2c(c1)CCNC2)C1CCCCC1
O=C(Cn1cc(-n2ncc3cc(OC(CNC(=O)c4cn[nH]c4)c4ccc5c(c4)OCCO5)ccc32)cn1)NCCN1CCOCC1
O=C(NCC(Oc1ccc2c(cnn2-c2cccc3ncccc23)c1)c1ccc2c(c1)OCCCO2)c1ccn[nH]1
O=C(NCC(Oc1ccc2c(cnn2-c2cnn(-c3ccccc3)c2)c1)c1ccc2ccccc2c1)c1ccon1
c1cc(-n2ncc3c(-n4ncc5cc(OCc6ccc7c(c6)OCCO7)ccc54)nccc32)ccn1
c1ccc2nc(COc3ccc4c(cnn4-c4cc5c(cn4)CNCC5)c3)ccc2c1
O=C(Cc1ccccn1)NCC(Oc1ccc2c(cnn2-c2ncnc3ccsc23)c1)c1ccc2c(c1)CCC2
O=C(NCC(Oc1ccc2c(cnn2-c2nccs2)c1)c1ccc2c(c1)OCCO2)c1cc[nH]n1
O=C(NCC(Oc1ccc2c(cnn2-c2cccc(N3CCNCC3)n2)c1)c1ccccc1)c1cocn1
c1ccc(-c2cn(-c3ccc4[nH]c(-c5ccncc5)nc4c3)nn2)cc1
O=C(NCC(Oc1ccc2c(cnn2-c2nccc3ccccc23)c1)c1ccc2c(c1)OCCO2)c1cnco1
O=C(NCC(Oc1ccc2c(cnn2-c2ccccc2-c2cnn[nH]2)c1)c1ccccc1)c1cncs1
O=C(NCC(Oc1ccc2c(cnn2-c2ccccc2-c2ncno2)c1)c1ccc2c(c1)OCCO2)c1cnoc1
O=C(NCC(Oc1ccc2c(cnn2-c2ccc(-n3cccn3)cc2)c1)c1ccc2c(c1)OCCO2)C1CCCCC1
O=C(NCC(Oc1ccc2c(cnn2-c2ccncn2)c1)c1ccc2c(c1)OCCO2)c1cccnc1
O=C(Cc1cccc2ccccc12)NCC(Oc1ccc2c(cnn2-c2ccc3[nH]ccc3c2)c1)c1ccc2c(c1)OCCO2
O=C(NCC(Oc1ccc2c(cnn2-c2cncc3nn(-c4ccccc4)cc23)c1)c1ccccc1)c1csnn1
O=C(NCC(Oc1ccc2c(cnn2-c2cccc3[nH]ccc23)c1)c1ccc2c(c1)CCC2)c1cc2ccccc2[nH]1
O=C(NCC(Oc1ccc2c(cnn2-c2cccc3ncccc23)c1)c1ccc2occc2c1)C1CCC1
O=C(NCC(Oc1ccc2c(cnn2-c2cccc(C(=O)N3CCCC3)c2)c1)c1ccc2c(c1)OCCO2)c1ccccn1
O=C(NCC(Oc1ccc2c(cnn2-c2ccc3ncoc3c2)c1)c1ccc2c(c1)OCCO2)c1cnco1
O=C(NCC(Oc1ccc2c(cnn2-c2cnc3[nH]cnc3c2)c1)c1ccc2c(c1)OCCO2)C1CCOCC1
O=C(NCC(Oc1ccc2c(cnn2-c2cccc3cnoc23)c1)c1ccc2c(c1)OCCO2)c1ccco1
O=C(NCC(Oc1ccc2c(cnn2-c2ccncc2)c1)c1ccc2c(c1)OCCO2)c1cnco1
O=C(NCC(Oc1ccc2c(cnn2-c2cnon2)c1)c1ccccc1)c1cccc2[nH]ccc12
O=C(NCC(Oc1ccc2c(cnn2-c2cc(-c3cn[nH]c3)ncn2)c1)c1ccc2c(c1)OCCO2)c1ccoc1
O=C(NCC(Oc1ccc2c(cnn2-c2ccc3[nH]ccc3c2)c1)c1ccc2c(c1)CCO2)c1ccncc1
O=C(NCC(Oc1ccc2c(cnn2-c2nccs2)c1)c1ccc2c(c1)OCCO2)c1ccc(-c2ccncc2)cn1
O=C(NCC(Oc1ccc2c(cnn2-c2cnc3cccnn23)c1)c1ccc2c(c1)OCCCO2)C1CC1
O=C(NCC(Oc1ccc2c(cnn2-c2ccc3cccnc3c2)c1)c1ccc2c(c1)OCCO2)c1cnccn1
O=C(NCC(Oc1ccc2c(cnn2-c2cccc(-n3ccnc3)c2)c1)c1ccc2c(c1)OCCO2)C1CCC1
O=S(=O)(NCC(Oc1ccc2c(cnn2-c2cncc(-c3ccccn3)c2)c1)c1ccc2c(c1)OCCO2)C1CCCCC1
c1cncc(-n2ncc3cc(OCc4ccc5c(c4)OCC5)ccc32)c1
O=C(NCC(Oc1ccc2c(cnn2-c2ccccn2)c1)c1ccccc1)c1nnco1
O=C(NCC(Oc1ccc2c(cnn2-c2cncc(-c3ccccc3)c2)c1)c1ccccc1)c1cncnc1
O=C(NCC(Oc1ccc2c(cnn2-c2cccc(N3CCC4COCCC43)n2)c1)c1ccc2c(c1)OCCO2)c1ccccc1
O=C(NCC(Oc1ccc2c(cnn2-c2cc3[nH]ncc3cn2)c1)c1ccc2c(c1)OCCO2)c1cncnc1
O=C(Cc1ccccc1)NCC(Oc1ccc2c(cnn2-c2cnc3c(c2)CCC3)c1)c1ccc2c(c1)CCO2
O=C(NCC(Oc1ccc2c(cnn2-c2ccnc(N3CCOCC3)n2)c1)c1ccccc1)c1cc2ccccc2o1
O=C(NCC(Oc1ccc2c(cnn2-c2ccc3cnccc3c2)c1)c1ccc2c(c1)OCCO2)c1cnco1
O=C(NCC(Oc1ccc2c(cnn2-c2ccccc2)c1)c1ccccc1)C1C2COc3ccccc3C21
O=C(NCC(Oc1ccc2c(cnn2-c2cnc3[nH]ncc3c2)c1)c1ccc2c(c1)OCCO2)c1cnoc1
O=C(NCC(Oc1ccc2c(cnn2-c2ccc(-c3cccnc3)nn2)c1)c1ccc2c(c1)OCCO2)c1cccnc1
O=C(NCC(Oc1ccc2c(cnn2-c2ccccc2)c1)c1cn[nH]c1)c1ccc2ccccc2n1
O=C(NCC(Oc1ccc2c(cnn2-c2cnc3ncnn3c2)c1)c1ccccc1)c1cocn1
O=C(NCC(Oc1ccc2c(cnn2-c2cnc3nc(N4CCOCC4)ccc3c2)c1)c1ccc2c(c1)OCCO2)c1ccccc1
C1=C(c2ccccc2)c2ccccc2CC1
c1ccc(CN=c2ccc(-n3nccc3-c3cn4ccccc4n3)c[nH]2)cc1
O=C(NCC(Oc1ccc2c(cnn2-c2ccn[nH]2)c1)c1ccc2c(c1)OCCO2)c1cocn1
O=C(NCC(Oc1ccc2c(cnn2-c2ccncn2)c1)c1ccc2c(c1)OCCO2)c1cnccn1
O=C(NCC(Oc1ccc2c(cnn2-c2ccccc2-c2ncccn2)c1)c1ccccc1)C1CCC1
O=C(Cc1cccc2ccccc12)NCC(Oc1ccc2c(cnn2-c2nccc(-c3ccsc3)n2)c1)c1ccc2c(c1)OCCCO2
O=C(NCC(Oc1ccc2c(cnn2-c2ccc3ccccc3n2)c1)c1ccccc1)c1ccsc1
O=C(NCC(Oc1ccc2c(cnn2-c2ccccc2)c1)c1ccc2c(c1)OCCO2)c1cncn(Cc2ccccc2)c1=O
c1ccc(-n2ncc3cc(OCc4ccncc4)ccc32)cc1
N=c1cccc(-n2ncc3cc(OC(CNC(=O)c4ccn[nH]4)c4ccc5c(c4)OCCO5)ccc32)[nH]1
O=C(NCC(Oc1ccc2c(cnn2-c2cccnn2)c1)c1ccc2c(c1)OCCO2)c1csc2ccccc12
O=C(NCC(Oc1ccc2c(cnn2-c2n[nH]c3ccccc23)c1)c1ccccc1)c1cnon1
O=C(NCC(Oc1ccc2c(cnn2-c2nnc(-c3cccnc3)o2)c1)c1ccc2c(c1)OCCO2)c1cnoc1
O=C(NCC(Oc1ccc2c(cnn2-c2cccnn2)c1)c1ccccc1)c1ncco1
O=C(Cc1ccccc1)NCC(Oc1ccc2c(cnn2-c2cnc3nncn3c2)c1)c1ccc2c(c1)OCCCO2
c1ccc(-n2ncc3ccccc32)cc1
c1cc2c(cc1COc1ccc3c(cnn3-c3cnon3)c1)CCN2C1CCCCCCC1
O=C(NCC(Oc1ccc2c(cnn2-c2ccc3c(c2)CCN3)c1)c1ccccc1)c1cnc[nH]1
O=C(NCC(Oc1ccc2c(cnn2-c2ncc3nc(NC4COC4)cn3n2)c1)c1ccc2c(c1)OCCO2)c1ccncc1
N=c1nc(-n2ncc3cc(OC(CNC(=O)c4cccs4)c4ccc5c(c4)OCCO5)ccc32)cc[nH]1
O=C(NCC(Oc1ccc2c(cnn2-c2cncnc2)c1)c1ccccc1)c1cnco1
O=C(NCC(Oc1ccc2c(cnn2-c2ccccn2)c1)c1ccc2c(c1)OCCO2)c1ccc2cc[nH]c2c1
O=C(NCC(Oc1ccc2c(cnn2-c2ccc(-n3cccn3)cn2)c1)c1ccccc1)c1cnns1
c1ccc(-c2ccccc2-n2ncc3cc(OCc4ccc5c(c4)OCCO5)ccc32)nc1
O=C(NCC(Oc1ccc2c(cnn2-c2cccnn2)c1)c1ccc2c(c1)OCCO2)c1ncco1
O=C(NCCc1ccccc1)c1cnn(-c2cn[nH]c2)c1
c1nc2ncc(-n3ncc4cc(OCc5ccc6c(c5)CCC6)ccc43)cn2n1
O=C(Cc1ccccc1)NCC(Oc1ccc2c(cnn2-c2cccc3[nH]cnc23)c1)c1ccc2c(c1)OCCO2
O=C(NCC(Oc1ccc2c(cnn2-c2cncc(C(=O)N3CCCC3)c2)c1)c1ccccc1)c1ccccc1
O=C(NCC(Oc1ccc2c(cnn2-c2c[nH]nn2)c1)c1ccc2c(c1)OCC2)c1cnoc1
O=C(Cc1ccccc1)NCC(Oc1ccc2c(cnn2-c2nncs2)c1)c1ccc2c(c1)CCC2
O=C(NCC(Oc1ccc2c(cnn2-c2cnc3c(cnn3C3CCOCC3)c2)c1)c1ccccc1)c1nc2ccccc2[nH]1
c1ccc(-c2ccc3nnc(-n4ncc5cc(OCc6ccc7c(c6)OCCO7)ccc54)n3c2)cc1
c1ccc(-n2ncc3cc(OCc4c(Cc5ccncc5)c5ccccc5n4C4CC4)ccc32)cc1
O=C(NCC(Oc1ccc2c(cnn2-c2cnccn2)c1)c1ccc2c(c1)CCCC2)c1ccccc1
O=C(NCC(Oc1ccc2c(cnn2-c2cc3c(cn2)CC2(CCCCC2)C3)c1)c1ccc2c(c1)OCCO2)c1ccco1
O=C(NCC(Oc1ccc2c(cnn2-c2cncc3cncn23)c1)c1ccc2c(c1)OCCO2)C1CCC1
O=C(NCC(Oc1ccc2c(cnn2-c2nccs2)c1)c1ccc2c(c1)CCC2)c1ccccc1
O=C(NCC(Oc1ccc2c(cnn2-c2cnc3n(c2=O)CCC3)c1)c1ccccc1)c1cn[nH]c1
O=C(CCc1ccccn1)NCC(Oc1ccc2c(cnn2-c2ccccc2-c2ccccn2)c1)c1ccc2c(c1)OCCC2
O=C(NCC(Oc1ccc2c(cnn2-c2cc3c(cn2)CCNCC3)c1)c1ccc2c(c1)OCO2)c1ccsc1
O=C(NCC(Oc1ccc2c(cnn2-c2ccnc(C3CC3)n2)c1)c1ccccc1)C1CCOCC1
O=C(NCC(Oc1ccc2c(cnn2-c2cc3n(c2)CNCC3)c1)c1ccccc1)c1ccno1
O=C(NCC(Oc1ccc2c(cnn2-c2ncnc3[nH]cnc23)c1)c1cc2ccccc2o1)c1ncc[nH]1
O=C(NCC(Oc1ccc2c(cnn2-c2cccc(-n3ncc4ccccc43)c2)c1)c1ccccc1)c1cnoc1
O=C(NCC(Oc1ccc2c(cnn2-c2cccc3c(=O)[nH]c(=O)[nH]c23)c1)c1ccc2c(c1)OCCO2)c1ccccc1
O=C(Cc1ccccc1)NCC(Oc1ccc2c(cnn2-c2ccc(-n3cccn3)cn2)c1)c1ccc2c(c1)OCCO2
O=C(NCC(Oc1ccc2c(cnn2-c2nc(C3CC3)cs2)c1)c1ccc2c(c1)CCO2)c1cocn1
O=C(NCC(Oc1ccc2c(cnn2-c2csc(N3CCOCC3)n2)c1)c1ccc2c(c1)OCCO2)C1CCOCC1
O=C(NCC(Oc1ccc2c(cnn2-c2cccc3nccnc23)c1)c1ccc2c(c1)CCN(Cc1ccccn1)C2)C1CCCOC1
O=C(NCC(Oc1ccc2c(cnn2-c2cc3c(nn2)CCC3)c1)c1ccccc1)c1cccs1
O=C(NCC(Oc1ccc2c(cnn2-c2cnc(N3CCCC3)nc2)c1)c1ccc2c(c1)OCCCO2)c1nnco1
c1cc2c(cc1COc1ccc3c(cnn3-c3ncc4nc(N5CCOCC5)cn4n3)c1)OCCO2
O=c1[nH]c(-n2ncc3cc(OCc4ccc5c(c4)OCCN5)ccc32)nc2ccsc12
O=C(NCC(Oc1ccc2c(cnn2-c2ccc3ccoc3c2)c1)c1ccc2c(c1)OCCO2)c1ncc[nH]1
O=C(Cc1cccs1)NCC(Oc1ccc2c(cnn2-c2csc(N3CCOCC3)n2)c1)c1ccc2c(c1)CCC2
O=C(CNC(=O)c1cnn(-c2ccccc2)c1-n1cccc1)NN=Cc1ccccc1
O=C(CCc1ccccc1)NCC(Oc1ccc2c(cnn2-c2cnn(-c3cn[nH]c3)c2)c1)c1ccc2c(c1)OCC2
O=C(NCC(Oc1ccc2c(cnn2-c2cn[nH]c2)c1)c1ccc2c(c1)CCC2)c1cnoc1
O=C(NCC(Oc1ccc2c(cnn2-c2cccnn2)c1)c1ccccc1)c1n[nH]c2c1CCCC2
O=C(Nc1ccccc1)C(Oc1ccc2c(cnn2-c2ccccn2)c1)c1ccc2c(c1)OCCN2
c1ccc(-n2ncc3cc(OCc4ccnn4Cc4ccon4)ccc32)cc1
O=C(NCC(Oc1ccc2c(cnn2-c2ccc(-n3ccnc3)cn2)c1)c1ccc2c(c1)OCCO2)c1ccn[nH]1
O=C(NCC(Oc1ccc2c(cnn2-c2ccc(-c3ccccc3)cc2)c1)c1ccc2c(c1)OCCO2)C1CCOC1
O=C1NCc2ccc(-n3ncc4cc(OCc5ccc6c(c5)CNC6)ccc43)cc21
O=C(CCc1ccccc1)NCC(Oc1ccc2c(cnn2-c2nccs2)c1)c1ccc2c(c1)OCCO2
O=C(NCC(Oc1ccc2c(cnn2-c2ccn[nH]2)c1)c1ccc2c(c1)OCCO2)C1COCCO1
O=C(NCC(Oc1ccc2c(cnn2-c2cccnc2)c1)c1ccc2c(c1)OCC2)c1ccc2c(c1)OCCO2
O=C(NC1(C(=O)NCC(Oc2ccc3c(cnn3-c3ccc(N4CCCC4)nc3)c2)c2ccccc2)CCCCC1)c1cn[nH]c1
O=C(NCC(Oc1cc2cnn(-c3ncccc3-n3nccn3)c2s1)c1ccc2c(c1)OCCO2)c1ccn[nH]1
O=C(NCC(Oc1ccc2c(cnn2-c2ncc[nH]2)c1)c1ccccc1)c1cnc[nH]1
O=C(NCC(Oc1ccc2c(cnn2-c2cncc(-c3ccccc3)c2)c1)c1ccc2c(c1)OCCC2)C1CCCO1
O=C(NCC(Oc1ccc2c(cnn2-c2ccc(-c3ccccc3)nn2)c1)c1ccc2c(c1)OCCO2)c1cc2cnccc2[nH]1
c1ccc(-c2ccc3c(c2)CCc2cnnn2-3)cc1
O=C(Cc1ccsc1)NCC(Oc1ccc2c(cnn2-c2cccc(-c3cn[nH]c3)c2)c1)c1ccc2c(c1)OCCO2
O=C(NCC(Oc1ccc2c(cnn2-c2ccc3ccncc3c2)c1)c1ccc2c(c1)OCCO2)c1ccsc1
O=S(=O)(NCC(Oc1ccc2c(cnn2-c2n[nH]c3ccccc23)c1)c1ccccc1)C1CCCC1
c1cc(COc2ccc3c(cnn3-c3ccc4c(c3)CCC4)c2)on1
O=C(NCC(Oc1ccc2c(cnn2-c2ccccn2)c1)c1ccccc1)c1ccccc1
O=C(NCC(Oc1ccc2c(cnn2-c2ccc3c(c2)CNC3)c1)c1ccc2c(c1)OCCO2)c1cnccn1
O=C(NCC(Oc1ccc2c(cnn2-c2cnn(-c3cncnc3)c2)c1)c1ccccc1)c1cnon1
O=C(NCC(Oc1ccc2c(cnn2-c2nc3ccccc3o2)c1)c1ccc2c(c1)CCC2)C1CCCC1
O=C(NCC(Oc1ccc2c(cnn2-c2ccncc2-c2nnn[nH]2)c1)c1ccc2c(c1)OCCO2)c1cscn1
c1cc(C2CC2)nc(-n2ncc3cc(OCc4ccc5c(c4)OCCO5)ccc32)c1
O=C(Cc1cccs1)NCC(Oc1ccc2c(cnn2-c2cccc3[nH]ncc23)c1)c1ccc2c(c1)OCCCO2
O=C(NCC(Oc1ccc2c(cnn2-c2cc3ncccc3cn2)c1)c1ccc2c(c1)OCCO2)c1conn1
O=C(NCC(Oc1ccc2c(cnn2-c2nccc3c2CCNC3)c1)c1ccc2c(c1)CCC2)c1ccccc1
O=C(NCC(Oc1ccc2c(cnn2-c2c[nH]nn2)c1)c1ccc2c(c1)OCCO2)c1ccco1
O=C(NCC(Oc1ccc2c(cnn2-c2ncc(-c3ccco3)nn2)c1)c1ccc2c(c1)OCCO2)c1csc2ccccc12
N=c1c(-c2ccsc2)c[nH]n1-c1ccccc1
O=C(NCC(Oc1ccc2c(cnn2-c2cccc(-c3ccncc3)c2)c1)c1ccccc1)C1CCCNC1
O=C(NCC(Oc1ccc2c(cnn2-c2ccncn2)c1)c1ccccc1)c1ccncc1
O=C(NCC(Oc1ccc2c(cnn2-c2ccccc2-c2ncco2)c1)c1ccc2c(c1)OCCO2)c1csnn1
O=C(COc1ccccc1)NCC(Oc1ccc2c(cnn2-c2cccc3cn[nH]c23)c1)c1ccc2c(c1)OCCO2
O=C(NCC(Oc1ccc2c(cnn2-c2cnc3ccccn23)c1)c1cncc2ccccc12)c1cccc2[nH]ccc12
O=C(c1cc(-n2ncc3cc(OCc4ccc5c(c4)OCCC5)ccc32)co1)N1CCOCC1
O=C(NCC(Oc1ccc2c(cnn2-c2ncnc3nccnc23)c1)c1ccc2c(c1)OCCO2)Nc1ccccc1
O=C(NCC(Oc1ccc2c(cnn2-c2cscn2)c1)c1ccc2c(c1)CCC2)c1c[nH]c2ccccc12
O=C(NCC(Oc1ccc2c(cnn2-c2ccc3ncsc3c2)c1)c1ccc2c(c1)OCCO2)c1ccnc2ccccc12
c1ccc(CCOc2ccc3c(cnn3-c3nc4cncnc4[nH]3)c2)cc1
O=C(NCC(Oc1ccc2c(cnn2-c2ncc[nH]2)c1)c1ccccc1)c1cnoc1
O=C(NCC(Oc1ccc2c(cnn2-c2ccc3cccnc3c2)c1)c1ccc2c(c1)OCCO2)c1ncon1
O=C(NCC(Oc1ccc2c(cnn2-c2cccc(N3CCCC3)n2)c1)c1ccc2c(c1)CCC2)c1cnoc1
O=C(NCC(Oc1ccc2c(cnn2-c2ncnc3[nH]cnc23)c1)c1ccccc1)c1nc[nH]n1
O=C(NCC(Oc1ccc2c(cnn2-c2cnc3n[nH]cc3c2)c1)c1ccccc1)c1cccnc1
O=C(NCC(Oc1ccc2c(cnn2-c2nncc3ccsc23)c1)c1ccc2c(c1)CCC2)c1ccn[nH]1
O=C(NCC(Oc1ccc2c(cnn2-c2ccc3c(-c4ccncn4)cccc3n2)c1)c1ccc2c(c1)OCCO2)c1ccn[nH]1
O=C(NCC(Oc1ccc2c(cnn2-c2cncnc2)c1)c1ccc2c(c1)OCCO2)C1CCCN1
O=C(NCC(Oc1ccc2c(cnn2-c2cccn3nncc23)c1)c1ccccc1)c1nc[nH]n1
N=c1ncccn1CC(=O)NCC(Oc1ccc2c(cnn2-c2cc3ccccc3cn2)c1)c1ccc2c(c1)OCCO2
O=C(NCC(Oc1ccc2c(cnn2-c2nnco2)c1)c1ccccc1)C1CC=CCC1
O=C(NCC(Oc1cnc2c(cnn2-c2ccccc2)c1)c1ccc2c(c1)OCCO2)C1(c2ccc3c(c2)OCCO3)CCC1
c1cnc(-n2nccn2)c(-n2ncc3cc(OCc4ccc5c(c4)OCO5)ccc32)c1
O=C(CCc1ccccc1)NCC(Oc1ccc2c(cnn2-c2nccc3c2CCCC3)c1)c1ccc2c(c1)OCCO2
O=C(NCC(Oc1ccc2c(cnn2-c2cn(Cc3ccccc3)nn2)c1)c1ccc2c(c1)OCCO2)C1CCCNC1
O=C(NCC(Oc1ccc2c(cnn2-c2ccncn2)c1)c1ccc2c(c1)CCC2)c1cccnc1
O=C(NCC(Oc1ccc2c(cnn2-c2nnn(CC3CC3)n2)c1)c1ccc2c(c1)OCCO2)C1CCOC1
O=C(Cc1ccccc1)NCC(Oc1ccc2c(cnn2-c2ccnc(N3CC4CC3C4)n2)c1)c1ccccc1
c1cc2c(cc1COc1ccc3c(cnn3-c3ccc4nonc4c3)c1)OCCCO2
O=C(NCC(Oc1ccc2c(cnn2-c2cc(-c3ccn[nH]3)ccn2)c1)c1ccco1)C1CC=CCC1
O=C(NCC(Oc1ccc2c(cnn2-c2ccc3c(=O)nc[nH]c3c2)c1)c1ccccc1)c1cccs1
O=C(NCC(Oc1ccc2c(cnn2-c2cccnc2)c1)c1ccccc1)c1cnoc1
O=C(NCC(Oc1ccc2c(cnn2-c2ccccn2)c1)c1ccccc1)c1cnco1
O=C(NCC(Oc1ccc2c(cnn2-c2ncno2)c1)c1ccccc1)C1CCCOC1
O=C(NCC(Oc1ccc2c(cnn2-c2cccc(C(=O)N3CCOCC3)n2)c1)c1ccc2c(c1)OCCO2)c1ccncc1
O=C(NCC(Oc1ccc2c(cnn2-c2nn[nH]n2)c1)c1ccc2c(c1)COCC2)c1cccnc1
O=C(NCC(Oc1ccc2c(cnn2-c2nccs2)c1)c1ccc2c(c1)CCO2)C1CCCN1C(=O)C1(c2ccccc2)CCCC1
O=C(NCC(Oc1ccc2c(cnn2-c2cn[nH]c2)c1)c1ccc2c(c1)OCCO2)c1cc2ccccc2o1
O=C(NCC(Oc1ccc2c(cnn2-c2cnc3ncccc3c2)c1)c1ccc2c(c1)OCCO2)c1csnn1
O=C(NCC(Oc1ccc2c(cnn2-c2nonc2-c2ccccn2)c1)c1ccc2c(c1)OCCO2)c1cc2ccccc2s1
O=C1C=C2C3CCCCC3CCC2C2CCC3(C(=O)NCCOc4ccccc4)CCCC3C2=C1
O=C(NCC(Oc1ccc2c(cnn2-c2nccc(N3CCC3)n2)c1)c1ccc2c(c1)OCCO2)c1cccnc1
O=C(NCC(Oc1ccc2c(cnn2-c2cccc(-c3ccoc3)c2)c1)c1ccc2c(c1)OCCCO2)C1CC1
O=C(NCC(Oc1ccc2c(cnn2-c2nccc3c2ncn3-c2ccco2)c1)c1ccccn1)c1cccnc1
O=C(NCC(Oc1ccc2c(cnn2-c2cccc(-c3cccs3)c2)c1)c1ccc2c(c1)OCCO2)c1cnns1
O=C(NCC(Oc1ccc2c(cnn2-c2ccncn2)c1)c1ccc2[nH]ccc2c1)C1COC1
O=C(NCC(Oc1ccc2c(cnn2-c2ccc(-c3ccccc3)cc2)c1)c1ccc2c(c1)OCCO2)c1cnco1
O=C(NCC(Oc1ccc2c(cnn2-c2ccncn2)c1)c1ccc2c(c1)CCCC2)c1ccn[nH]1
O=C(NCC(Oc1ccc2c(cnn2-c2ccc3cc[nH]c3c2)c1)c1ccc2c(c1)OCCO2)c1cccs1
O=C(NCC(Oc1ccc2c(cnn2-c2nccc3c2CCN(C(=O)c2ccsc2)C3)c1)c1ccc2c(c1)OCCO2)c1ccccc1
O=C(NCC(Oc1ccc2c(cnn2-c2ccccn2)c1)c1ccccc1)c1ncc[nH]1
O=C(NCC(Oc1cnc2c(cnn2-c2ccccc2-c2cnccn2)c1)c1ccncc1)c1cccnc1
O=C(NCC(Oc1ccc2c(cnn2-c2cncc(-c3cnn(C4CCNCC4)c3)c2)c1)c1ccc2c(c1)OCCO2)c1ccccc1
O=C(CSc1nc2ccccc2s1)C1CCC2C1CCC1C3CCCC3CCC12
O=C(NCC(Oc1ccc2c(cnn2-c2ccc3[nH]c(=O)[nH]c3c2)c1)c1ccc2c(c1)OCCO2)c1ccccc1
O=C1CC(c2ccccc2)CC2=C1C(c1ccccc1)C1C(=O)CCC=C1O2
O=C(NCC(Oc1ccc2c(cnn2-c2nn[nH]n2)c1)c1ccc2c(c1)CCC2)c1cccs1
O=C(NCC(Oc1ccc2c(cnn2-c2nccc3c2CNC3=O)c1)c1ccc2c(c1)OCCCO2)c1cccc2c1CNCC2
O=c1[nH]cnc2ccc(-n3ncc4cc(OCc5ccc6c(c5)OCCO6)ccc43)cc12
O=C(NCC(Oc1ccc2c(cnn2-c2cnc3cnccc3c2)c1)c1ccc2c(c1)OCCO2)c1cccnc1
O=C(NCC(Oc1ccc2c(cnn2-c2cnc3[nH]ncc3c2)c1)c1ccccc1)C1CCNC1
O=C(NCC(Oc1ccc2c(cnn2-c2ccc3ncccc3c2)c1)c1ccc2c(c1)OCCO2)C1(c2ccccc2)CC1
N=c1[nH]oc2ccc(-n3ncc4cc(OC(CNC(=O)c5ccc[nH]5)c5ccc6c(c5)OCCO6)ccc43)cc12
O=C(NCC(Oc1ccc2c(cnn2-c2cccc3c(=O)[nH]cnc23)c1)c1ccccc1)c1cccnn1
N=c1cc(-n2ncc3cc(OC(CNC(=O)c4cocn4)c4ccccc4)ccc32)nc(N2CCNCC2)[nH]1
O=C(NCC(Oc1ccc2c(cnn2-c2ccccn2)c1)c1ccc2c(c1)CNCC2)c1cccnc1
O=C(NCC(Oc1ccc2c(cnn2-c2nc3ccccc3[nH]2)c1)c1ccc2c(c1)OCCO2)c1ccon1
O=C(NCC(Oc1ccc2c(cnn2-c2cccc3[nH]ccc23)c1)c1ccc2c(c1)OCCCO2)c1cc[nH]n1
O=C(NCC(Oc1ccc2c(cnn2-c2cnccn2)c1)c1ccc2c(c1)CCC2)c1ccsc1
O=C(NCC(Oc1ccc2c(cnn2-c2ccccn2)c1)c1ccc2c(c1)OCCO2)c1cnco1
O=C(NCC(Oc1ccc2c(cnn2-c2ccc(N3CCCC3)nc2)c1)c1ccccc1)c1cnccn1
O=C(NCC(Oc1ccc2c(cnn2-c2nn[nH]n2)c1)c1ccc2cnoc2c1)c1cnc2ccccn12
O=C(NCC(Oc1ccc2c(cnn2-c2nccs2)c1)c1ccon1)c1cncc2cncn12
O=C(NCC(Oc1ccc2c(cnn2-c2ccc3nnnn3c2)c1)c1cccnc1)c1cncs1
O=C(NCC(Oc1ccc2c(cnn2-c2ccc3c(c2)CNCC3)c1)c1ccc2c(c1)OCCO2)c1ncc[nH]1
O=C(NCC(Oc1ccc2c(cnn2-c2nccc3c2cnn3-c2ccccn2)c1)c1ccc2c(c1)OCCO2)c1ccccc1
O=C(NCC(Oc1ccc2c(cnn2-c2nncs2)c1)c1ccc2c(c1)CCC2)C1CCCCC1
O=C(NCC(Oc1ccc2c(cnn2-c2nnn[nH]2)c1)c1ccccc1)c1csnn1
O=C(NCC(Oc1ccc2c(cnn2-c2ccc(-n3cncn3)nc2)c1)c1ccc2c(c1)OCCO2)c1ccon1
O=C(NCC(Oc1ccc2c(cnn2-c2nccnc2-c2cn[nH]c2)c1)c1ccc2c(c1)OCCO2)c1ccncc1
O=C(NCC(Oc1ccc2c(cnn2-c2ccccn2)c1)c1ccc2c(c1)OCCCO2)c1cncs1
O=C(NCC(Oc1ccc2c(cnn2-c2cncnc2)c1)c1ccc2c(c1)OCCCO2)c1ccccc1
c1cc(-n2ncc3cc(OCc4ccc5c(c4)CC4C5CCCN4Cc4ccoc4)ccc32)ccn1
O=C(Cc1ccccc1)NCC(Oc1ccc2c(cnn2-c2cccc(-c3ccn[nH]3)c2)c1)c1cnccn1
O=c1sccc2c(Oc3ccncc3-c3cncnc3)cccc12
O=C(Cc1ccccn1)NCC(Oc1ccc2c(cnn2-c2ccn[nH]2)c1)c1ccnc2ccccc12
O=C(NCC(Oc1ccc2c(cnn2-c2ccc3ncccc3c2)c1)c1ccc2c(c1)OCCO2)c1cnoc1
c1ccc(-n2ncc3cc(OCc4ncno4)ccc32)cc1
O=C(NCC(Oc1ccc2c(cnn2-c2ccccn2)c1)c1ccc2c(c1)OCCO2)c1cnc2[nH]ncc2c1
O=C(Cc1ccccc1)NCC(Oc1ccc2c(cnn2-c2cncc(-c3cnn(C4CC4)c3)c2)c1)c1ccc2c(c1)OCCCO2
O=C(NCC(Oc1ccc2c(cnn2-c2cncc(NS(=O)(=O)c3ccccc3)c2)c1)c1ccccc1)c1cccnc1
O=C(NCC(Oc1ccc2c(cnn2-c2ccccc2-c2ncccn2)c1)c1ccccc1)c1ccnc2cncn12
O=C(NCC(Oc1ccc2c(cnn2-c2cccnc2)c1)c1ccc2c(c1)CCC2)C1CNC1
O=C(NCC(Oc1ccc2c(cnn2-c2cnc3ccncc3n2)c1)c1ccc(C2CC2)nc1)C1CCOC1
O=C(NCC(Oc1ccc2c(cnn2-c2cnc3ccccn23)c1)c1cnccn1)c1cnco1
O=C(NCC(Oc1ccc2c(cnn2-c2cnccn2)c1)c1ccccc1)c1cc2ccncc2[nH]1
O=C(NCC(Oc1ccc2c(cnn2-c2cc3ncccc3n2C2CCCC2)c1)c1ccc2c(c1)OCCO2)C1CC1
c1nc(C2CCCC2)no1
O=C(NCC(Oc1ccc2c(cnn2-c2cncnc2)c1)c1ccccc1)C1CCCN1
O=C(NCC(Oc1ccc2c(cnn2-c2cc[nH]c(=Nc3ccc4[nH]ncc4c3)n2)c1)c1ccccc1)c1ccsc1
O=C(NCC(Oc1ccc2c(cnn2-c2cccnn2)c1)c1ccc2c(c1)CCN(Cc1cccnc1)C2)C1COCCO1
O=C(NCC(Oc1ccc2c(cnn2-c2cnc3c(c2)CCC3)c1)c1ccccc1)c1ccccn1
O=C(COc1ccccc1)NCC(Oc1ccc2c(cnn2-c2ccncn2)c1)c1ccc2c(c1)OCCO2
O=C(NCC(Oc1ccc2c(cnn2-c2ccccc2)c1)c1ccc2c(c1)CCC2)c1cccnc1
O=C(NCC(Oc1ccc2c(cnn2-c2cnc3n(c2=O)CCCC3)c1)c1ccc2c(c1)OCCO2)c1cocn1
O=C(NCC(Oc1ccc2c(cnn2-c2cnc3[nH]ccc3c2)c1)c1ccc2c(c1)OCCO2)c1ccccn1
O=C(NCC(Oc1ccc2c(cnn2-c2ccccc2)c1)c1ccccc1)c1cccc(-n2nccn2)c1
O=C(NCC(Oc1ccc2c(cnn2-c2ccn[nH]2)c1)c1ccc2c(c1)OCCO2)c1ccnnc1
O=C(NCC(Oc1ccc2c(cnn2-c2ncnc3c2ncn3C2CC2)c1)c1ccc2c(c1)OCCO2)C1CCCNC1
O=C(NCC(Oc1ccc2c(cnn2-c2ccccc2)c1)c1ccccc1)c1cscn1
O=C(NCC(Oc1ccc2c(cnn2-c2ncccn2)c1)c1ccc2c(c1)OCCO2)c1ccc2c(c1)CCN2
O=C(NCC(Oc1ccc2c(cnn2-c2ccncn2)c1)c1ccccc1)c1ccn[nH]1
O=C(NCC(Oc1ccc2c(cnn2-c2cccc3nccn23)c1)c1nc2cnccc2[nH]1)c1ccccn1
O=C(NCC(c1ccccc1)N1CCOc2cc(COc3ccc4c(cnn4-c4ccccc4)c3)ccc21)C1CCCC1
O=C(NCC(Oc1ccc2c(cnn2-c2cncc(C3CC3)n2)c1)c1ccccc1)c1nc[nH]n1
O=C(NCC(Oc1cnc2c(cnn2-c2cccc(-c3ccccn3)c2)c1)c1ccc2c(c1)OCCO2)c1cnn2cccnc12
O=C(NCC(Oc1ccc2c(cnn2-c2cnc3c(c2)CCNC3=O)c1)c1ccc2c(c1)OCCO2)c1ccc2c(c1)OCCO2
O=C(NCC(Oc1ccc2c(cnn2-c2ccc3c(ccn3-c3ccncn3)c2)c1)c1ccccc1)C1CCCN1
c1ccc(-c2sncc2COc2ccc3c(cnn3-c3cccnc3)c2)cc1
O=C(NCC(Oc1ccc2c(cnn2-c2ccncc2)c1)c1ccc2c(c1)CCCC2)C1CCCNC1
O=C(NCC(Oc1ccc2c(cnn2-c2cnn(-c3ncnc4c3CCC4)c2)c1)c1ccc2c(c1)OCCCO2)c1ccncc1
O=C(NCC(Oc1ccc2c(cnn2-c2ccccc2-c2ncon2)c1)c1ccc2c(c1)CCO2)C1CCC1
N=c1[nH]onc1-n1ncc2cc(OC(CNC(=O)c3noc4ccccc34)c3ccc4c(c3)OCCO4)ccc21
O=C(NCC(Oc1ccc2c(cnn2-c2cc(-c3ccsc3)ncn2)c1)c1ccc2c(c1)OCCO2)c1ncc[nH]1
O=C(NCC(Oc1ccc2c(cnn2-c2cccnn2)c1)c1ccc2c(c1)OCCO2)c1ccncc1
O=C(NCC(Oc1ccc2c(cnn2-c2cnc3c(OC4CCC4)nccc3c2)c1)c1ccc2c(c1)OCCO2)c1cscn1
O=C(NCC(Oc1ccc2c(cnn2-c2cnn(-c3cnccn3)c2)c1)c1ccccc1)c1csnn1
O=C(NCC(Oc1ccc2c(cnn2-c2cnc3nc(N4CCNCC4)ncc3c2)c1)c1ccc2c(c1)OCCO2)c1ccccc1
O=C(NCC(Oc1ccc2c(cnn2-c2ccc3[nH]cnc3c2)c1)c1ccccc1)c1cc2ccccc2[nH]1
O=C(NCC(Oc1ccc2c(cnn2-c2ccnn2-c2ccccc2)c1)c1ccc2c(c1)OCCO2)C1CCCCC1
O=C(NCC(Oc1ccc2c(cnn2-c2nnc(-c3ccncc3)o2)c1)c1ccccc1)C1CCCO1
O=C(NCC(Oc1ccc2c(cnn2-c2cncc(-c3ccncn3)c2)c1)c1ccc2c(c1)OCCO2)c1cnc2ccccn12
c1cc2c(cc1COc1ccc3c(cnn3-c3cc4n(n3)CCNC4)c1)OCCN2
O=C(NCC(Oc1ccc2c(cnn2-c2ccccc2-c2ccccn2)c1)c1ccc2c(c1)OCCO2)c1ccncc1
O=C(NCC(Oc1ccc2c(cnn2-c2nccc3cncn23)c1)c1ccccc1)c1cc2cnccc2o1
c1ccc2c(c1)cnn2-c1ccc(-n2ncc3cc(OCc4ccc5c(c4)OCCN5)ccc32)cn1
O=C(NCC(Oc1ccc2c(cnn2-c2cc(=O)[nH]cn2)c1)c1ccc2c(c1)OCCO2)c1ccco1
O=C(NCC(Oc1ccc2c(cnn2-c2cc3c(cn2)C(=O)NC3)c1)c1cc2ccccc2s1)c1nccs1
O=C(NCC(Oc1ccc2c(cnn2-c2cnc(CN3CCOCC3)s2)c1)c1ccc2c(c1)OCCO2)C1CC=CCC1
O=C(NC1(C(=O)NCC(Oc2ccc3c(cnn3-c3ncon3)c2)c2ccccc2)CCC1)c1ccnnc1
O=C(NCC(Oc1ccc2c(cnn2-c2nccc3ccccc23)c1)c1ccc2c(c1)CCNC2)c1ccon1
O=C(NCC(Oc1ccc2c(cnn2-c2nc3ccccc3[nH]2)c1)c1ccccc1)C1CC1
O=C(NCC(Oc1ccc2c(cnn2-c2ccccc2)c1)c1ccc2c(c1)CCN(C1CCC1)CC2)c1cccs1
O=C(NCC(Oc1ccc2c(cnn2-c2ncnc3[nH][nH]c(=O)c23)c1)c1ccc2c(c1)OCCO2)c1ccncc1
O=C(NCC(Oc1ccc2c(cnn2-c2ccccc2)c1)c1ccc2c(c1)OCCO2)c1ccco1
O=C(NCC(Oc1ccc2c(cnn2-c2ccccc2)c1)c1ccc2c(c1)OCCCO2)c1nsc2ccccc12
O=C(NC1(C(=O)NCC(Oc2ccc3c(cnn3-c3ncnc4[nH]cnc34)c2)c2ccccc2)CC1)c1ccno1
O=C(NCC(Oc1ccc2c(cnn2-c2nccc3ccccc23)c1)c1ccc2c(c1)OCCO2)c1ccccc1
O=C(NCC(Oc1ccc2c(cnn2-c2nncc3ccccc23)c1)c1ccc2c(c1)OCCO2)C1CCCN1
O=C(NCC(Oc1ccc2c(cnn2-c2ccccc2-c2ncon2)c1)c1ccccc1)c1cnco1
O=C(NCC(Oc1ccc2c(cnn2-c2ccncn2)c1)c1ccc2c(c1)OCCO2)c1ccccc1
O=C(NCC(Oc1ccc2c(cnn2-c2ccccc2-c2ncco2)c1)c1ccc2[nH]ncc2c1)C1CCNC1
O=C(NCC(Oc1ccc2c(cnn2-c2ccn3ncnc3c2)c1)c1ccccc1)c1cc2ccccc2s1
O=C(NCC(Oc1ccc2c(cnn2-c2cccc(-n3cccn3)c2)c1)c1ccccc1)c1cccc2ccccc12
O=C(NCC(Oc1ccc2c(cnn2-c2cnc3c(cnn3-c3ccccc3)c2)c1)c1ccc2c(c1)CCCO2)C1CCC1
O=C(NCC(Oc1ccc2c(cnn2-c2cnc3[nH]c(=O)[nH]c3n2)c1)c1ccc2c(c1)NCCO2)c1ccccc1
O=C(NCC(Oc1ccc2c(cnn2-c2nccc3nc[nH]c23)c1)c1ccccc1)c1cncs1
O=C(NCC(Oc1ccc2c(cnn2-c2ccccn2)c1)c1ccc2c(c1)CCC2)C1CCCN1C(=O)C1CCOCC1
O=C(NCC(Oc1ccc2c(cnn2-c2cnn(-c3ccncc3)c2)c1)c1ccc2c(c1)OCCO2)c1cn[nH]c1
O=C(NCC(Oc1ccc2c(cnn2-c2ccncc2-c2ccsc2)c1)c1ccccc1)c1csnn1
O=C(NCC(Oc1ccc2c(cnn2-c2cnc3c(c2)CCC3)c1)c1ccccn1)C1CCC1
O=C(NCC(Oc1ccc2c(cnn2-c2cncc(N3CCOCC3)n2)c1)c1ccccc1)C1CCNCC1
O=C(CC1CC1)NCC(Oc1ccc2c(cnn2-c2nccc3c2CCNC3)c1)c1ccc2c(c1)OCCCO2
c1cc(-c2cn(-c3ccnc(-c4ccncc4)n3)nn2)c2cc[nH]c2c1
O=C(NCC(Oc1ccc2c(cnn2-c2cccc(-c3cccnc3)c2)c1)c1ccc2c(c1)OCCO2)c1c[nH]nn1
O=C(NCC(Oc1ccc2c(cnn2-c2cc3cccnc3[nH]2)c1)c1ccc2c(c1)OCCO2)c1nccs1
O=C(Cc1ccccc1)NCC(Oc1ccc2c(cnn2-c2ccon2)c1)c1ccc2c(c1)OCCCO2
O=C(NCC(Oc1ccc2c(cnn2-c2cccc(N3CCCC3)n2)c1)c1ccc2c(c1)OCCO2)C1CCCOC1
O=C(NCC(Oc1ccc2c(cnn2-c2cccc(N3CC4CCCNC4C3)n2)c1)c1ccc2c(c1)OCCO2)C1CCC1
O=C(NCC(Oc1ccc2c(cnn2-c2cccnn2)c1)c1ccc2c(c1)OCCCO2)c1ccccc1
O=C(NCC(Oc1ccc2c(cnn2-c2cnc3[nH]ccc3c2)c1)c1ccc2c(c1)OCCO2)c1cn[nH]c1
O=C(NCC(Oc1ccc2c(cnn2-c2cccnc2)c1)c1ccccc1)c1c[nH]nn1
O=C(COc1ccccc1)NCC(Oc1ccc2c(cnn2-c2ccnnc2)c1)c1ccc2c(c1)CCO2
O=C(NCC(Oc1ccc2c(cnn2-c2ccc(N3CCOCC3)nn2)c1)c1ccc2c(c1)OCCO2)c1cccnc1
N=c1[nH]cc(C2CC2)nc1-n1ncc2cc(OCc3ccc4c(c3)OCCO4)ccc21
O=C(NCC(Oc1ccc2c(cnn2-c2cn[nH]c2)c1)c1ccc2c(c1)OCCO2)c1cn[nH]c1
O=C(NCC(Oc1ccc2c(cnn2-c2cc[nH]n2)c1)c1ccccc1)c1cncs1
O=C(NCC(Oc1ccc2c(cnn2-c2ccc3nc[nH]c3c2)c1)c1ccccc1)C1(c2ccc3c(c2)OCCO3)CC1
O=C(NCC(Oc1ccc2c(cnn2-c2cnc3cnccc3n2)c1)c1ccc2c(c1)OCCO2)c1nccs1
O=C(NCC(Oc1ccc2c(cnn2-c2cncc(C3CC3)n2)c1)c1ccc2ccccc2c1)c1ccn[nH]1
O=C(Cn1ccc2ccccc21)NCC(Oc1ccc2c(cnn2-c2ccc3[nH]cnc3c2)c1)c1ccc2c(c1)CCC2
O=C(NCC(Oc1ccc2c(cnn2-c2cccc(N3CCCCC3)n2)c1)c1ccc2c(c1)OCC2)c1ccccn1
O=C(NCC(Oc1ccc2c(cnn2-c2cn[nH]c2)c1)c1ccc2c(c1)CCC2)c1ccc2c(c1)OCCO2
O=C(NCC(Oc1ccc2c(cnn2-c2cccc(N3CCCC3)n2)c1)c1ccccc1)C1CCCCC1
c1cc2[nH]nc(-n3ncc4cc(OCc5ccc6c(c5)CCN(C5CCC5)CC6)ccc43)c2cn1
O=C(NCC(Oc1ccc2c(cnn2-c2ccc3nc[nH]c(=O)c3c2)c1)c1ccc2c(c1)OCCO2)c1cnc2ccccn12
N=c1[nH]cc(-c2cn[nH]c2)nc1-n1ncc2cc(OC(CNC(=O)C3CC3)c3ccc4c(c3)OCCO4)ccc21
O=C(NCC(Oc1ccc2c(cnn2-c2cnon2)c1)c1ccccc1)c1ccc(-n2cc(C3CCCC3)cn2)s1
O=C(NC1(C(=O)NCC(Oc2ccc3c(cnn3-c3cnc4c(c3)CCC4)c2)c2ccccc2)CC1)c1cccnc1
c1ccn2c(-n3ncc4cc(OCc5ccc6c(c5)OCCO6)ccc43)cnc2c1
O=C(NCC(Oc1ccc2c(cnn2-c2cccnc2)c1)c1ccc2c(c1)OCCO2)c1ccn[nH]1
O=C(NCC(Oc1ccc2c(cnn2-c2cc3ccccc3cn2)c1)C1=CC=C2C=C2OCCO1)c1ccc[nH]1
c1ccc(-n2nccc2-n2ncc3cc(OC(c4ccc5c(c4)CNC5)C4CC4)ccc32)cc1
O=C(NCC(Oc1ccc2c(cnn2-c2ncon2)c1)c1ccccc1)c1cncnc1
O=C(NCC(Oc1ccc2c(cnn2-c2ccc3c(c2)CCNC3)c1)c1ccc2c(c1)OCCCO2)c1ccccc1
O=C(NCC(Oc1ccc2c(cnn2-c2ccnc(N3CCOCC3)n2)c1)c1ccccc1)c1ccco1
O=C(NCC(Oc1ccc2c(cnn2-c2cncc(N3CCCC3)n2)c1)c1ccc2c(c1)OCCO2)c1ccn[nH]1
O=C(NCC(Oc1ccc2c(cnn2-c2cc(N3CCNCC3)ncn2)c1)c1ccccc1)C1COCCO1
O=C(NCC(Oc1ccc2c(cnn2-c2cccc(-c3ccccc3)c2)c1)c1cccnc1)c1ccccc1
O=C(NCC(Oc1ccc2c(cnn2-c2cc(-n3ccnc3)ncn2)c1)c1ccc2c(c1)OCCO2)Nc1ccccc1
O=C(CCNC1CCCC1)NCC(Oc1ccc2c(cnn2-c2nccc3[nH]cnc23)c1)c1ccc2c(c1)OCCO2
O=C(NCC(Oc1ccc2c(cnn2-c2cnc3ncncc3c2)c1)c1ccccc1)c1ccn[nH]1
O=C(NCC(Oc1ccc2c(cnn2-c2csc(N3CCCC3)n2)c1)c1ccc2c(c1)OCCO2)c1cocn1
c1ccc(COc2ccc3c(cnn3-c3cccc(-n4cnc5ccccc54)n3)c2)cc1
O=C1NC2(C(=O)NCC(Oc3ccc4c(cnn4-c4ncon4)c3)c3ccccc3)CCCC1=CN=CO2
O=C(NCC(Oc1ccc2c(cnn2-c2cncnc2)c1)c1ccncc1)c1cncnc1
O=C(NCC(Oc1ccc2c(cnn2-c2cnn(Cc3ccccc3)c2)c1)c1ccc2ccccc2c1)c1cscn1
O=C(CCCn1cnc2c1CCCC2)NCC(Oc1ccc2c(cnn2-c2ccccc2)c1)c1ccc2c(c1)OCCO2
O=C(NCC(Oc1ccc2c(cnn2-c2ccc3cc[nH]c3c2)c1)c1ccncc1)C1CCCN1
O=C(NCC(Oc1ccc2c(cnn2-c2cccc(-c3cccnc3)c2)c1)c1ccccc1)c1cccc2ccccc12
O=C(Cc1ccccc1)NCC(Oc1ccc2c(cnn2-c2ccn3cncc3n2)c1)c1ccccc1
O=C(NCC(Oc1ccc2c(cnn2-c2ccccc2)c1)c1ccccn1)C1CC1
O=C(NCC(Oc1ccc2c(cnn2-c2ccc3[nH]ncc3c2)c1)c1ccc2c(c1)OCCO2)c1cnn2c1OCCC2
O=C(NCC(Oc1ccc2c(cnn2-c2ccnc(N3CCCNCC3)n2)c1)c1ccc2c(c1)OCCO2)c1ccccc1
O=C(Cc1ccsc1)NCC(Oc1ccc2c(cnn2-c2ccncc2)c1)c1ccc2c(c1)OCCCO2
c1cc(-n2ncc3cc(OCc4ccc5c(c4)OCC4(CCCCC4)C5)ccc32)cnn1
O=C(NCC(Oc1ccc2c(cnn2-c2cnn(-c3ccccc3)c2)c1)c1ccc2c(c1)OCCO2)c1ccccc1
O=C(NCC(Oc1ccc2c(cnn2-c2nnc3ccccn23)c1)c1ccc2c(c1)OCCO2)c1ncon1
O=C(NCC(Oc1ccc2c(cnn2-c2cnn(CC3CCCO3)c2)c1)c1ccc2c(c1)OCCO2)c1ccco1
O=C(COc1ccccc1)NCC(Oc1ccc2c(cnn2-c2cn[nH]c2)c1)c1ccc2c(c1)CCO2
O=C(NCC(Oc1ccc2c(cnn2-c2cccnc2)c1)c1ccc2c(c1)CCC2)c1ccn[nH]1
O=C(NCC(Oc1ccc2c(cnn2-c2ncc[nH]2)c1)c1ccc2c(c1)OCCO2)c1ccco1
c1ccc2oc(-n3ncc4cc(OCc5ccc6c(c5)CCC6)ccc43)nc2c1
N=c1nc(-n2ncc3cc(OC(CNC(=O)c4cn[nH]c4)c4ccccc4)ccc32)cc[nH]1
O=C(NCC(Oc1ccc2c(cnn2-c2[nH]nc3cccnc23)c1)c1ccccc1)c1cscn1
O=C(NCC(Oc1ccc2c(cnn2-c2cccc(C3CC3)c2)c1)c1ccc2c(c1)OCCO2)c1cccs1
O=C(NCC(Oc1ccc2c(cnn2-c2nccc3cc[nH]c23)c1)c1ccccc1)c1cncc2ccccc12
O=C(CCCc1ccccc1)NCC(Oc1ccc2c(cnn2-c2n[nH]c3ncccc23)c1)c1ccc2c(c1)OCCCO2
O=C(NCC(Oc1ccc2c(cnn2-c2cccc3cnncc23)c1)c1ccc2c(c1)OCCO2)c1ccccc1
O=C(NCC(Oc1ccc2c(cnn2-c2ccc3ncncc3c2)c1)c1ccc2c(c1)OCCO2)c1cscn1
C1=Cc2ccc(COc3ccc4c(cnn4-c4ccccc4-c4ccccn4)c3)c(n2)C=C1
N=c1[nH]cc(C(=O)NCC(Oc2ccc3c(cnn3-c3ccccc3-c3ncn[nH]3)c2)c2ccccc2)s1
O=C(NCC(Oc1ccc2c(cnn2-c2ncnc3[nH]cnc23)c1)c1ccccc1)c1c[nH]cn1
O=C(Cc1ccccc1)NCC(Oc1ccc2c(cnn2-c2cccc(-n3ncc4cnccc43)c2)c1)c1ccccc1
O=C(NCC(Oc1ccc2c(cnn2-c2cnc3c(c2)CC2(CCCC2)CO3)c1)c1ccc2c(c1)OCCO2)c1cncs1
O=C(NCC(Oc1ccc2c(cnn2-c2csc(N3CCNCC3)n2)c1)c1ccc2c(c1)OCCO2)c1ccccc1
O=C(NCC(Oc1ccc2c(cnn2-c2cnc3ccccc3n2)c1)c1ccc2c(c1)OCCO2)c1csnn1
O=C(NCC(Oc1ccc2c(cnn2-c2ccc3ccncc3c2)c1)c1ccc2c(c1)OCCO2)c1ccccc1
O=C(NCC(Oc1ccc2c(=O)n(-c3cnn(C4CCOC4)c3)ncc2c1)c1ccc2c(c1)CCC2)c1cn[nH]c1
O=C(Cc1cccc2ncccc12)NCC(Oc1ccc2c(cnn2-c2ccn3ccnc3c2)c1)c1ccc2c(c1)CCO2
O=C(Cc1ccccc1)NCC(Oc1ccc2c(cnn2-c2ccnnc2)c1)c1ccc2c(cnn2-c2ccccc2)c1
O=C(Cc1cnc(-c2cccnc2)s1)NCC(Oc1ccc2c(cnn2-c2cnc3ccccn23)c1)c1ccc2c(c1)OCCO2
O=C(NCc1ccccc1)C(Oc1ccc2c(cnn2-c2ccncc2)c1)c1ccc2c(c1)OCCO2
c1cc(N2CCC2)nc(-n2ncc3cc(OCc4cccc5c4COC5)ccc32)c1
O=C(COc1ccc2[nH]ncc2c1)NCC(Oc1ccc2c(cnn2-c2ccccn2)c1)c1ccc2c(c1)OCCO2
O=C(CCc1ccncc1)NCC(Oc1ccc2c(cnn2-c2cnc3ncnn3c2)c1)c1ccc2c(c1)OCCCO2
O=C(NCC(Oc1ccc2c(cnn2-c2cnn(C3CCC3)c(=O)c2)c1)c1ccc2c(c1)OCCO2)C1CCOCC1
O=C(NCC(Oc1ccc2c(cnn2-c2ncnc3c2CCCC3)c1)c1ccccc1)c1cccnn1
O=C(NCC(Oc1ccc2c(cnn2-c2nccc3c2cnn3-c2ccccc2)c1)c1ccc2cccnc2c1)c1ccncc1
O=C(Cc1cccc2ccccc12)NCC(Oc1ccc2c(cnn2-c2cccnn2)c1)c1ccc2c(c1)OCCO2
O=C(NCC(Oc1ccc2c(cnn2-c2nnco2)c1)c1ccc2c(c1)OCCO2)c1cnc2ccccn12
O=C(NCC(Oc1ccc2c(cnn2-c2cnc3n(c2=O)CCCC3)c1)c1ccccc1)c1cnco1
O=C(NCC(Oc1ccc2c(cnn2-c2ccn3nccc3c2)c1)c1ccccc1)c1ccccc1
O=C(NCC(Oc1ccc2c(cnn2-c2ccon2)c1)c1ccc2c(c1)CCO2)c1ccccc1
O=C(NCC(Oc1ccc2c(cnn2-c2cccnc2-c2cncs2)c1)c1ccccc1)c1c[nH]cn1
O=C(NCC(Oc1ccc2c(cnn2-c2cccc3cccnc23)c1)c1ccc2c(c1)OCCC2)c1cncs1
O=C(NCC(Oc1ccc2c(cnn2-c2cn3ccccc3n2)c1)c1ccccc1)c1cnco1
O=C(NCC(Oc1ccc2c(cnn2-c2ccc3c[nH]cc3c2)c1)c1ccccc1)c1cccnn1
c1ccc(-n2ncc3cc(OCc4ccc5c(c4)OCCO5)ccc32)c(-c2cn[nH]c2)c1
O=C(NCC(Oc1ccc2c(cnn2-c2cccnc2)c1)c1ccc2c(c1)OCCO2)c1ccn[nH]1
O=C(NCC(Oc1ccc2c(cnn2-c2cnc3ncncc3c2)c1)c1ccccc1)C1CCCN1
O=C(NCC(Oc1ccc2c(cnn2-c2cnc3ccnn3c2)c1)c1ccco1)c1csc2ccccc12
c1ccc(-c2cccn2-c2ccccc2)cc1
O=C(NCC(Oc1ccc2c(cnn2-c2noc(C3CCOC3)n2)c1)c1ccc2c(c1)OCCO2)c1cnco1
O=C(NCC(Oc1ccc2c(cnn2-c2ncnn2-c2ccccc2)c1)c1ccccc1)c1csnn1
O=C(NCC(Oc1ccc2c(cnn2-c2nccc3c2CCNC3)c1)c1ccccn1)c1cnc(-n2cccn2)s1
O=C(NCC(Oc1ccc2c(cnn2-c2ccccn2)c1)c1ccc2c(c1)OCCO2)c1ccccc1
O=C(NCC(Oc1ccc2c(cnn2-c2ncn[nH]2)c1)c1ccccc1)c1cnc(-c2cnccn2)s1
O=C1NCC(c2ccc3c(c2)CCO3)Oc2ccc3c(c2)C=NN(c2ccccn2)CCOc2cc1ccc2N=C3
O=C(NCC(Oc1ccc2c(cnn2-c2ccc(-c3ccccc3)cc2)c1)c1ccc2c(c1)OCCO2)c1ccc[nH]1
O=C(NCC(Oc1ccc2c(cnn2-c2ccc3c(c2)CCN3)c1)c1ccc2c(c1)OCCO2)c1ccccc1
O=C(NCC(Oc1ccc2c(cnn2-c2ccccc2)c1)c1ccc2c(c1)OCCO2)c1ccnnc1
O=C(NCC(Oc1ccc2c(cnn2-c2ccc3ocnc3c2)c1)c1ccc2ccccc2c1)c1ccc[nH]1
O=C(NCC(Oc1ccc2c(cnn2-c2cnc3[nH]cnc3c2)c1)c1ccc2c(c1)CCNC2)c1ccco1
O=C(NCC(Oc1ccc2c(cnn2-c2ncnc3c2cnn3-c2ccccc2)c1)c1ccccc1)c1cscn1
O=C(NCC(Oc1ccc2c(cnn2-c2cnn(-c3ccncn3)c2)c1)c1ccccc1)c1ccncc1
O=C(NCC(Oc1ccc2c(cnn2-c2cncc(C(=O)NC3CCCC3)c2)c1)c1ccc2c(c1)OCCO2)c1cn[nH]c1
O=C(NCC(Oc1ccc2c(cnn2-c2nncs2)c1)c1ccc2c(c1)CCC2)C1CCCCC1
O=C(NCC(Oc1ccc2c(cnn2-c2cc3cn[nH]c3cn2)c1)c1ccc2c(c1)OCCO2)c1ccn[nH]1
O=C(NCC(Oc1ccc2c(cnn2-c2ccc(-n3ccnc3)cn2)c1)c1ccccc1)c1csnn1
O=C(NCC(Oc1ccc2c(cnn2-c2cccc(-n3cnc4cnccc43)c2)c1)c1ccc2c(c1)OCCO2)C1CCC1
O=C(NCC(Oc1ccc2c(cnn2-c2ccc3cnncc3n2)c1)c1ccc2c(c1)OCCO2)c1ccn[nH]1
O=C1CCC(C(=O)NCC(Oc2ccc3c(cnn3-c3cccc(-c4ccccc4)c3)c2)c2ccc3c(c2)OCCO3)CC1
O=C(NCC(Oc1ccc2c(cnn2-c2ccc3ncccc3c2)c1)c1ccc2c(c1)CCC2)c1ccoc1
O=C(NCC(Oc1ccc2c(cnn2-c2cnc3c(cnn3C3COC3)c2)c1)c1ccc2c(c1)OCCO2)c1cnoc1
O=C(NCC(Oc1ccc2c(cnn2-c2ccc3ccccc3n2)c1)c1ccccc1)c1cnc[nH]1
O=C(NCC(Oc1ccc2c(cnn2-c2ncccn2)c1)c1ccccc1)c1ccoc1
O=C(NCC(Oc1ccc2c(cnn2-c2ccccc2)c1)c1ccc2c(c1)OCCO2)C1CCCN1
O=C(COc1ccc(CCNc2ccccc2)cc1)NC(CCCNS(=O)(=O)c1ccccc1)c1ccccc1
O=C(NCC(Oc1ccc2c(cnn2-c2ccccn2)c1)c1ccc2c(c1)OCCO2)c1ccc2c(c1)OCCN2
O=C(NCC(Oc1ccc2c(cnn2-c2ccn[nH]2)c1)c1ccccc1)c1cccc2n[nH]cc12
O=C(NCC(Oc1cc2c3c(cccc3c1)N(c1ccncn1)N=C2)c1cccnc1)c1ccn[nH]1
O=C(NCC(Oc1ccc2c(cnn2-c2ccc(N3CCOCC3)nn2)c1)c1ccccc1)C1CC1c1ccccc1
O=C(NCC(Oc1ccc2c(cnn2-c2cnc3[nH]ccc3c2)c1)c1ccc2c(c1)CCNCC2)c1ccccc1
O=C(NCC(Oc1ccc2c(cnn2-c2nccc3c2CCN(CC2CC2)C3)c1)c1ccc2c(c1)CCC2)c1cccc2nccnc12
O=C(NCC(Oc1ccc2c(cnn2-c2csc(N3CCNCC3)n2)c1)c1ccc2c(c1)OCCO2)c1ccccc1
O=C(NCC(Oc1ccc2c(cnn2-c2ccccn2)c1)c1ccc2c(c1)OCCCO2)c1cnco1
O=C(NCc1ccccc1)C(=O)c1c[nH]c2ncccc12
O=C(NCC(Oc1ccc2c(cnn2-c2cccnn2)c1)c1ccc2c(c1)OCCO2)c1ccc[nH]c1=O
O=C(NCC(Oc1ccc2c(cnn2-c2ccnc(-c3cn[nH]c3)c2)c1)c1ccccc1)C1CCCN1
O=C(NCC(Oc1ccc2c(cnn2-c2cncc(-c3ccccc3)c2)c1)c1ccc2c(c1)OCCO2)c1cscn1
O=C(NCC(Oc1ccc2c(cnn2-c2cnn(-c3cn[nH]c3)c2)c1)c1ccc2c(c1)OCCO2)c1nccs1
O=C(NCC(Oc1ccc2c(cnn2-c2cscn2)c1)c1ccoc1)c1cocn1
O=C(CCCc1ccccc1)NCC(Oc1ccc2c(cnn2-c2nccc3ccsc23)c1)c1ccc2c(c1)OCCO2
O=C(NCC(Oc1ccc2c(cnn2-c2nccs2)c1)c1ccc2c(c1)OCCCO2)c1cnoc1
O=C(COc1ccccc1)NCC(Oc1ccc2c(cnn2-c2cccc3cccnc23)c1)c1ccc2[nH]ncc2c1
O=C(NCC(Oc1ccc2c(cnn2-c2nccc3cc[nH]c23)c1)c1ccccc1)c1cc2ccccc2[nH]1
O=C(NCC(Oc1ccc2c(cnn2-c2ccnc(N3CCOCC3)n2)c1)c1ccc2c(c1)OCCO2)c1ccncc1
c1ccc(-c2cccc(-n3ncc4cc(OCc5ccc6c(c5)CCC6N5CCCC5)ccc43)c2)nc1
O=C(Cc1cccs1)NCC(Oc1ccc2c(cnn2-c2ccn3nccc3n2)c1)c1ccc2c(c1)OCCO2
O=C(Cc1ccccc1)NCC(Oc1ccc2c(cnn2-c2ccccn2)c1)c1ccc2c(c1)OCCO2
O=C(NCC(Oc1ccc2c(cnn2-c2cnn(C3CCCCC3)c2)c1)c1ccc2c(c1)OCCO2)c1ccccc1
O=C(NCC(Oc1ccc2c(cnn2-c2ncccn2)c1)c1ccc2c(c1)OCCO2)c1cnn2ccccc12
O=C(NCC(Oc1ccc2c(cnn2-c2cnc3c(c2)CCNC3)c1)c1ccc2c(c1)CCC2)c1cc2ccccc2[nH]1
N=c1[nH]ccc2ncc(-n3ncc4cc(OC(CNC(=O)Cc5cccs5)c5ccc6c(c5)OCCO6)ccc43)cc12
O=C(NCC(Oc1ccc2c(cnn2-c2ncccn2)c1)c1ccc2c(c1)OCCCO2)c1cnco1
O=C(NCC(Oc1ccc2c(cnn2-c2ncnc3c2ccn3-c2ccccn2)c1)c1ccccc1)C1CCC1
O=C(NCC(Oc1ccc2c(cnn2-c2cc(-c3ccon3)ccn2)c1)c1ccc2c(c1)OCCCO2)c1ccnnc1
O=C(Cc1ccccn1)NCC(Oc1ccc2c(cnn2-c2ccc3[nH]ncc3c2)c1)c1ccc2c(c1)CCN(C1CCOCC1)CC2
O=C1CCC(C(=O)NCC(Oc2ccc3c(cnn3-c3ccccc3)c2)c2ccccc2)CN1
O=C(NCC(Oc1ccc2c(cnn2-c2ccc3[nH]ncc3c2)c1)c1ccc2c(c1)OCCO2)c1cccs1
O=C(NCC(Oc1ccc2c(cnn2-c2ccc3c(c2)CCO3)c1)c1ccc2c(c1)OCCO2)c1cnn2c1CCCC2
O=C(NCC(Oc1ccc2c(cnn2-c2ccc3nncn3c2)c1)c1ccc(C2CC2)nc1)c1cnc[nH]1
O=C(NCC(Oc1ccc2c(cnn2-c2cccc3c2cnn3-c2cn[nH]c2)c1)c1ccc2c(c1)OCCO2)c1ccnc2ccccc12
O=C(NCC(Oc1ccc2c(cnn2-c2cnn(-c3cn[nH]c3)c2)c1)c1ccc2c(c1)OCCO2)c1cscn1
O=C(NCC(Oc1ccc2c(cnn2-c2cn[nH]c2)c1)c1ccc2c(c1)OCCO2)c1nccc2ccccc12
O=C(NCC(Oc1ccc2c(cnn2-c2cncc(-n3ncc4ccncc4c3=O)c2)c1)c1ccc2c(c1)OCCO2)c1cscn1
O=C(NCC(Oc1ccc2c(cnn2-c2ncnc3c2CCC3)c1)c1cccnc1)C1COCCO1
O=C(NCC(Oc1ccc2c(cnn2-c2cn[nH]c2)c1)c1ccccc1)c1cccnc1
O=C(NC1(C(=O)NCC(Oc2ccc3c(cnn3-c3cncc4ccccc34)c2)c2ccccc2)CCCCC1)c1cnn2cccnc12
O=C(NCC(Oc1ccc2c(cnn2-c2cccc(C3CC3)n2)c1)c1ccccn1)c1cccnc1
O=C(NCC(Oc1ccc2c(cnn2-c2ccccc2-c2ncn[nH]2)c1)c1cccnc1)c1ccn[nH]1
O=C(NCC(Oc1ccc2c(cnn2-c2ncnc3c2CCC3)c1)c1ccc2c(c1)OCCO2)c1ccccc1
O=C(NCC(Oc1ccc2c(cnn2-c2nc(C3CC3)nc3[nH]ccc23)c1)c1cccnc1)C1CCCOC1
O=C(NCC(Oc1ccc2c(cnn2-c2cnn(-c3ccccc3)c2)c1)c1ccc2c(c1)OCO2)c1cccnc1
O=C(NCC(Oc1ccc2c(cnn2-c2cnccn2)c1)c1ccc2ccccc2c1)c1cccs1
O=C(NCC(Oc1ccc2c(cnn2-c2nccc3c2cnn3-c2ccccn2)c1)c1ccc2c(c1)OCCO2)c1cscn1
O=C(NCC(Oc1ccc2c(cnn2-c2ccccn2)c1)c1ccccc1)c1cnco1
O=C(NCC(Oc1ccc2c(cnn2-c2ncnc3c2CCC3)c1)c1ccc2c(c1)OCC2)c1cccnc1
O=C(NCC(Oc1ccc2c(cnn2-c2cnc(-c3cccnc3)cn2)c1)c1ccc2c(c1)OCCO2)c1cccnc1
O=C(NCC(Oc1ccc2c(cnn2-c2cc(C3CC3)n[nH]2)c1)c1ccc2c(c1)OCCO2)c1cccnc1
N=c1nc(-n2ncc3cc(OC(CNC(=O)c4cnccn4)c4ccc5ccccc5c4)ccc32)cc[nH]1
O=C(NCC(Oc1ccc2c(cnn2-c2cc(C3CC3)ncn2)c1)c1ccccc1)c1cc2ccccc2s1
O=C(c1ccccc1)N1CCc2cc(COc3ccc4c(cnn4-c4cccnc4)c3)ccc2C1
O=C(NCC(Oc1ccc2c(cnn2-c2ccc(-c3cc[nH]n3)nn2)c1)c1ccc2c(c1)OCCCO2)c1ccn[nH]1
O=C(NCC(Oc1ccc2c(cnn2-c2nc(=O)o[nH]2)c1)c1ccncc1)c1ccoc1
O=C(NCC(Oc1ccc2c(cnn2-c2nn[nH]n2)c1)c1ccc2c(c1)OCCCO2)c1cncs1
O=C(NCC(Oc1ccc2c(cnn2-c2ccccc2)c1)c1ccc2c(c1)OCCO2)c1cnn(-c2ccccc2)n1
O=C(NCC(Oc1ccc2c(cnn2-c2cnc3c(c2)SCC3)c1)c1ccccc1)c1cn2ccccn2c1=O
O=C(NCC(Oc1ccc2c(cnn2-c2nnco2)c1)c1ccc2c(c1)CCO2)c1ccccc1
O=C(NCC(Oc1ccc2c(cnn2-c2nc3cccnc3[nH]2)c1)c1ccc2c(c1)OCCO2)c1csnn1
O=C(NCC(Oc1ccc2c(cnn2-c2ncccn2)c1)c1ccc2c(c1)OCCO2)C1CCC1
O=C(NCC(Oc1ccc2c(cnn2-c2nncc3ccccc23)c1)c1ccc2c(c1)OCCO2)c1ccno1
O=C(NCC(Oc1ccc2c(cnn2-c2ccccc2-c2ccncn2)c1)c1ccc2c(c1)CCC2)C1CCCNC1
O=C(NCC(Oc1ccc2c(cnn2-c2cccc(-c3cnccn3)c2)c1)c1ccccc1)c1ccsc1
O=C(NC1CCOCC1)c1cccc(-n2ncc3cc(OC(CNC(=O)c4cnn5cccnc45)c4ccccc4)ccc32)c1
O=C(NCC(Oc1ccc2c(cnn2-c2ccn[nH]2)c1)c1ccccc1)c1ccco1
O=C(CC1CCC1)NCC(Oc1ccc2c(cnn2-c2ccc(-n3cccn3)cn2)c1)c1ccc2c(c1)OCCO2
O=C(NCC(Oc1ccc2c(cnn2-c2ccccc2)c1)c1ccccc1)c1ccsc1
O=C(NCC(Oc1ccc2c(cnn2-c2cnc3c(cnn3C3CCCC3)c2)c1)c1ccc2c(c1)OCCO2)c1cccc(N2CCOCC2)c1
c1ccc(-n2ncc3cc(OCc4ccc5c(c4)OCCCO5)ccc32)cc1
O=C(NCC(Oc1ccc2c(cnn2-c2ccc3[nH]ncc3c2)c1)c1ccc2c(c1)OCCO2)c1cnn2cccnc12
O=C(NCC(Oc1ccc2c(cnn2-c2ccc3oncc3c2)c1)c1ccccc1)c1cocn1
O=C(NCC(Oc1ccc2c(cnn2-c2ccn[nH]2)c1)c1ccccc1)c1ccncc1
c1cc(CN2CCc3cc(COc4ccc5c(cnn5-c5ncnc6ccsc56)c4)ccc3C2)ccn1
O=C(NCC(Oc1ccc2c(cnn2-c2ccn(CC3CCC3)n2)c1)c1ccc2c(c1)OCCO2)C1CCCOC1
O=C(NCC(Oc1ccc2c(cnn2-c2nccc3c2CCNC3=O)c1)c1ccc2c(c1)CCC2)c1ccn[nH]1
O=C(NCC(Oc1ccc2c(cnn2-c2cccnn2)c1)c1ccc2c(c1)CCC2)c1ccc2c(c1)OCCC2
O=C(NCC(Oc1ccc2c(cnn2-c2cncc(N3CCC3)n2)c1)c1ccc2c(c1)OCCO2)C1CCC1
O=C(NCC(Oc1ccc2c(cnn2-c2nnco2)c1)c1ccc2c(c1)OCCO2)C1CCOCC1
N=c1cc2c(-n3ncc4cc(OC(CNC(=O)c5ccco5)c5ccc6c(c5)OCCO6)ccc43)ncnc2c[nH]1
O=C(NCC(Oc1ccc2c(cnn2-c2nccc3c2CCNC3)c1)c1ccncc1)C1CCCNC1
O=C(NCC(Oc1ccc2c(cnn2-c2cc3c(cn2)[nH]c2ccccc23)c1)c1ccc2c(c1)OCCO2)c1ccccc1
O=C(NCC(Oc1ccc2c(cnn2-c2nc3ccccc3[nH]2)c1)c1ccc2c(c1)OCCO2)c1cccc2ccncc12
N=c1nc(-n2ncc3cc(OC(CNC(=O)C4CCCN4C(=O)COc4ccccc4)c4ccc5c(c4)OCCO5)ccc32)cc[nH]1
O=C(NCC(Oc1ccc2c(cnn2-c2ccc3c(c2)CCNC3)c1)c1ccc2c(c1)OCCO2)c1cnsn1
O=C(NCC(Oc1ccc2c(cnn2-c2ccccc2-c2ccon2)c1)c1ccc2c(c1)OCCO2)c1cccs1
O=C(NCC(Oc1ccc2c(cnn2-c2ncnc3c2CCC3)c1)c1ccc2c(c1)OCCCO2)c1ccc[nH]1
O=C(Cn1cccn1)NCC(Oc1ccc2c(cnn2-c2ncnc3[nH]ccc23)c1)c1ccc2c(c1)OCCO2
O=C(NCC(Oc1ccc2c(cnn2-c2cc[nH]c2)c1)c1ccc2c(c1)OCCO2)c1ccsc1
O=C(NCC(Oc1ccc2c(cnn2-c2ccccn2)c1)c1ccccc1)c1ccsc1
O=C(NCC(Oc1ccc2c(cnn2-c2cnc3ccccn23)c1)c1ccccc1)c1cncs1
O=C(NCC(Oc1ccc2c(cnn2-c2nccc3c2CCNC3)c1)c1ccc2c(c1)CNCC2)c1cnco1
O=C(NCC(Oc1ccc2c(cnn2-c2cc3c(cn2)OCCN3)c1)c1ccc2c(c1)OCCO2)c1ccccc1
O=C(NCC(Oc1ccc2c(cnn2-c2ccn3nccc3c2)c1)c1ccc2c(c1)OCCO2)c1ccn[nH]1
O=C(NCC(Oc1ccc2c(cnn2-c2ccc(C3CCOC4(COC4)C3)nn2)c1)c1ccc2c(c1)OCCO2)C1CCCC1
O=C(Cc1ccno1)NCC(Oc1ccc2c(cnn2-c2cncc(C3CC3)n2)c1)c1ccc2c(c1)OCCO2
O=C(NCC(Oc1ccc2c(cnn2-c2ccccn2)c1)c1ccc2c(c1)OCCCO2)c1cc2ccccc2[nH]1
O=C(NCC(Oc1ccc2c(cnn2-c2cnc3nccn3c2)c1)c1ccccc1)c1ccccn1
O=C(NCC(Oc1ccc2c(cnn2-c2nccn2-c2ccccc2)c1)c1ccc2c(c1)OCCO2)C1CCOCC1
O=C(NCC(Oc1ccc2c(cnn2-c2cccc(N3CCCCC3)n2)c1)c1ccccc1)c1nnco1
O=C(Nc1cccnc1)c1nn[nH]c1-c1ccccc1
O=C(Cn1ccccc1=O)NCC(Oc1ccc2c(cnn2-c2ncnc3[nH]cnc23)c1)c1ccc2c(c1)OCCO2
O=C(NCC(Oc1ccc2c(cnn2-c2ccccn2)c1)c1ccc2c(c1)CCC2)c1cnn2cccnc12
O=C(NCC(Oc1ccc2c(cnn2-c2cnccn2)c1)c1ccccc1)C1CCCCC1
O=C(NCC(Oc1ccc2c(cnn2-c2nccc3ccsc23)c1)c1ccc2ccccc2c1)c1cncnc1
O=C(NCC(Oc1ccc2c(cnn2-c2ncn[nH]2)c1)c1ccc2c(c1)OCCO2)c1cnn2cnccc12
c1ccc2c(COc3ccc4c(cnn4-c4ccc5nccn5n4)c3)ccnc2c1
O=C(NCC(Oc1ccc2c(cnn2-c2cnn(-c3cccnn3)c2)c1)c1ccccc1)c1ccoc1
O=C(NCC(Oc1ccc2c(cnn2-c2nccnc2N2CCOCC2)c1)c1ccc2c(c1)OCCO2)c1cocn1
O=C(CCCc1cccnc1)NCC(Oc1ccc2c(cnn2-c2cn(-c3ccccc3)nn2)c1)c1ccc2c(c1)OCCO2
O=C(NCC(Oc1ccc2c(cnn2-c2nnc[nH]2)c1)c1ccc2c(c1)OCCO2)c1cccc2ccccc12
O=C(NCC(Oc1ccc2c(cnn2-c2nccc3cccnc23)c1)c1ccc2c(c1)OCCO2)c1ccn[nH]1
O=C(NCC(Oc1ccc2c(cnn2-c2ccnc3c(-n4ccnc4)nccc23)c1)c1ccc2c(c1)OCCO2)c1cccc2ccoc12
O=C(NCC(Oc1ccc2c(cnn2-c2ccccn2)c1)c1ccc2c(c1)OCCCO2)C1Cc2ccccc2CN1
O=C(NCC(Oc1ccc2c(cnn2-c2ccsc2)c1)c1ccc2c(c1)CCC2)c1cncs1
O=C(NCC(Oc1ccc2c(cnn2-c2ccccc2)c1)c1ccnc(-c2cn[nH]c2)c1)c1ccno1
c1cc2ccn(-c3ccc(-n4ncc5cc(OCc6ccc7c(c6)OCCO7)ccc54)nn3)c2cn1
c1ccc(-n2ncc3ccccc32)cc1
O=C(NCC(Oc1ccc2c(cnn2-c2nccc3c2cnn3-c2ccccn2)c1)c1ccc2c(c1)CCO2)c1cccs1
O=C(NCC(Oc1ccc2c(cnn2-c2ncnc3c2CCC3)c1)c1ccc2c(c1)OCCO2)c1ccon1
O=C(Cc1ccsc1)NCC(Oc1ccc2c(cnn2-c2cnc3cnccc3c2)c1)c1ccc2c(c1)OCCO2
O=C(NCC(Oc1ccc2c(cnn2-c2nn[nH]n2)c1)c1ccc2c(c1)OCCO2)C1CCCCC1
O=C(NCC(Oc1ccc2c(cnn2-c2cnn(-c3ccccc3)c2)c1)c1cccs1)C1CCCO1
N=c1nc(-n2ncc3cc(OC(CNC(=O)c4csnn4)c4ccccc4)ccc32)[nH][nH]1
O=C(NCC(Oc1ccc2c(cnn2-c2cc3ccn(-c4cnccn4)c3cn2)c1)c1ccccc1)c1cocn1
O=C(NCC(Oc1ccc2c(cnn2-c2cccnc2)c1)c1ccc2c(c1)OCCO2)c1cnoc1
O=C(NCC(Oc1ccc2c(cnn2-c2ccccc2-c2ccncn2)c1)c1ccncc1)C1CCCCC1
c1cnc2ncc(-n3ncc4cc(OCc5ccc6c(c5)OCCO6)ccc43)cc2c1
O=C(NCC(Oc1ccc2c(cnn2-c2cccnc2)c1)c1ccc2c(c1)OCCCO2)c1ccncc1
O=C(NCC(Oc1ccc2c(cnn2-c2cc3c(cn2)CCC3)c1)c1ccc2c(c1)CCC2)c1nc[nH]n1
O=C(NCC(Oc1ccc2c(cnn2-c2cccc3c2cnn3-c2ccccc2)c1)c1ccccc1)c1nccs1
O=C(NCC(Oc1ccc2c(cnn2-c2nccc3ncccc23)c1)c1ccc2c(c1)CCO2)c1[nH]nc2c1CCC2
O=C(NCC(Oc1ccc2c(cnn2-c2cccc3cnn(C4CC4)c23)c1)c1ccoc1)c1cnccn1
O=C(NCC(Oc1ccc2c(cnn2-c2ncno2)c1)c1ccc2c(c1)OCCO2)c1cocn1
c1cc(CN2Cc3ccc(COc4ccc5c(cnn5-c5ccncc5)c4)cc3C2)ccn1
O=c1cc[nH]c2cc(-n3cccn3)ccc12
O=C(NCC(Oc1ccc2c(cnn2-c2cnc3c(c2)OCCN3)c1)c1cccnc1)C1CCCCC1
O=C(NCC(Oc1ccc2c(cnn2-c2ncnc3c2CCC3)c1)c1ccccc1)c1ccccc1
O=C(NCC(Oc1ccc2c(cnn2-c2ncnc3c2CCC3)c1)c1ccc2c(c1)OCCO2)c1cccs1
O=C(NCC(Oc1ccc2c(cnn2-c2ccc3ccccc3n2)c1)c1ccc2c(c1)OCCCO2)C1CCOC1
O=C(CCc1ccccc1-c1cncnc1)Nc1ccc2c(c1)CCC2
O=C(NCC(Oc1ccc2c(cnn2-c2cc(-n3cccn3)ccn2)c1)c1ccc2ccccc2c1)c1cn[nH]c1
O=C(NCC(Oc1ccc2c(cnn2-c2cc(-c3cccc4cc[nH]c34)cc(N3CCOCC3)n2)c1)c1ccc2c(c1)OCCO2)C1CCCN1
O=C(CCc1ccccc1)NCC(Oc1ccc2c(cnn2-c2cnsc2)c1)c1ccccc1
O=C(NCC(Oc1ccc2c(cnn2-c2cccnn2)c1)c1ccc2c(c1)OCCCO2)c1cccnc1
O=C(NCC(Oc1ccc2c(cnn2-c2ccc3c(c2)CCN(Cc2cscn2)C3)c1)c1ccc2c(c1)CCO2)C1COCCO1
O=C(NCC(Oc1ccc2c(cnn2-c2nncs2)c1)c1ccc2c(c1)OCCCO2)c1ccco1
O=C(NCC(Oc1ccc2c(cnn2-c2nncc3ccoc23)c1)c1ccccc1)c1cnccn1
O=C(NCC(Oc1ccc2c(cnn2-c2cc[nH]c(=Nc3ccccc3)n2)c1)c1ccc2c(c1)OCCO2)c1cnccn1
O=C(NCC(Oc1ccc2c(cnn2-c2nc3ccccc3o2)c1)c1ccc2c(c1)OCCO2)c1ccccc1
O=C(NCC(Oc1ccc2c(cnn2-c2ccccc2)c1)c1ccccc1)c1cnn2cccnc12
O=C(NCC(Oc1ccc2c(cnn2-c2ccc3nc[nH]c3n2)c1)c1ccc2c(c1)OCCO2)c1cccnn1
O=C(NCC(Oc1ccc2c(cnn2-c2ccccn2)c1)c1ccccc1)c1cc(-c2ccccc2)sn1
c1ncc(-n2ncc3cc(OCc4ccc5occc5c4)ccc32)cn1
O=C(NCC(Oc1ccc2c(cnn2-c2cccc3c2cnn3-c2ccccc2)c1)c1ccc2c(c1)CCO2)c1cncs1
O=C(Cc1ccccc1)NCC(Oc1ccc2c(cnn2-c2ccccc2)c1)c1cncnc1
O=C(NC1(C(=O)NCC(Oc2ccc3c(cnn3-c3cnccn3)c2)c2ccccc2)CCCCC1)c1cncnc1
O=C(NCC(Oc1ccc2c(cnn2-c2ncccc2-c2ccccn2)c1)c1ccc2c(c1)OCCCO2)c1cnco1
O=C(NCC(Oc1ccc2c(cnn2-c2cc3c(cn2)CCNCC3)c1)c1ccc2c(c1)OCCO2)c1csnn1
O=C(NCC(Oc1ccc2c(cnn2-c2cccc(C3CCC3)n2)c1)c1ccccc1)c1cccnn1
O=C(NCC(Oc1ccc2c(cnn2-c2cccc(-n3ccnn3)c2)c1)c1ccc2occc2c1)C1CCCOC1
O=C(NCC(Oc1ccc2c(cnn2-c2ccccc2-c2nccs2)c1)c1ccccc1)c1csnn1
O=C(CNCc1ccccc1)NCC(Oc1ccc2c(cnn2-c2cccnn2)c1)c1ccc2c(c1)OCCO2
O=C(NCC(Oc1ccc2c(cnn2-c2nccc3cn[nH]c23)c1)c1ccc2c(c1)OCCO2)c1ncc[nH]1
O=C(NCC(Oc1ccc2c(cnn2-c2nccc3ccccc23)c1)c1ccc2c(c1)OCCO2)c1cnoc1
O=C(NCC(Oc1ccc2c(cnn2-c2ncnc3c2CCC3)c1)c1cccnc1)c1cn[nH]c1
O=C(NCC(Oc1ccc2c(cnn2-c2nnc3ccccn23)c1)c1ccc2c(c1)CCO2)c1ccccc1
O=C(NCC(Oc1ccc2c(cnn2-c2nncs2)c1)c1ccc2c(c1)OCC2)C1CCC1
O=C(NCC(Oc1ccc2c(cnn2-c2n[nH]c3cccnc23)c1)c1ccc2c(c1)OCCO2)c1cnccn1
O=C(NCC(Oc1ccc2c(cnn2-c2cncnc2)c1)c1ccccc1)c1cnc2ccccn12
O=C(NCC(Oc1ccc2c(cnn2-c2cnc3c(n2)CCC3)c1)c1ccc2c(c1)OCCO2)c1cncc2ccccc12
O=C(NCC(Oc1ccc2c(cnn2-c2cccc3[nH]ccc23)c1)c1ccc2c(c1)OCCO2)C1CCC1
O=C(NCC(Oc1ccc2c(cnn2-c2ncnc3c2CCC3)c1)c1ccccc1)c1nccs1
O=C(NCC(Oc1ccc2c(cnn2-c2ncon2)c1)c1ccc2c(c1)OCCO2)c1ncn2ccccc12
O=C(C1CCNC1)N1CCOc2cc(COc3ccc4c(cnn4-c4cn[nH]c4)c3)ccc21
c1cc(-n2nccc2-n2ncc3cc(OCc4ccc5c(c4)OCCO5)ccc32)ccn1
O=C(NCC(Oc1ccc2c(cnn2-c2ncnc3c2CCCC3)c1)c1ccccc1)c1cccc2cnccc12
O=C(NCC(Oc1ccc2c(cnn2-c2ccccc2)c1)c1ccc2c(c1)CCC2)c1cc2ccncn2c1
O=C(Cc1ccccc1)NCC(Oc1ccc2c(cnn2-c2cnn(CC3CO3)c2)c1)c1ccc2c(c1)OCCO2
O=C(NCC(Oc1ccc2c(cnn2-c2ccccc2)c1)c1ccc2c(c1)OCCO2)c1ccco1
O=C1CCC(C(=O)NCC(Oc2ccc3c(cnn3-c3ncnc4c3CCC4)c2)c2ccccc2)CC1
O=C(NCC(Oc1ccc2c(cnn2-c2ccc3cccnc3n2)c1)c1ccc2c(c1)OCCO2)c1ccn[nH]1
O=C(NCC(Oc1ccc2c(cnn2-c2cnc3scnn3c2=O)c1)c1ccc2c(c1)OCCO2)c1cccnc1
O=C(NCC(Oc1cc2cnn(-c3ccc4c(c3)CCCC4)c2cn1)c1ccccc1)C1CCCN1
O=C(NCC(Oc1ccc2c(cnn2-c2ccccc2-c2ccnnc2)c1)c1ccc2c(c1)OCCO2)C1CCC1
O=C(NCC(Oc1ccc2c(cnn2-c2ccnc3cncn23)c1)c1ccc2c(c1)OCCO2)c1cnco1
c1ccc2c(COc3ccc4c(cnn4-c4cnc5ccccc5n4)c3)cccc2c1
c1cc(-n2ncc3cc(OCc4ccc5c(c4)OCCO5)ccc32)nc(N2CCCC2)n1
c1cc(-n2ncc3cc(OCc4ccc5c(c4)OCC5)ccc32)co1
O=C(NCC(Oc1ccc2c(cnn2-c2ccn[nH]2)c1)c1ccccc1)c1ccon1
O=C(NCC(Oc1ccc2c(cnn2-c2cccnn2)c1)c1ccccc1)C1CCNCC1
O=C(NCC(Oc1ccc2c(cnn2-c2nccc3c2CNC3)c1)c1ccc2c(c1)CCO2)c1cc2ccncc2s1
O=C(NCC(Oc1ccc2c(cnn2-c2cc3c(cn2)CNCC3)c1)c1ccc2c(c1)OCCO2)c1cccc2ccncc12
O=C(Cc1ccccc1)NCC(Oc1ccc2c(cnn2-c2cn[nH]c2)c1)c1ccc2c(c1)OCCCO2
O=C(NCC(Oc1ccc2c(cnn2-c2cn[nH]n2)c1)c1ccc2c(c1)OCCO2)c1ccccc1
O=C(NCC(Oc1ccc2c(cnn2-c2cc3ccccc3cn2)c1)c1ccc2c(c1)OCCO2)c1ccn[nH]1
O=C(NCC(Oc1ccc2c(cnn2-c2nccc3c2CCN(Cc2cncnc2)C3)c1)c1ccccc1)c1ccno1
O=C(NCC(Oc1ccc2c(cnn2-c2ccc3cnc(N4CCOCC4)nc3c2)c1)c1ccc2c(c1)OCCO2)C1CCCCC1
O=C(NCC(Oc1ccc2c(cnn2-c2ccccc2)c1)c1ccc2c(c1)CCC2)C1CCC1
O=C(NCC(Oc1ccc2c(cnn2-c2ccncn2)c1)c1ccc2c(c1)OCCO2)c1ccccc1
c1ccc(-n2ncc3ccccc32)cc1
O=C(NCC(Oc1ccc2c(cnn2-c2cccnn2)c1)c1ccc2c(c1)CNCC2)C1CCCCC1
O=C(NCC(Oc1ccc2c(cnn2-c2ncc3ccccc3n2)c1)c1ccc2c(c1)OCCCO2)c1cnoc1
O=C1OCc2c1ccc1ccc(-c3cccnc3)nc21
c1ccc(Oc2cc3[nH]c(COc4ccc5c(cnn5-c5ccccc5)c4)nc3cn2)cc1
O=C(NCC(Oc1ccc2c(cnn2-c2ccccc2)c1)c1ccc2c(c1)OCCCO2)c1cnccn1
O=C(NCC(Oc1ccc2c(cnn2-c2nc3cncnc3[nH]2)c1)c1ccccc1)c1cnco1
O=C(Cc1ccccc1)NCC(Oc1ccc2c(cnn2-c2ccccc2-c2ccccn2)c1)c1ccccc1
O=C(NCC(Oc1ccc2c(cnn2-c2ccc3oc(=O)ccc3c2)c1)c1ccc2c(c1)OCCO2)c1nccs1
O=C(NCC(Oc1ccc2c(cnn2-c2cnn(-c3ccccc3)n2)c1)c1ccco1)c1cnoc1
O=C(NCC(Oc1ccc2c(cnn2-c2nccc3ccccc23)c1)c1ccccc1)c1ccccn1
O=C(NCC(Oc1ccc2c(cnn2-c2cnc3nc(N4CCOCC4)ccc3n2)c1)c1ccc2c(c1)OCCO2)c1ccn[nH]1
O=C(NCC(Oc1ccc2c(cnn2-c2ncnn2-c2ccccc2)c1)c1ccccc1)C1COc2ccccc2C1
O=C(NCC(Oc1ccc2c(cnn2-c2cnc3c(c2)CCN(C2CCC2)CC3)c1)c1ccc2c(c1)OCCO2)c1cnoc1
O=C(NCC(Oc1ccc2c(cnn2-c2nccc3c2cnn3-c2cocn2)c1)c1ccccn1)c1ccn[nH]1
c1ccc(-n2ncc3cc(OCc4ccc5c(c4)OCCCO5)ccc32)nc1
c1cc2c(cc1COc1ccc3c(cnn3-c3cn[nH]c3)c1)OCCCO2
c1ccc(Cc2ccc3c(c2)CCCC3)cc1
c1cnnc(-n2ncc3cc(OCc4ccc5c(c4)CCC5)ccc32)c1
O=C(Cn1ccc(-c2ccccc2)n1)NCC(Oc1ccc2c(cnn2-c2ccncn2)c1)c1ccc2c(c1)OCCO2
O=C(NCC(Oc1ccc2c(cnn2-c2cccnn2)c1)c1ccccc1)c1cccnc1
O=C(NCC(Oc1ccc2c(cnn2-c2ccccc2-c2ncccn2)c1)c1ccccc1)c1ccncc1
O=C(NCC(Oc1ccc2c(cnn2-c2ccc3nncn3n2)c1)c1ccc2ccccc2c1)C1COCCO1
O=C(NCC(Oc1ccc2c(cnn2-c2cccc(N3CCNCC3)n2)c1)c1ccccc1)c1cnc(-c2ccncc2)s1
O=C(NCC(Oc1ccc2c(cnn2-c2cnc3[nH]ccc3n2)c1)c1ccc2c(c1)OCCCO2)c1cocn1
O=C(NCC(Oc1ccc2c(cnn2-c2cccnc2-c2ncco2)c1)c1ccc2c(c1)OCCO2)C1CCCC1
O=C(NCC(Oc1ccc2c(cnn2-c2[nH]nc3cccnc23)c1)c1ccccc1)c1cnoc1
c1ccc(-c2ccc(-n3ncc4cc(OCc5ccc6c(c5)OCCO6)ccc43)cc2)cc1
O=C(NCC(Oc1ccc2c(cnn2-c2ncnc3cc[nH]c23)c1)c1ccccc1)c1ccn[nH]1
O=C(NCC(Oc1ccc2c(cnn2-c2cccnc2)c1)c1ccc2c(c1)OCCO2)c1cnn(-c2ccccn2)c1
O=C(NCC(Oc1ccc2c(cnn2-c2ccccc2-c2cc[nH]c2)c1)c1ccccc1)c1cscn1
O=C(NCC(Oc1ccc2c(cnn2-c2cnc3ccncc3c2)c1)c1ccc2c(c1)OCCO2)c1ccccc1
O=C(NCC(Oc1ccc2c(cnn2-c2cnc3cnccc3n2)c1)c1ccccc1)c1ccccc1
O=C(NCC(Oc1ccc2c(cnn2-c2nccc(-c3cccs3)n2)c1)c1ccc2c(c1)OCCO2)c1cccc2cnccc12
O=C(NCC(Oc1ccc2c(cnn2-c2ncc3ccc(C4CC4)nc3n2)c1)c1ccccc1)c1ccn[nH]1
O=C(NCC(Oc1ccc2c(cnn2-c2ccc(-c3ccccn3)cc2)c1)c1ccccc1)C1COC1
c1cc(COc2ccc3c(cnn3-c3ccc4c(c3)CCC4)c2)[nH]n1
N=c1nc(-n2ncc3cc(OC(CNC(=O)c4ccoc4)c4ccc5c(c4)OCCO5)ccc32)nc(N2CCOCC2)[nH]1
O=C(NCC(Oc1ccc2c(cnn2-c2ccon2)c1)c1ccc2c(c1)CCO2)c1coc2ccccc12
O=C(NCC(Oc1ccc2c(cnn2-c2ccn3cncc3c2)c1)c1ccc2c(c1)OCCO2)c1cncnc1
O=C(Cc1ccccc1)NCC(Oc1ccc2c(cnn2-c2ccn[nH]2)c1)c1ccc2c(c1)OCCO2
c1ccc(-c2ncc(-n3ncc4cc(OCc5ccc6c(c5)OCCO6)ccc43)nn2)cc1
O=C(NCC(Oc1ccc2c(cnn2-c2ccnn2-c2ccccc2)c1)c1ccc2c(c1)OCO2)c1ccnnc1
c1ccc(Cn2cc(-c3ccc4c(c3)CCCN4)c3ccccc32)cc1
O=C(NCC(Oc1ccc2c(cnn2-c2ccccc2-c2ncccn2)c1)c1ccccc1)c1ccncc1
O=C(NCC(Oc1ccc2c(cnn2-c2cn[nH]c(=O)c2)c1)c1ccc2c(c1)OCCO2)c1cccc2[nH]ncc12
O=C(NCC(Oc1ccc2c(cnn2-c2ccnnc2)c1)c1ccccc1)c1cccc2cccnc12
O=C(NCC(Oc1ccc2c(cnn2-c2ncccn2)c1)c1ccc2c(c1)CCC2)c1cncs1
O=C(NCC(Oc1ccc2c(cnn2-c2ccccn2)c1)c1ccc2c(c1)OCCO2)C1CCCCC1
O=C(NCC(Oc1ccc2c(cnn2-c2nccc3c2CCC3)c1)c1ccc2c(c1)OCCO2)c1cocn1
O=C(NCC(Oc1ccc2c(cnn2-c2ccccn2)c1)c1ccc2c(c1)OCCO2)c1cncnc1
O=C(NCC(Oc1ccc2c(cnn2-c2cnc3ncncc3c2)c1)c1ccccc1)c1cscn1
O=C(NCC(Oc1ccc2c(cnn2-c2ccccc2-c2nn[nH]n2)c1)c1ccc2ccccc2c1)c1ccccc1
c1cc2c(cc1COc1ccc3c(cnn3-c3ccc4c(c3)CCC4)c1)OCCO2
O=C(NCC(Oc1ccc2c(cnn2-c2cc(N3CCOCC3)ncn2)c1)c1ccc2c(c1)CCC2)C1CCC1
c1cc2cnc(-n3ncc4cc(OCc5ccc6c(c5)OCCO6)ccc43)nc2cn1
O=C(NCC(Oc1ccc2c(cnn2-c2cc(-c3ccoc3)ccn2)c1)c1ccc2c(c1)OCCO2)C1CCC1
O=C(NCC(Oc1ccc2c(cnn2-c2cccc3ccsc23)c1)c1ccc2c(c1)OCCO2)c1cnoc1
c1cc2c(cc1COc1ccc3c(cnn3-c3ccc4nonc4c3)c1)OCC2
O=C(NCC(Oc1ccc2c(cnn2-c2nccc(C3CCCC3)n2)c1)c1ccccc1)c1cnc[nH]1
O=C(NCC(Oc1ccc2c(cnn2-c2nnc3ccccn23)c1)c1ccc2c(c1)OCCO2)Nc1ccccc1
O=C(NCC(Oc1ccc2c(cnn2-c2nnc3ccccn23)c1)c1ccccc1)c1c[nH]cn1
O=C(NCC(Oc1ccc2c(cnn2-c2cccc3[nH]ccc23)c1)c1ccnc2ccccc12)c1ccnnc1
O=C(NCC(Oc1ccc2c(cnn2-c2cncc(-n3cccn3)c2)c1)c1ccc2c(c1)OCCO2)c1cncnc1
O=C(NCC(Oc1ccc2c(cnn2-c2nccc3c2CCN(Cc2ccccc2)C3)c1)c1ccc2c(c1)OCCCO2)c1ccco1
O=C(Cc1ccccc1)NCC(Oc1ccc2c(cnn2-c2cnc3n(c2=O)CCCC3)c1)c1ccc2c(c1)CCC2
O=C(NCC(Oc1ccc2c(cnn2-c2ccc3c(c2)CCCC3)c1)c1ccc2c(c1)OCCO2)c1cncnc1
N=c1nc(-n2ncc3cc(OCc4ccc5c(c4)OCCN5)ccc32)[nH]o1
O=C(Cc1ccccc1)NCC(Oc1ccc2c(cnn2-c2cnc3n[nH]cc3c2)c1)c1ccc2c(c1)OCCO2
O=C(NCC(Oc1ccc2c(cnn2-c2nccc3ocnc23)c1)c1ccncc1)c1cnoc1
O=C(NCC(Oc1ccc2c(cnn2-c2ccccc2)c1)c1ccc2c(c1)CCC2)C1COCCO1
O=C(NCC(Oc1ccc2c(cnn2-c2ccc3nncn3c2)c1)c1cccnc1)c1csnn1
O=C(Cc1ccsc1)NCC(Oc1ccc2c(cnn2-c2cccc(-c3c[nH]c4ccccc34)c2)c1)c1ccc2c(c1)OCCO2
O=C(NCC(Oc1ccc2c(cnn2-c2cccc(-c3cccc4[nH]ncc34)c2)c1)c1ccc2c(c1)OCOC2)C1CCCCC1
O=C(NCC(Oc1ccc2c(cnn2-c2coc3cc(-c4cccnc4)cnc23)c1)c1ccccc1)c1ccoc1
O=C(NCC(Oc1ccc2c(cnn2-c2cnn(-c3cnn(C4COC4)c3)c2)c1)c1ccc2c(c1)OCCO2)C1CCCOC1
O=C(NCC(Oc1ccc2c(cnn2-c2ccon2)c1)c1ccc2c(c1)OCCCO2)c1cncs1
O=C(NCC(Oc1ccc2c(cnn2-c2cccc(C3CC3)n2)c1)c1ccc2c(c1)OCCO2)c1cn[nH]c1
O=C(Cn1ccccc1=O)NCC(Oc1ccc2c(cnn2-c2cn[nH]c2)c1)c1ccc2c(c1)OCCO2
O=C(NCC(Oc1ccc2c(cnn2-c2c[nH]nn2)c1)c1ccc2c(c1)OCCO2)c1cocn1
O=C(NCC(Oc1ccc2c(cnn2-c2cnc3[nH]ncc3n2)c1)c1ccc2c(c1)OCCO2)c1c[nH]cn1
N=c1[nH]cc(C2CC2)nc1-n1ncc2cc(OC(CNC(=O)c3cnco3)c3ccc4c(c3)OCCO4)ccc21
O=C(NCC(Oc1ccc2c(cnn2-c2nccc3ccnn23)c1)c1ccc2c(c1)OCCO2)c1ccnnc1
c1cc(-n2ncc3cc(OCc4ccc5c(c4)OCCCO5)ccc32)[nH]n1
O=C(Cc1cn(-c2cnc(-c3cccnc3)nc2)c2ccccc12)NS(=O)(=O)c1ccccc1
c1cc(COc2ccc3c(cnn3-c3cccnn3)c2)cc(N2CCCCC2)c1
O=C(NCC(Oc1ccc2c(cnn2-c2ncn(-c3ccccc3)n2)c1)c1cc2ccccc2o1)C1CCC1
O=C(NCC(Oc1ccc2c(cnn2-c2cccnn2)c1)c1ccc2c(c1)OCCO2)c1cccc2[nH]ncc12
c1ccc(-c2cc(COc3ccc4c(cnn4-c4ccncn4)c3)ccn2)cc1
O=C(Cc1ccccc1)NCC(Oc1ccc2c(cnn2-c2cccc3cn[nH]c23)c1)c1ccc2c(c1)OCCCO2
O=C(NCC(Oc1ccc2c(cnn2-c2ncnc3[nH]cnc23)c1)c1ccsc1)c1ccn[nH]1
N=c1nc(-n2ncc3cc(OC(CNC(=O)c4cc5ccccc5[nH]4)c4ccc5c(c4)OCCO5)ccc32)cc[nH]1
O=C(NCC(Oc1ccc2c(cnn2-c2nccc3c2CCN(C(=O)c2ccccc2)C3)c1)c1ccccc1)c1cccnn1
O=C(NCC(Oc1ccc2c(cnn2-c2nnc[nH]2)c1)c1ccccc1)c1cscn1
O=C(Cc1ccccc1)NCC(Oc1ccc2c(cnn2-c2ccnn2-c2ccccc2)c1)c1ccc2c(c1)OCCO2
O=C(NCC(Oc1ccc2c(cnn2-c2ccn[nH]2)c1)c1ccc2c(c1)CCO2)c1ccccc1
O=C(NCC(Oc1ccc2c(cnn2-c2ccc3c(c2)CCNC3)c1)c1ccccc1)c1nnc2ccccn12
O=C(NCC(Oc1ccc2c(cnn2-c2cc(-n3nccn3)ccn2)c1)c1ccc2c(c1)OCCO2)c1ccn[nH]1
O=C(NCC(Oc1ccc2c(cnn2-c2ccc(-c3ccc4ccccc4n3)cc2)c1)c1ccc2c(c1)OCCO2)C1CCCNC1
c1ccc(-n2ncc3ncc(-n4cccn4)cc32)cc1
O=C(NCC(Oc1ccc2c(cnn2-c2ccc3c(c2)CCO3)c1)c1ccc2c(c1)OCCO2)C1CCC1
O=C(NCC(Oc1ccc2c(cnn2-c2cccc(-n3ccnc3)c2)c1)c1ccccn1)c1ccccn1
O=C(NCC(Oc1ccc2c(cnn2-c2nnc(-c3ccco3)[nH]2)c1)c1ccc2c(c1)OCCCO2)c1ccncc1
O=C(NCC(Oc1ccc2c(cnn2-c2cnc3cnn(-c4cncnc4)c3c2)c1)c1ccc2c(c1)OCCO2)c1ccccc1
O=C(NCC(Oc1ccc2c(cnn2-c2ncnc3c2CCCC3)c1)c1ccc2c(c1)OCCN2Cc1ccccn1)C1CCCO1
O=C(NCC(Oc1ccc2c(cnn2-c2cccc(N3CCNCC3)n2)c1)c1ccc2c(c1)OCCO2)c1cccs1
O=C(NCC(Oc1ccc2c(cnn2-c2nncs2)c1)c1ccc2c(c1)CCC2)c1cnccn1
O=C(NCC(Oc1ccc2c(cnn2-c2c[nH]c3cccnc23)c1)c1ccccc1)C1CCC1
O=C(NCC(Oc1ccc2c(cnn2-c2ncc(C3CC3)cn2)c1)c1ccc2c(c1)OCCO2)c1ccccc1
O=C(Cc1ccccc1)NCC(Oc1ccc2c(cnn2-c2cnc3ncnn3c2)c1)c1ccc2c(c1)OCCO2
O=C(NCC(Oc1ccc2c(cnn2-c2cnn(-c3ccccn3)c2)c1)c1ccccc1)C1CC1
O=C(Cn1ccc2ccccc21)NCC(Oc1ccc2c(cnn2-c2nccnn2)c1)c1ccc2c(c1)OCCCO2
O=C(NCC(Oc1ccc2c(cnn2-c2ccccc2-c2ccncn2)c1)c1ccc2c(c1)OCCO2)c1ccco1
O=C(COc1ccccc1)NCC(Oc1ccc2c(cnn2-c2cncc(-c3ccccc3)c2)c1)c1ccc2c(c1)CCO2
O=C(NCC(Oc1ccc2c(cnn2-c2cccc(-n3cncc4cncc3-4)c2)c1)c1ccccc1)c1cccnc1
O=C(NCC(Oc1ccc2c(cnn2-c2cn(CCC3CNc4ncccc43)nn2)c1)c1ccc2c(c1)OCCCO2)c1cccnc1
O=C(NCC(Oc1ccc2c(cnn2-c2cc(-c3ccccc3)no2)c1)c1ccc2c(c1)OCCO2)c1cccs1
O=C(NCC(Oc1ccc2c(cnn2-c2ccccc2)c1)c1ccc2c(c1)OCCO2)c1cnoc1
O=C(NCC(Oc1ccc2c(cnn2-c2cccc(N3CCCC3)n2)c1)c1ccccc1)c1ccno1
O=C(CCc1ccccc1)NCC(Oc1ccc2c(cnn2-c2ccc(-c3ccncc3)cn2)c1)c1ccc2c(c1)OCCO2
O=C(NCC(Oc1ccc2c(cnn2-c2ccsc2)c1)c1ccc2c(c1)OCCO2)c1csnn1
O=C(NCC(Oc1ccc2c(cnn2-c2cnnc3ccccc23)c1)c1ccc2ncccc2c1)c1ccccc1
O=C(NCC(Oc1ccc2c(cnn2-c2ccccc2)c1)c1ccc2c(c1)CCC2)c1cnc2sccn2c1=O
O=C(NCC(Oc1ccc2c(cnn2-c2ccncc2)c1)c1ccccc1)c1ccncc1
O=C(Cc1ccccc1)NCC(Oc1ccc2c(cnn2-c2n[nH]c3ccccc23)c1)c1ccc2c(c1)OCCCO2
c1ccc(-n2nccc2-n2ncc3cc(OCc4ccc5c(c4)OCCO5)ccc32)cc1
c1nc(-n2ncc3cc(OCc4ccc5c(c4)CCNCC5)ccc32)c2nc[nH]c2n1
O=C(NCC(Oc1ccc2c(c1)ncn2-c1ccnn1-c1ccccc1)c1ccccc1)c1ccoc1
O=C(NCC(Oc1ccc2c(cnn2-c2cncc3[nH]ccc23)c1)c1ccc2c(c1)OCCO2)c1ccccc1
O=C(NCC(Oc1ccc2c(cnn2-c2cnc3c(n2)CCC3)c1)c1ccc2c(c1)OCCO2)c1ccncc1
O=C(Cc1ccccc1)NCC(Oc1ccc2c(cnn2-c2nccc3ccccc23)c1)c1ccc2c(c1)OCCO2
O=C(NCC(Oc1ccc2c(cnn2-c2ccc3c(ccn3Cc3ccccc3)c2)c1)c1ccc2c(c1)OCCO2)c1ccccc1
O=C(NCC(Oc1ccc2c(cnn2-c2cnn(CCC3CCCC3)c2)c1)c1ccc2c(c1)OCCO2)c1ccccc1
O=C(NCC(Oc1ccc2c(cnn2-c2cccnc2)c1)c1ccccc1)c1ccn(-c2ccccc2)n1
O=C(CCCN1CCOCC1)NCC(Oc1ccc2c(cnn2-c2no[nH]c2=O)c1)c1ccc2c(c1)OCCO2
O=C(NCC(Oc1ccc2c(cnn2-c2ccncn2)c1)c1ccc2c(c1)OCCCO2)c1cc2cnccc2o1
O=C(NCC(Oc1ccc2c(cnn2-c2cnn[nH]2)c1)c1ccccc1)c1csnn1
O=C(NC1(C(=O)NCC(Oc2ccc3c(cnn3-c3ccccc3)c2)c2ccc3c(c2)OCCO3)CCC1)c1nc[nH]n1
c1cc(-c2ccnc(N3CCCC3)n2)c2ncn(-c3ccc(C4CC4)nc3)c2c1
O=C1CCC(C(=O)NCC(Oc2ccc3c(cnn3-c3nccc4cc[nH]c34)c2)c2ccccc2)CN1
O=C(Cn1nc(-c2ccccc2)ccc1=O)NCC(Oc1ccc2c(cnn2-c2ccc3c(c2)OCCO3)c1)c1ccc2c(c1)OCCO2
O=C(NCC(Oc1ccc2c(cnn2-c2nc3ccccc3[nH]2)c1)c1ccncc1)c1ccon1
O=C(NCC(Oc1ccc2c(cnn2-c2cc[nH]c(=NCC3CC3)n2)c1)c1cnco1)c1csnn1
O=C(NCC(Oc1ccc2c(cnn2-c2ccccc2)c1)c1ccc2c(c1)CCC2)c1ncn2c1NCCC2
O=C(NCC(Oc1ccc2c(cnn2-c2ccc(=O)[nH]n2)c1)c1ccccc1)c1cscn1
O=C(NCC(Oc1ccc2c(cnn2-c2cnc3ccncc3c2)c1)c1ccc2c(c1)OCCO2)c1cccc2[nH]ccc12
O=C(NCC(Oc1ccc2c(cnn2-c2ccc3c(c2)OCC3)c1)c1ccc2c(c1)OCCO2)c1coc2ccccc12
O=C(NCC(Oc1ccc2c(cnn2-c2cccc(N3CCCNCC3)n2)c1)c1ccc2c(c1)OCCO2)c1cc[nH]n1
O=C(Cc1ccc(-n2cncn2)cc1)NCC(Oc1ccc2c(cnn2-c2cccc(N3CCOCC3)n2)c1)c1ccc2c(c1)CCO2
O=C(NCC(Oc1ccc2c(cnn2-c2ccccn2)c1)c1ccc2c(c1)CCO2)C1CCCCC1
O=C(NCC(Oc1ccc2c(cnn2-c2ccc3nccn3c2)c1)c1ccc2c(c1)CCO2)c1cnco1
O=C(NCC(Oc1ccc2c(cnn2-c2nccs2)c1)c1ccc2ccccc2n1)c1cnoc1
O=C(NCC(Oc1ccc2c(cnn2-c2ncnc3c2CCC32CCOCC2)c1)c1ccc2c(c1)OCCCO2)c1cccnc1
O=C(NCC(Oc1ccc2c(cnn2-c2ccccc2)c1)c1ccc2c(c1)OCCO2)C1CCC1
O=C(NCC(Oc1ccc2c(cnn2-c2cnc3cnccc3c2)c1)c1ccc2c(c1)CCC2)c1cnc(-c2ccccc2)s1
O=C(NCC(Oc1ccc2c(cnn2-c2n[nH]c3ncc(-c4cn[nH]c4)cc23)c1)c1ccccc1)C1CCCNC1
O=C(NCC(Oc1ccc2c(cnn2-c2cccnn2)c1)c1ccc2c(c1)OCCO2)c1cnc2ccccn12
O=C(NCC(Oc1ccc2c(cnn2-c2ccccc2)c1)c1ccc2c(c1)OCCO2)c1ccc2ccccn12
O=c1cc(Nc2ccc3c(c2)CCC3)[nH]c(=O)[nH]1
c1nc(-n2ncc3cc(OCc4ccc5c(c4)OCCO5)ccc32)c2cnn(C3CCCC3)c2n1
c1cc2ncc(-n3ncc4cc(OCc5ccc6c(c5)OCCO6)ccc43)nc2cn1
O=C(NCC(Oc1ccc2c(cnn2-c2ccccn2)c1)c1ccccc1)c1ccc(-n2cncn2)s1
O=C(NCC(Oc1ccc2c(cnn2-c2cc3c(cn2)CCC3)c1)c1ccccc1)c1cocn1
O=C(NCC(Oc1ccc2c(cnn2-c2cncc(-c3ccccn3)c2)c1)c1cccnc1)c1cnco1
O=C(NCC(Oc1ccc2c(cnn2-c2ccc(-c3nccs3)cn2)c1)c1ccc2c(c1)OCCC2)c1ccccc1
O=C(NCC(Oc1ccc2c(cnn2-c2cccnc2-c2ccoc2)c1)c1ccc2c(c1)OCCO2)c1ccncc1
O=C(NCC(Oc1ccc2c(cnn2-c2nccc3cnoc23)c1)c1ccc2c(c1)OCCCO2)c1ccn[nH]1
O=C(NCC(Oc1ccc2c(cnn2-c2ccccc2-c2ccccn2)c1)c1ccccc1)c1cnc[nH]1
O=C(NCC(Oc1ccc2c(cnn2-c2ccccn2)c1)c1ccccc1)c1cccc(-n2nccn2)c1
O=C(NCC(Oc1ccc2c(cnn2-c2ccnnc2)c1)c1ccc2c(c1)CCO2)c1ccccc1
O=C(NCC(Oc1ccc2c(cnn2-c2cccnn2)c1)c1ccc2c(c1)OCC2)c1ccn[nH]1
O=C(NCC(Oc1ccc2c(cnn2-c2ccnn2-c2cccnc2)c1)c1ccccc1)c1ccoc1
O=C(NCC(Oc1ccc2c(cnn2-c2cc(-c3cccnc3)ccn2)c1)c1ccc2c(c1)OCCO2)c1cc[nH]n1
O=C(NCC(Oc1ccc2c(cnn2-c2ccc3c(c2)=CCCC=3)c1)c1ccc2c(c1)OCCO2)c1ccsc1
O=C(NCC(Oc1ccc2c(cnn2-c2ccc3cn4ccnc4cc3c2)c1)c1ccc2c(c1)OCCCO2)c1ccsc1
O=C(NCC(Oc1ccc2c(cnn2-c2cc[nH]n2)c1)c1ccc2c(c1)CCO2)c1cnc2ccccn12
O=C(Cc1ccsc1)NCC(Oc1ccc2c(cnn2-c2cc[nH]n2)c1)c1ccc2c(c1)OCCN2
O=C(NCC(Oc1ccc2c(cnn2-c2cccc(C3COC3)n2)c1)c1ccc2c(c1)OCCO2)c1cnoc1
O=C(NCC(Oc1ccc2c(cnn2-c2cccc(-n3cccn3)c2)c1)c1ccc2c(c1)OCCO2)c1cnn[nH]1
O=C(NC1(c2cccnc2)CCCN(C(=O)c2cccc3ncccc23)C1)c1cccnc1
O=C(NCC(Oc1ccc2c(cnn2-c2cnc3[nH]ncc3c2)c1)c1ccc2c(c1)OCCO2)Nc1ccccc1
N=c1nc(-n2ncc3cc(OC(CNC(=O)c4ccc5nccn5c4)c4ccc5c(c4)OCCO5)ccc32)cc[nH]1
O=C(NCC(Oc1ccc2c(cnn2-c2cnc3n(c2=O)CCN(C2CCC2)C3)c1)c1ccc2c(c1)OCCO2)C1COCCO1
O=C(NCC(Oc1ccc2c(cnn2-c2cnc3[nH]cnc3c2)c1)c1ccc2c(c1)OCCO2)c1ccccc1
O=C(NCC(Oc1ccc2c(cnn2-c2cncc(-c3cnn(C4CC4)c3)c2)c1)c1ccc2c(c1)CCO2)C1CCCCN1
O=C(NCC(Oc1ccc2c(cnn2-c2ccc(CC3CC3)cn2)c1)c1ccccc1)c1cccs1
O=C(NCC(Oc1ccc2c(cnn2-c2ccccc2)c1)c1ccc2c(c1)OCCCO2)c1ccco1
O=C(NCC(Oc1ccc2c(cnn2-c2ccc3c(c2)CCN(Cc2cccnc2)C3)c1)c1ccccc1)c1nnco1
O=C(NCC(Oc1ccc2c(cnn2-c2nccc3ncnn23)c1)c1ccccc1)C1CCCN1
O=C(NCC(Oc1ccc2c(cnn2-c2cncc(-n3ccnc3)c2)c1)c1ccc2c(c1)OCCO2)c1cccnc1
O=C(NCC(Oc1ccc2c(cnn2-c2cccc(-c3cscn3)n2)c1)c1ccc2c(c1)OCCO2)c1ccn[nH]1
O=C(NCC(Oc1ccc2c(cnn2-c2cccnc2)c1)c1ccccc1)C1CCNCC1
O=C(NCC(Oc1ccc2c(cnn2-c2cc3cnccc3cn2)c1)c1ccc2c(c1)COC2)C1CCOCC1
c1ccc2[nH]ccc2c1
O=C(NCC(Oc1ccc2c(cnn2-c2cccc(-c3cocn3)c2)c1)c1ccccc1)C1CCNCC1
O=C(NCC(Oc1ccc2c(cnn2-c2cnc3c(c2)CCCN3)c1)c1ccc2c(c1)CNC2)C1CCCOC1
O=C(NCC(Oc1ccc2c(cnn2-c2nccc3c2CNC3=O)c1)c1ccc2c(c1)OCCO2)c1cscn1
c1cc(-n2ncc3cc(OCc4ccc5[nH]ccc5c4)ccc32)ncn1
O=C(NCC(Oc1ccc2c(cnn2-c2ncnc3ccccc23)c1)c1ccc2c(c1)OCCO2)c1cc2ccccc2o1
O=C(NCC(Oc1ccc2c(cnn2-c2cnccn2)c1)c1ccc2c(c1)OCCO2)c1ccn(-c2ccccc2)c1
N=c1[nH]oc2cc(-n3ncc4cc(OC(CNC(=O)CCc5ccc6c(c5)OCCO6)c5ccc6c(c5)OCCO6)ccc43)ccc12
c1ccc(-c2nnc(-n3ncc4cc(OCc5ccc6c(c5)OCCO6)ccc43)o2)cc1
O=C(NCC(Oc1ccc2c(cnn2-c2c[nH]nn2)c1)c1ccccc1)c1ccon1
O=C(NCC(Oc1ccc2c(cnn2-c2cn[nH]c2)c1)c1ccc2c(c1)OCCO2)c1ccco1
O=C(NCC(Oc1ccc2c(cnn2-c2cccc(N3CCCNCC3)n2)c1)c1ccc2c(c1)OCCO2)c1cnco1
c1cc(-c2ccsc2)c2cnc(-n3ncc4cc(OCc5ccc6c(c5)OCCO6)ccc43)nc2n1
c1cc(-n2ncc3cc(OCc4ccc5c(c4)OCCN5)ccc32)nc(N2CCCC2)n1
c1ccc(CN2CCc3cc(COc4ccc5c(cnn5-c5cc[nH]n5)c4)ccc3C2)cc1
O=C(NCC(Oc1ccc2c(cnn2-c2ccccn2)c1)c1ccccc1)c1ccoc1
c1ccc(COc2ccc3c(cnn3-c3ccccn3)c2)cc1
O=C(NCC(Oc1ccc2c(cnn2-c2ccn[nH]2)c1)c1ccccc1)C1CC1
O=C(NCC(Oc1ccc2c(cnn2-c2cccc(-c3cccs3)n2)c1)c1ccc2c(c1)OCCO2)C1CCC1
O=C1C=CC2C(=C1)CCC1C3CCC(CCCc4ccccc4)C3CC(=O)C21
O=C(NCC(Oc1ccc2c(cnn2-c2ccccc2)c1)c1ccc2c(c1)OCCO2)c1cn[nH]c1
O=C(NCC(Oc1ccc2c(cnn2-c2cnc3ncccn23)c1)c1ccc2c(c1)OCCO2)c1ccc2cnsc2c1
O=C(NCC(Oc1ccc2c(cnn2-c2ccccn2)c1)c1ccc2c(c1)OCCO2)c1cc[nH]n1
O=C(NCC(Oc1ccc2c(cnn2-c2cc(-c3cn[nH]c3)n[nH]2)c1)c1ccc2c(c1)OCCO2)C1CCCNC1
N=c1c(-n2ncc3cc(OC(CNC(=O)c4ccnnc4)c4ccccc4)ccc32)cnc2[nH]c(-c3ccco3)nn12
O=C(NCC(Oc1ccc2c(cnn2-c2cnn(C3CCOC3)c2)c1)c1ccc2c(c1)OCCO2)c1cnn2c1CCCC2
O=C(NCC(Oc1ccc2c(cnn2-c2ccccn2)c1)c1ccc2c(c1)OCCO2)c1ccsc1
O=C(NCC(Oc1ccc2c(cnn2-c2ccnn2-c2ccccc2)c1)c1ccccc1)c1cccs1
O=C(NCC(Oc1ccc2c(cnn2-c2ccccc2-c2cnc[nH]2)c1)c1ccccc1)c1cnc[nH]1
c1ccc(CCNc2cccc3c2cnn3-c2cccnc2)nc1
O=C(NCC(Oc1ccc2c(cnn2-c2cncnc2)c1)c1ccccc1)C1CCC1
O=C(NCC(Oc1ccc2c(cnn2-c2nc(C3CC3)no2)c1)c1ccc2c(c1)OCCO2)c1ccno1
O=C(NCC(Oc1ccc2c(cnn2-c2cnccn2)c1)c1ccc2c(c1)OCCO2)c1ccc[nH]1
O=C(NCC(Oc1ccc2c(cnn2-c2ccc3ccccc3n2)c1)c1ccccc1)c1cncnc1
O=C(Cc1ccccn1)NCC(Oc1ccc2c(cnn2-c2cnccn2)c1)c1ccc2c(c1)OCCO2
O=C(CCc1ccc2ccccc2c1)NCC(=O)NCC(=O)c1nccs1
O=C(NCC(Oc1ccc2c(cnn2-c2cc3n(n2)CCOCC3)c1)c1ccc2c(c1)OCCCO2)C1CCC1
O=C(NCC(Oc1ccc2c(cnn2-c2ccncn2)c1)c1ccccc1)c1nccs1
O=C(NCC(Oc1ccc2c(cnn2-c2cnc3occc3c2)c1)c1ccc2c(c1)OCCO2)c1cnoc1
O=C(NCC(Oc1ccc2c(cnn2-c2ccc3c(c2)CCCC3)c1)c1cncnc1)c1ccccn1
O=C(NCC(Oc1ccc2c(cnn2-c2ncnc3c2CCC3)c1)c1ccno1)c1ncccn1
O=C(NCC(Oc1ccc2c(cnn2-c2cc3ccncc3cn2)c1)c1ccc2c(c1)OCCO2)c1ccccc1
O=C(NCC(Oc1ccc2c(cnn2-c2ccc3cnccc3c2)c1)c1ccc2c(c1)CCCO2)c1cscn1
O=C(NCC(Oc1ccc2c(cnn2-c2ccc3cn[nH]c3c2)c1)c1ccc2c(c1)OCCO2)c1cnoc1
O=C(NCC(Oc1ccc2c(cnn2-c2ccnnc2)c1)c1ccc2c(c1)OCCO2)c1ncn2c1CCC2
O=C(NCC(Oc1ccc2c(cnn2-c2ccccc2)c1)c1ccc2c(c1)OCCO2)C1CC2CCCC2c2ccccc21
O=C(NCC(Oc1ccc2c(cnn2-c2ccc3ncccc3c2)c1)c1ccc2c(c1)COC2)C1CCC1
O=C(NCC(Oc1ccc2c(cnn2-c2cc3c(cn2)CNCC3)c1)c1ccccc1)c1ccccn1
O=C(NCC(Oc1ccc2c(cnn2-c2nc3ccncc3[nH]2)c1)c1ccccn1)c1ccccc1
O=C(NCC(Oc1ccc2c(cnn2-c2cccc(N3CCNCC3)c2)c1)c1ccccc1)c1ccnc2nn[nH]c12
O=C(NCC(Oc1ccc2c(cnn2-c2ccccc2C2CC2)c1)c1ccccc1)c1csnn1
O=C(NCC(Oc1ccc2c(cnn2-c2ccncc2-c2ncco2)c1)c1ccccc1)c1cnc[nH]1
O=C(NCC(Oc1ccc2c(cnn2-c2ccc(-c3ncc[nH]3)cc2)c1)c1ccccc1)c1ccn[nH]1
O=C(NCC(Oc1ccc2c(cnn2-c2cnc3ccccn23)c1)c1ccccc1)c1c[nH]nn1
O=C(NCC(Oc1ccc2c(cnn2-c2ccc3c[nH]nc3c2)c1)c1ccccc1)C1CCC1
O=C(C=Cc1ccccc1)c1cccs1
O=C(NCC(Oc1ccc2c(cnn2-c2cc3nccn3cn2)c1)c1ccc2c(c1)OCCO2)c1cccnc1
O=C(NCC(Oc1ccc2c(cnn2-c2cccc3[nH]ncc23)c1)c1ccccc1)c1coc2ccccc2c1=O
O=C(Cc1ccccc1)NCC(Oc1ccc2c(cnn2-c2ccc3c(cnn3-c3ccccc3)c2)c1)c1ccco1
O=C(NCC(Oc1ccc2c(cnn2-c2cccc3[nH]cc(C=NCc4ccco4)c23)c1)c1ccc2c(c1)OCCO2)c1ccsc1
O=C(NCC(Oc1ccc2c(cnn2-c2ccccn2)c1)c1ccc2c(c1)CCC2)c1ccco1
c1ccc(CC(Oc2ccc3c(cnn3-c3ccccc3)c2)c2ccc3c(c2)OCCO3)cc1
O=C(NCC(Oc1ccc2c(cnn2-c2cncc(-n3ccnc3)n2)c1)c1ccccc1)C1CCCCC1
O=C(NCC(Oc1ccc2c(cnn2-c2cnn(C3COC3)c2)c1)c1ccc2c(c1)OCCO2)c1ccncc1
O=C(NCC(Oc1ccc2c(cnn2-c2cn[nH]c2)c1)c1ccc2c(c1)OCC2)c1cccc2cc[nH]c12
O=C(NCC(Oc1ccc2c(cnn2-c2cc3cncnc3[nH]2)c1)c1ccc2c(c1)OCCO2)c1ccn[nH]1
c1csc(COc2ccc3c(cnn3-c3cc(-c4ncc[nH]4)no3)c2)c1
O=C(NCC(Oc1ccc2c(cnn2-c2nc3ccccc3[nH]2)c1)c1ccc2c(c1)OCCO2)c1ccc[nH]c1=O
c1cc(NCC2CCC2)c2c(c1)cnn2-c1ccn[nH]1
O=C(NC(Cc1ccccc1)C(CNC(=O)C1CC1)Oc1cccc2[nH]ncc12)c1ccccc1
O=C(NCC(Oc1ccc2c(cnn2-c2ccc3c(c2)CCCC3)c1)c1ccc2c(c1)CCC2)c1ccoc1
O=C(NCC(Oc1ccc2c(cnn2-c2ccccn2)c1)c1ccc2c(c1)OCCO2)c1cnoc1
c1ccn2c(-n3ncc4cc(OCc5ccc6c(c5)OCCCO6)ccc43)nnc2c1
O=C(NCC(Oc1ccc2c(cnn2-c2cc3c(cn2)CNCC3)c1)c1ccc2c(c1)CCO2)c1cnoc1
O=C(NCC(Oc1ccc2c(cnn2-c2cn(-c3ccccc3)nn2)c1)c1ccc2c(c1)OCCO2)C1(c2ccccc2)CC1
O=C(NCC(Oc1ccc2c(cnn2-c2cc(N3CCNCC3)ncn2)c1)c1ccccc1)c1csc2ccccc12
c1ccc(-n2ncc3cc(OCc4ccc5c(c4)OCCO5)ccc32)c(-c2ccncc2)c1
O=C(NCC(Oc1ccc2c(cnn2-c2ncccn2)c1)c1ccoc1)c1cc2ccccc2o1
O=C(NCC(Oc1ccc2c(cnn2-c2cccnc2)c1)c1ccccc1)c1cncs1
O=C(NCC(Oc1ccc2c(cnn2-c2ccc3ncnn3c2)c1)c1ccco1)c1cccnn1
O=C(NCC(Oc1ccc2c(cnn2-c2ccccc2-c2ncn[nH]2)c1)c1ccccc1)C1COCCO1
O=C(Cc1csc2ccccc12)NCC(Oc1ccc2c(cnn2-c2cccnn2)c1)c1ccc2c(c1)OCCO2
O=C(NCC(Oc1ccc2c(cnn2-c2cccc3nccnc23)c1)c1ccc2c(c1)OCCO2)c1cncnc1
O=C(NCC(Oc1ccc2c(cnn2-c2nncc3ccccc23)c1)c1ccc2c(c1)OCCO2)C1CCCCC1
O=C(NCC(Oc1ccc2c(cnn2-c2cnc3nc(N4CCOCC4)ncc3c2)c1)c1ccc2c(c1)OCCO2)c1nncc2ccccc12
O=C(NCC(Oc1ccn(-c2ccc(N3CCOCC3)nc2)c2ncc-2c1)c1cccnc1)C1CC1
c1ccc(-n2ncc3cc(OCc4ccc5c(c4)CCC5N4CCNCC4)ccc32)cc1
N=c1nc[nH]c2ccc(-n3ncc4cc(OC(CNC(=O)c5ccsc5)c5ccc6c(c5)OCCO6)ccc43)cc12
O=C(NCC(Oc1ccc2c(cnn2-c2ccc3[nH]ncc3c2)c1)c1ccc2c(c1)CCC2)c1ccc2c(c1)OCCO2
O=C(NCC(Oc1ccc2c(cnn2-c2ccccc2-c2ncccn2)c1)c1ccccc1)C1CCCOC1
O=C(NCC(Oc1ccc2c(cnn2-c2ccn[nH]2)c1)c1ccc2c(c1)OCCO2)c1ccccc1
O=C(NCC(Oc1ccc2c(cnn2-c2cccc(N3CCNCC3)n2)c1)c1ccccc1)c1ccc2c(c1)OCCO2
O=C(NCC(Oc1ccc2c(cnn2-c2nccc3ccccc23)c1)c1ccc2c(c1)OCCO2)c1cnoc1
O=C(NCC(Oc1ccc2c(cnn2-c2ccccc2)c1)c1ccccc1)C1COc2ccccc2C1
c1ccc(Nc2ccc3c(cnn3-c3cccc(N4CCNCC4)n3)c2)cc1
O=C(NCC(Oc1ccc2c(cnn2-c2nccc3c2CCNCC3)c1)c1ccccc1)c1cccnc1
O=C(NCC(Oc1ccc2c(cnn2-c2ccncn2)c1)c1ccc2c(c1)OCCCO2)c1nn[nH]n1
O=C(Cc1cncnc1)NCC(Oc1ccc2c(cnn2-c2ccn3ccnc3c2)c1)c1ccc2c(c1)OCCO2
O=C(NCC(Oc1ccc2c(cnn2-c2cn3cnnc3cn2)c1)c1ccccc1)c1cnco1
O=C(NCC(Oc1ccc2c(cnn2-c2cncc(-c3cccnn3)c2)c1)c1ccccc1)c1ccsc1
O=C(NCC(Oc1ccc2c(cnn2-c2ccc(-c3cscn3)cc2)c1)c1ccc2c(c1)OCCO2)c1ccn[nH]1
O=C(NCC(Oc1ccc2c(cnn2-c2cnc3[nH]ccc3n2)c1)c1ccncc1)c1cocn1
O=C(NCC(Oc1ccc2c(cnn2-c2cnc3nc(N4CCOCC4)cnc3c2)c1)c1ccc2c(c1)OCCO2)C1CNC1
O=C(NCC(Oc1ccc2c(cnn2-c2cccnc2)c1)c1ccc2c(c1)CCC2)c1ccco1
O=C(NCC(Oc1ccc2c(cnn2-c2cc3ccoc3cn2)c1)c1ccc2c(c1)CCCO2)c1cnccn1
O=C(NCC(Oc1ccc2c(cnn2-c2ccnc(N3CCNCC3)n2)c1)c1ccc2c(c1)CCO2)c1ccco1
O=C(Cn1cccn1)NCC(Oc1ccc2c(cnn2-c2cccc(-n3ccnn3)c2)c1)c1ccc2c(c1)OCCO2
O=C(NCC(Oc1ccc2c(cnn2-c2ccccn2)c1)c1ccc2c(c1)CCC2)c1cccnn1
O=C(NCC(Oc1ccc2c(cnn2-c2ccnc(C3CC3)n2)c1)c1ccc2c(c1)CCC2)c1ccc2ccccc2c1
O=C(NCC(Oc1ccc2c(cnn2-c2cccc(-c3ccccc3)c2)c1)c1ccccc1)c1cscn1
c1cncc(-c2nnc(-n3ncc4cc(OCc5ccc6c(c5)OCCN6)ccc43)o2)c1
O=C(NCC(Oc1ccc2c(cnn2-c2nccs2)c1)c1ccccc1)c1conn1
c1ccc2c(c1)c(-n1ncc3cc(OCc4ccc5c(c4)COC5)ccc31)cn2-c1cnccn1
O=C(NCC(Oc1ccc2c(cnn2-c2nccc3c2cnn3-c2ccccc2)c1)c1ccccc1)c1nccs1
O=C(NCC(Oc1ccc2c(cnn2-c2cnc3cccnc3n2)c1)c1ccc2c(c1)OCCCO2)c1ccccc1
O=C(NCC(Oc1ccc2c(cnn2-c2cn[nH]c2)c1)c1ccc2c(c1)OCCO2)c1cnco1
c1cc2cc(-n3ncc4cc(OCc5ccc6c(c5)OCCO6)ccc43)ccc2o1
O=C(NCC(Oc1ccc2c(cnn2-c2cncc(C3CCC3)n2)c1)c1ccccc1)c1ncc[nH]1
O=C(CCc1ccccc1)NCC(Oc1ccc2c(cnn2-c2nnnn2-c2ccccc2)c1)c1ccc2c(c1)CCC2
O=C(NCC(Oc1ccc2c(cnn2-c2cccnn2)c1)c1ccccc1)C1CCCO1
O=C(NCC(Oc1ccc2c(cnn2-c2ccc3[nH]ccc3c2)c1)c1ccc2c(c1)OCCO2)c1ccoc1
O=C(NCC(Oc1ccc2c(cnn2-c2cncnc2)c1)c1ccccc1)c1cncs1
c1nc(C2CC2)cc(-n2ncc3cc(OCc4ccc5c(c4)OCCO5)ccc32)n1
O=C(NCC(Oc1ccc2c(cnn2-c2ccccn2)c1)c1ccc2c(c1)OCCO2)c1ncn2cccnc12
O=C(Cc1coc2ccccc12)NCC(Oc1ccc2c(cnn2-c2ncnc3ccccc23)c1)c1ccc2c(c1)OCCO2
O=C(NCC(Oc1ccc2c(cnn2-c2c[nH]nn2)c1)c1ccccc1)c1cnns1
O=C(NCC(Oc1ccc2c(cnn2-c2c[nH]cn2)c1)c1ccc2c(c1)OCCO2)c1cc2ccccc2[nH]1
O=C(NCC(Oc1ccc2c(cnn2-c2nccc3cncn23)c1)c1ccc2c(c1)OCCO2)c1cc2ccccc2o1
O=C(NCC(Oc1ccc2c(cnn2-c2cc3c(N4CCOCC4)cccc3cn2)c1)c1ccc2c(c1)OCCO2)c1ccco1
O=C(NCC(Oc1ccc2c(cnn2-c2[nH]ncc2-c2cccnn2)c1)c1ccc2c(c1)CCC2)c1ccn[nH]1
O=c1c(-n2ncc3cc(OCc4ccc5c(c4)CCC5)ccc32)cnc2n1CCCN2
O=C(CCc1ccccc1)NCC(Oc1ccc2c(cnn2-c2ccn[nH]2)c1)c1ccc2c(c1)OCCO2
O=C(NCC(Oc1ccc2c(cnn2-c2ccc3c[nH]cc3n2)c1)c1cccnc1)c1cncnc1
O=C(NCC(Oc1ccc2c(cnn2-c2cn[nH]c2)c1)c1ccc2c(c1)OCCCO2)c1cncs1
O=S(=O)(NCC(Oc1ccc2c(cnn2-c2ccccc2)c1)c1ccc2c(c1)OCCO2)c1ccccc1
O=C(NCC(Oc1ccc2c(cnn2-c2ccnc3cccnc23)c1)c1ccc2c(c1)CCO2)c1cnc(-c2ccccc2)s1
O=C(Cc1ccccc1)NCC(Oc1ccc2c(cnn2-c2cnccn2)c1)c1ccc2c(c1)CCO2
N=c1[nH]oc2cc(-n3ncc4cc(OC(CNC(=O)c5ccn[nH]5)c5ccc6c(c5)OCCO6)ccc43)ccc12
O=C(NCC(Oc1ccc2c(cnn2-c2ccnc(C3CC3)n2)c1)c1ccccc1)c1cccnc1
N=c1c(C(=O)NCC(Oc2ccc3c(cnn3-c3ccc4oncc4c3)c2)c2ccc3c(c2)OCCO3)c[nH]n1-c1ccccc1
O=C(CN(Cc1cccnc1)Cc1ccoc1)NCC(Oc1ccc2c(cnn2-c2ccnc3ccccc23)c1)c1ccc2c(c1)OCCCO2
O=C(NCC(Oc1ccc2c(cnn2-c2ccccn2)c1)c1ccc2c(c1)OCCO2)c1cncnc1
O=C(NCC(Oc1ccc2c(cnn2-c2ncc3c(N4CCCCC4)cccc3n2)c1)c1ccc2c(c1)OCCO2)c1nccn2cncc12
O=C(NCC(Oc1ccc2c(cnn2-c2ccccn2)c1)c1ccccc1)c1cc2cccnc2s1
N=c1[nH]oc2ccc(-n3ncc4cc(OC(CNC(=O)c5c[nH]cn5)c5ccccc5)ccc43)cc12
O=C(NCC(Oc1ccc2c(cnn2-c2ccc3c(n2)CCNC3)c1)c1ccc2c(c1)OCCO2)C1CCCN1S(=O)(=O)c1ccccc1
O=C(NCC(Oc1ccc2c(cnn2-c2cccc(-c3cn[nH]c3)c2)c1)c1ccc2c(c1)OCCO2)c1cnccn1
O=C(NCC(Oc1cnc2c(cnn2-c2ccccc2)c1)c1ccc2c(c1)OCCO2)c1cnc2cccnn12
O=C1CCOc2cc(C(CNC(=O)C3CCOCC3)Oc3ccc4c(cnn4-c4ccncn4)c3)ccc21
c1cnc2c(-n3ncc4cc(OCc5ccc6c(c5)OCCO6)ccc43)cnn2c1
O=C(NCC(Oc1ccc2c(cnn2-c2ccc3nc[nH]c3c2)c1)c1ccc2c(c1)OCCO2)c1ccccn1
O=C(NCC(Oc1ccc2c(cnn2-c2cnc3c(cnn3C3CCC3)c2)c1)c1ccc2c(c1)OCCO2)c1ccccc1
O=C(NCC(Oc1ccc2c(cnn2-c2ncnc3c2ncn3C2CCC2)c1)c1ccccc1)c1cnoc1
N=c1nc(-n2ncc3cc(OC(CNC(=O)c4csc5ccccc45)c4ccccc4)ccc32)cc[nH]1
O=C(NCC(Oc1ccc2c(cnn2-c2ccc3ccccc3n2)c1)c1ccc2[nH]ccc2c1)C1CC1
O=C(NCC(Oc1ccc2c(cnn2-c2cncnc2)c1)c1ccc2c(c1)OCCO2)c1cnoc1
O=C(NCC(Oc1ccc2c(cnn2-c2cnc3[nH]ncc3n2)c1)c1ccccc1)c1cnoc1
O=C(NCC(Oc1ccc2c(cnn2-c2nccc3c2CCN(Cc2ccccc2)C3)c1)c1ccc2c(c1)OCCO2)c1cccs1
c1ccc(-n2ncc3cc(OC4CCCc5ccc4cc5)ccc32)nc1
c1ccc(-n2cc(Cc3cccnc3)nn2)cc1
O=C(NCC(Oc1ccc2c(cnn2-c2cc(C3CC3)ncn2)c1)c1ccc2c(c1)OCCO2)c1ccco1
O=C(NCC(Oc1ccc2c(cnn2-c2ncccn2)c1)c1ccc2c(c1)OCCN2Cc1cnc[nH]1)C1CCC1
O=C(NCC(Oc1ccc2c(cnn2-c2ccccc2)c1)c1ccc2c(c1)OCCCO2)C1CCCN1
O=C(NCC(Oc1ccc2c(cnn2-c2cnn(-c3cnccn3)c2)c1)c1ccc2c(c1)OCCO2)C1CCCNC1
O=C(NCC(Oc1ccc2c(cnn2-c2cnc3c(n2)CNCC3)c1)c1ccc2c(c1)OCCO2)c1ccno1
O=C(NCC(Oc1ccc2c(cnn2-c2ccc3ncnn3c2)c1)c1ccc2c(c1)OCCO2)c1ccccc1
O=C(NCC(Oc1ccc2c(cnn2-c2cccc(-c3ncccn3)c2)c1)c1ccc2c(c1)NCCO2)C1CCC1
O=C(NCC(Oc1ccc2c(cnn2-c2ccccc2)c1)c1cncc(-c2cccnc2)c1)C1CC1
O=C(NCC(Oc1ccc2c(cnn2-c2cccnc2)c1)c1ccccc1)c1ccccc1
O=C(NCC(Oc1ccc2c(cnn2-c2cncc(-n3ccnc3)c2)c1)c1ccccn1)c1nccs1
O=C(NCC(Oc1ccc2c(cnn2-c2ccn[nH]2)c1)c1ccc2c(c1)CCO2)c1cnc2ccccc2n1
O=C(NCC(Oc1ccc2c(cnn2-c2ccc3c(c2)COC3)c1)c1ccccc1)c1cnccn1
O=C(NCC(Oc1ccc2c(cnn2-c2ccc3n[nH]cc3c2)c1)c1ccccc1)c1cncs1
O=C(Cc1ccccc1)NCC(Oc1ccc2c(cnn2-c2c[nH]nn2)c1)c1ccc2c(c1)OCCCO2
O=C(NCC(Oc1ccc2c(cnn2-c2nccs2)c1)c1ccc2c(c1)OCCO2)c1cnco1
O=C(NCC(Oc1ccc2c(cnn2-c2cncc3ccccc23)c1)c1ccccc1)c1nccs1
O=C(NCC(Oc1ccc2c(cnn2-c2cccc3c2cnn3-c2ccccn2)c1)c1ccc2c(c1)OCCO2)C1COc2ccccc21
c1nc2c(c(-n3ncc4cc(OCc5ccc6c(c5)CCNC6)ccc43)n1)CCC2
O=C(NCC(Oc1ccc2c(cnn2-c2cnc3ccccn3c2=O)c1)c1ccccc1)C1CCCOC1
O=C(NCC(Oc1ccc2c(cnn2-c2ccn[nH]2)c1)c1ccccc1)c1cocn1
O=C(NCC(Oc1ccc2c(cnn2-c2cccc(-c3cccs3)c2)c1)c1ccccc1)c1cc[nH]c1
O=C(NCC(Oc1ccc2c(cnn2-c2noc3ccccc23)c1)c1ccccc1)c1cnon1
O=C(NCC(Oc1ccc2c(cnn2-c2cccc(-c3cccc4cc[nH]c34)c2)c1)c1ccccc1)c1nccc2ccccc12
c1ccc2ncc(-n3ncc4cc(OCc5ccc6c(c5)OCCO6)ccc43)cc2c1
O=C(NCC(Oc1ccc2c(cnn2-c2nn[nH]n2)c1)c1ccccc1)c1cccc2[nH]ncc12
O=C(NCC(Oc1ccc2c(cnn2-c2ncon2)c1)c1ccccc1)c1cccnc1
O=C(NCC(Oc1ccc2c(cnn2-c2nccc3c2cnn3-c2ncccn2)c1)c1ccc2c(c1)CCC2)c1cccc2ccccc12
c1ccc(-n2ncc3c(NCCc4cccnc4)cccc32)cc1
O=C(NCC(Oc1ccc2c(cnn2-c2nnnn2Cc2ccccc2)c1)c1ccc2c(c1)CCC2)C1CCCOC1
O=C(NCC(Oc1ccc2c(cnn2-c2ccccc2)c1)c1ccc2c(c1)OCCO2)c1cccnn1
N=c1nc(-n2ncc3cc(OC(CNC(=O)c4cnc[nH]4)c4ccc5c(c4)OCCCO5)ccc32)cc[nH]1
c1cc(-n2ncc3cc(OCc4ccnn4-c4ccc5c(c4)CCC5)ccc32)ccn1
O=C(NCC(Oc1ccc2c(cnn2-c2ccn(Cc3ccncc3)n2)c1)c1ccccc1)C1CCCCC1
c1ccc(C(Cc2cccn2-c2ccnc3ccccc23)c2ccccc2)cc1
O=C(NCC(Oc1ccc2c(cnn2-c2cc3c(cn2)CCCC3)c1)c1ccc2c(c1)OCCO2)c1cccnc1
O=C(CCNCc1ccccc1)NCC(Oc1ccc2c(cnn2-c2ccc3c(c2)OCCO3)c1)c1ccc2c(c1)OCCO2
O=C(NCC(Oc1ccc2c(cnn2-c2cncnc2)c1)c1ccccc1)C1CCCN1S(=O)(=O)c1ccns1
O=C(NCC(Oc1ccc2c(cnn2-c2cnn(CN3CCNCC3)c2)c1)c1ccc2c(c1)OCCO2)c1cocn1
O=C(NCC(Oc1ccc2c(cnn2-c2nncs2)c1)c1cccnc1)c1cncs1
O=C(NCC(Oc1ccc2c(cnn2-c2cn[nH]c2)c1)c1ccccc1)c1ccco1
O=C(NCC(Oc1ccc2c(cnn2-c2cncc(-c3cccs3)c2)c1)c1ccccc1)c1ccc[nH]1
c1ccc(C2CCN(c3nccc(-n4ncc5cc(OCc6ccc7c(c6)OCCO7)ccc54)n3)CC2)cc1
O=C(NCC(Oc1ccc2c(cnn2-c2cnc3c(cnn3-c3ccccc3)c2)c1)c1ccc2c(c1)OCCO2)c1ccoc1
O=C(NCC(Oc1ccc2c(cnn2-c2ncnn2-c2ccccc2)c1)c1ccc2c(c1)OCCO2)c1cocn1
O=C(NCC(Oc1ccc2c(cnn2-c2nccc3c2CCNC3)c1)c1ccc2c(c1)OCCO2)c1ncc[nH]1
N=c1nc(-n2ncc3cc(OC(CNC(=O)CCn4cccn4)c4ccc5c(c4)OCCO5)ccc32)cc[nH]1
O=C(NCC(Oc1ccc2c(cnn2-c2ccc3nccn3n2)c1)c1ccc2c(c1)OCCCO2)c1cnccn1
O=C(NCC(Oc1ccc2c(cnn2-c2cnn(-c3cn[nH]c3)c2)c1)c1ccccc1)c1cocn1
O=C(NCC(Oc1ccc2c(cnn2-c2cnc3c(c2)CCn2cncc2-3)c1)c1ccccc1)c1ccn[nH]1
O=C(COCc1ccccc1)NCC(Oc1ccc2c(cnn2-c2cccnc2)c1)c1ccc2c(c1)CCC2
O=C(NCC(Oc1ccc2c(cnn2-c2ncnc3ccccc23)c1)c1ccc2c(c1)CCC2)c1cn[nH]c1
O=C(NCC(Oc1ccc2c(cnn2-c2cnc3ccccn23)c1)c1ccc2c(c1)OCCO2)c1ccn[nH]1
O=C(NCC(Oc1ccc2c(cnn2-c2cnc3c(c2)CCNC3)c1)c1ccc2c(c1)OCC2)c1cc2ccccc2s1
c1cc2cc(COc3ccc4c(cnn4-c4nnco4)c3)ccc2[nH]1
O=C(NCC(Oc1ccc2c(cnn2-c2nccc3ccsc23)c1)c1ccc2c(c1)OCCN2)c1cccs1
O=C(NCC(Oc1ccc2c(cnn2-c2ccncc2)c1)c1ccc2c(c1)OCCCO2)C1CCCCN1
O=C(NCC(Oc1ccc2c(cnn2-c2cc(N3CCCCC3)ncn2)c1)c1ccccc1)c1ccsc1
O=C(NCC(Oc1ccc2c(cnn2-c2ccc3ncsc3c2)c1)c1ccccc1)c1ccccc1
O=C(NCC(Oc1ccc2c(cnn2-c2cccnc2)c1)c1ccc2c(c1)OCCO2)c1cccs1
O=C(NCC(Oc1ccc2c(cnn2-c2cccnc2)c1)c1ccc2c(c1)OCCO2)c1ccc(-n2cccn2)s1
O=C(Cc1cccs1)NCC(Oc1ccc2c(cnn2-c2nnc3ccccn23)c1)c1ccc2c(c1)CCC2
c1ccc2c(-n3ncc4cc(OCc5ccc6c(c5)CCNC6)ccc43)cccc2c1
O=C(NCC(Oc1ccc2c(cnn2-c2ccn[nH]2)c1)c1ccccc1)c1ccoc1
O=C(NCC(Oc1ccc2c(cnn2-c2nccc(-c3cnoc3)n2)c1)c1ccccc1)C1CCC1
O=C(NCC(Oc1ccc2c(cnn2-c2ccccc2-c2nn[nH]n2)c1)c1ccccc1)c1ccccc1
O=C(NCC(Oc1ccc2c(cnn2-c2nccc3c2cnn3-c2ccccc2)c1)c1ccc2c(c1)OCCO2)c1cc[nH]n1
O=C(NCC(Oc1ccc2c(cnn2-c2ncnc3cc[nH]c23)c1)c1ccc2c(c1)OCCO2)c1ccncc1
N=c1[nH]onc1-n1ncc2cc(OC(CNC(=O)c3cc4ccccc4[nH]3)c3ccccc3)ccc21
O=C(NCC(Oc1ccc2c(cnn2-c2cnccn2)c1)c1ccc2c(c1)OCCO2)c1cccnc1
O=C(NCC(Oc1ccc2c(cnn2-c2ccccc2)c1)c1ccc2c(c1)OCCO2)c1ccccc1
O=C(NCC(Oc1ccc2c(cnn2-c2nnc3ccc(-c4ccn[nH]4)nn23)c1)c1ccccc1)c1ccon1
O=C(NCC(Oc1ccc2c(cnn2-c2nccc3c2CNC3)c1)c1ccccc1)c1conn1
O=C(NCC(Oc1ccc2c(cnn2-c2ccc3nc(NC(=O)c4cncs4)cn3n2)c1)c1ccccc1)c1cnc[nH]1
O=C(NCC(Oc1ccc2c(cnn2-c2c[nH]cn2)c1)c1ccccc1)c1ccco1
O=C(NCC(Oc1ccc2c(cnn2-c2ncnc3ccsc23)c1)c1ccc2c(c1)OCCO2)c1ccc2c(c1)OCC2
O=C(NCC(Oc1ccc2c(cnn2-c2nccc3c2CCN(Cc2ccccc2)C3)c1)c1ccc2c(c1)OCCO2)c1nsc2ccccc12
c1ccc(-n2ncc3cc(OCc4ccc5c(c4)CCC5)ccc32)nc1
O=C(NCC(Oc1ccc2c(cnn2-c2ccccc2)c1)c1ccccc1)c1ccon1
c1cnc(-c2ccccc2-n2ncc3cc(OCc4ccc5c(c4)CCC5)ccc32)nc1
O=C(NCC(Oc1ccc2c(cnn2-c2cncc(-n3cccn3)c2)c1)c1ccccc1)c1ccccc1
O=C(NCC(Oc1ccc2c(cnn2-c2cccc3[nH]ncc23)c1)c1ccccc1)c1cnc(-n2cnnc2)s1
O=C(NCC(Oc1ccc2c(cnn2-c2cnc3c(cnn3-c3ccccc3)c2)c1)c1ccc2c(c1)OCCO2)c1ccccc1
O=C1C(=CC=C2CCCC3c4ccccc4CCC23)Nc2ccccc21
O=C(NCC(Oc1ccc2c(cnn2-c2cccc(-c3ccccc3)c2)c1)c1ccc2c(c1)OCCO2)C1CCCCC1
O=C(NCC(Oc1ccc2c(cnn2-c2ccc3ncccc3c2)c1)c1ccc2c(c1)OCCO2)c1cnccn1
O=C(NCC(Oc1ccc2c(cnn2-c2ccc3scnc3c2)c1)c1ccccc1)C1(c2ccccc2)CCOCC1
O=C(CC1CCOCC1)NCC(Oc1ccc2c(cnn2-c2nnc(-c3ccoc3)s2)c1)c1ccc2c(c1)OCC2
O=C(NCC(Oc1ccc2c(cnn2-c2ccnc3ccccc23)c1)c1ccc2c(c1)OCCO2)c1ccn[nH]1
O=C(NCC(Oc1ccc2c(cnn2-c2cc3c(cn2)CNCC3)c1)c1ccc2c(c1)OCCO2)c1ccsc1
O=C(NCC(Oc1ccc2c(cnn2-c2ccccn2)c1)c1ccc2c(c1)OCCO2)c1cscn1
N=c1cc[nH]c(-n2ncc3cc(OC(CNC(=O)c4cccnc4)c4ccc5c(c4)OCCO5)ccc32)n1
O=C(NCC(Oc1ccc2c(cnn2-c2cnc3c(c2)CCNC3)c1)c1ccccn1)c1ccsc1
O=C(NCC(Oc1ccc2c(cnn2-c2ccc3c(cnn3-c3ccccc3)c2)c1)c1ccccc1)c1csc2ccccc12
c1cc2cc(Cc3nnc4ccc(-c5ocnc5-c5ncno5)cn34)ccc2cn1
O=C(NCC(Oc1ccc2c(cnn2-c2cc3ccccc3cn2)c1)c1ccc2c(c1)CCO2)c1cnc2[nH]ccc2c1
O=C(NCC(Oc1ccc2c(cnn2-c2cc3ccccc3cn2)c1)c1ccc2c(c1)CCO2)c1cscn1
O=C(NCC(Oc1ccc2c(cnn2-c2ccc(-c3ccccc3)nn2)c1)c1ccc2c(c1)CCC2)c1cccc2ccccc12
O=C(CCc1ccc2c(c1)OCCO2)NCC(Oc1ccc2c(cnn2-c2ccccc2)c1)c1ccc2c(c1)OCCO2
O=C(NCC(Oc1ccc2c(cnn2-c2ccccn2)c1)c1ccc2c(c1)OCCO2)c1cocn1
O=C(NCC(Oc1ccc2c(cnn2-c2ccc3cncnc3n2)c1)c1ccc2c(c1)OCCCO2)c1cnco1
O=C(NCC(Oc1ccc2c(cnn2-c2cccc3ncncc23)c1)c1ccc2c(c1)OCCO2)c1c[nH]c2ccccc12
O=C(NCC(Oc1ccc2c(cnn2-c2ccccn2)c1)c1ccc2c(c1)OCCCO2)c1cncs1
O=C(NCC(Oc1ccc2c(cnn2-c2ccncn2)c1)c1ccc2c(c1)OCCO2)c1cnoc1
O=C(NCC(Oc1ccc2c(cnn2-c2ccccc2-c2cnoc2)c1)c1ccccc1)c1cscn1
O=S(=O)(NCC(Oc1ccc2c(cnn2-c2ccn3ccnc3c2)c1)c1ccc2c(c1)CCO2)C1CC1
O=C(NCC(Oc1ccc2c(cnn2-c2cnccn2)c1)c1ccc2c(c1)OCCO2)c1cnn2cccnc12
O=C(NCC(Oc1ccc2c(cnn2-c2cccc(-n3ccc4ccccc43)c2)c1)c1ccc2c(c1)CCC2)C1CCCCC1
O=C(NCC(Oc1ccc2c(cnn2-c2ccccc2-c2nn[nH]n2)c1)c1cnc2ccccc2n1)C1CCC1
O=C(NCC(Oc1ccc2c(cnn2-c2nccs2)c1)c1ccc2c(c1)OCCO2)c1cccs1
O=C(Cc1ccsc1)NCC(Oc1ccc2c(cnn2-c2c[nH]nn2)c1)c1ccc2c(c1)OCCCO2
c1ccc(-n2ncc3cc(OCc4cnn(-c5ccccn5)c4)ccc32)cc1
O=C(NCC(Oc1ccc2c(cnn2-c2cccc3c2cnn3-c2ccccc2)c1)c1ccc2c(c1)CCC2)c1ccccn1
O=C(NCC(Oc1ccc2c(cnn2-c2nnc[nH]2)c1)c1ccco1)C1CCCC1
O=C(NCC(Oc1ccc2c(cnn2-c2cnc3c(c2)CCN3)c1)c1ccc2c(c1)CCC2)c1cccs1
O=C(NCC(Oc1ccc2c(cnn2-c2cnn(CC3CCCC3)c2)c1)c1ccc2c(c1)OCCO2)C1COCCO1
O=C(Cc1ccccc1)NCC(Oc1ccc2c(cnn2-c2cnc3[nH]ccc3n2)c1)c1ccc2c(c1)OCCO2
O=C(NCC(Oc1ccc2c(cnn2-c2cc3cnccc3cn2)c1)c1ccc2c(c1)OCCO2)C1CCCC1
O=C(NCC(Oc1ccc2c(cnn2-c2ccc3cccnc3n2)c1)c1ccc2c(c1)CCC2)c1ccncc1
c1ccc(-n2ncc3cc(OCc4ncn[nH]4)ccc32)cc1
O=C(NCC(Oc1ccc2c(cnn2-c2ccnc(N3CCCC3)n2)c1)c1ccccc1)OCc1ccccc1
O=C(NCC(Oc1ccc2c(cnn2-c2ccc3oncc3c2)c1)c1ccc2c(c1)OCCO2)c1cnco1
c1cc2c(cc1COc1ccc3c(cnn3-c3cnc(N4CCNCC4)nc3)c1)OCCO2
O=C(NCC(Oc1ccc2c(cnn2-c2ncnc3cccnc23)c1)c1ccc2c(c1)OCCO2)c1ccccc1
O=C(Cc1ccccn1)NCC(Oc1ccc2c(cnn2-c2nncs2)c1)c1ccc2c(c1)OCCO2
c1ccc(-n2ncc3cc(-n4cnc5ccccc54)ccc32)cc1
O=C(NCC(Oc1ccc2c(cnn2-c2nnc[nH]2)c1)c1ccc2c(c1)OCCO2)c1cnc2[nH]ncc2c1
O=C(NCC(Oc1ccc2c(cnn2-c2nnnn2C2CC2)c1)c1ccc2c(c1)OCCO2)c1ccco1
O=C(NCC(Oc1ccc2c(cnn2-c2ccnc(-c3cccnc3)n2)c1)c1ccccc1)C1CCC1
O=C(NCC(Oc1ccc2c(cnn2-c2cnc3sccn23)c1)c1ccc2c(c1)OCCO2)c1ccccc1
O=C(CC(Oc1ccc2c(cnn2-c2cccnc2)c1)c1ccc2c(c1)OCCO2)Nc1cccc2c1Cc1ccccc1-2
O=C(Cc1ccccc1)NCC(Oc1ccc2c(cnn2-c2cccnn2)c1)c1ccc2c(c1)OCCO2
O=C(NCC(Oc1ccc2c(cnn2-c2nccc3cncn23)c1)c1ccc2c(c1)OCCO2)c1cnn2cccnc12
O=C(NCC(Oc1ccc2c(cnn2-c2cccc(-c3cscn3)c2)c1)c1ccccc1)c1cccs1
O=C(NCC(Oc1ccc2c(cnn2-c2ccc3c(c2)-c2ncsc2C3)c1)c1ccc2c(c1)OCCO2)c1ccccc1
N=c1[nH]onc1-c1nc2ccccc2[nH]1
O=C(NCC(Oc1ccc2c(cnn2-c2cn(CC3CC4CCC3C4)nn2)c1)c1ccccc1)c1ccon1
O=C(Cc1ccc2c(c1)OCC2)NCC(Oc1ccc2c(cnn2-c2cnc3ncccc3c2)c1)c1ccc2c(c1)OCCO2
O=C1C=C2CCC3C4CCCCC4CCC3C2CC1
O=C(NCC(Oc1ccc2c(cnn2-c2cccc(-n3ccnc3)c2)c1)c1ccc2c(c1)OCCO2)c1cncs1
O=C(CN(c1ccccc1)c1ccccc1)NCC(Oc1ccc2c(cnn2-c2cnc3nccn3n2)c1)c1ccc2c(c1)OCCO2
O=C(NCC(Oc1ccc2c(cnn2-c2ccc(-n3ccnc3)nn2)c1)c1ccccc1)c1ccsc1
O=C(NCC(Oc1ccc2c(cnn2-c2nncc3ccncc23)c1)c1ccc2c(c1)OCCO2)c1ccncc1
O=C(CCCc1ccccc1)NCC(Oc1ccc2c(cnn2-c2cccc(-c3cccnn3)c2)c1)c1ccc2c(c1)OCCCO2
O=C(NCC(Oc1ccc2c(cnn2-c2nccnc2-c2nccs2)c1)c1ccccc1)c1cocn1
O=C(NCC(Oc1ccc2c(cnn2-c2cc(N3CCC3)ncn2)c1)c1ccccc1)C1CCC1
c1ccc(-n2nccc2-n2ncc3cc(OCc4ccc5c(c4)CNC5)ccc32)cc1
O=C(NCC(Oc1ccc2c(cnn2-c2cncnc2)c1)c1ccccc1)c1cc2cnccc2[nH]1
O=C(Cc1cccc2ccccc12)NCC(Oc1ccc2c(cnn2-c2ccccc2)c1)c1ccc2c(c1)OCCO2
O=C(NCC(Oc1ccc2c(cnn2-c2nc3ccccc3s2)c1)c1ccccc1)c1nc[nH]n1
O=C(NCC(Oc1ccc2c(cnn2-c2nnco2)c1)c1ccccc1)c1cccc2ccncc12
O=C(Cc1cncs1)NCC(Oc1ccc2c(cnn2-c2ncnc3ccccc23)c1)c1ccc2c(c1)OCCO2
O=C(NCC(Oc1ccc2c(cnn2-c2cnc3c(cnn3-c3ccncn3)c2)c1)c1ccccc1)c1cscn1
c1cc2c(cc1COc1ccc3c(cnn3-c3cnn(Cc4cnoc4)c3)c1)OCC2
O=S(=O)(NCCNc1cccc2c1cnn2-c1cncc(-n2ccnc2)n1)c1cccs1
O=C(NCC(Oc1ccc2c(cnn2-c2ccn(C3CCC3)n2)c1)c1ccsc1)c1ccsc1
O=C(NCC(Oc1ccc2c(cnn2-c2cnc3ccccn23)c1)c1ccc2ccccc2c1)c1ccccc1
O=C(NCC(Oc1ccc2c(cnn2-c2cscn2)c1)c1ccccc1)c1cscn1
O=C(NCC(Oc1ccc2c(cnn2-c2ccc3cnn(CCN4CCCC4)c3c2)c1)c1ccccc1)c1cccnc1
O=C(NCC(Oc1ccc2c(cnn2-c2ncnc3c2CNCC3)c1)c1ccccc1)c1nccs1
c1ccc(-n2ncc3cc(OCc4ccc5c(c4)OCCO5)ccc32)c(-c2ccn[nH]2)c1
N=c1[nH]oc2cc(-n3ncc4cc(OC(CNC(=O)c5ccncc5)c5ccc6c(c5)OCCO6)ccc43)ccc12
O=C(NCC(Oc1ccc2c(cnn2-c2cnc3n[nH]cc3c2)c1)c1ccc2c(c1)OCCO2)c1ccccc1
O=C(NCC(Oc1ccc2c(cnn2-c2cccc(N3CCCNCC3)n2)c1)c1ccccc1)C1CCC1
c1ccn(-c2cncc(-n3ncc4cc(OCc5ccc6c(c5)OCCO6)ccc43)n2)c1
O=C(NCC(Oc1ccc2c(cnn2-c2cc(-c3ccccc3)n[nH]2)c1)c1ccc2c(c1)OCCO2)C1CC1
O=C(NCC(Oc1ccc2c(cnn2-c2ccc3c(c2)CCC3)c1)c1ccc2ccccc2c1)c1cnc[nH]1
O=C(NCC(Oc1ccc2c(cnn2-c2ccc(N3CCCCC3)nc2)c1)c1ccccc1)C1CCCCC1
N=c1nc2c(-n3ncc4cc(OC(CNC(=O)c5cnc6ccccc6c5)c5ccc6c(c5)OCCO6)ccc43)cccc2c[nH]1
c1cncc(COc2ccc3c(cnn3-c3ccc4c(c3)CCC4)c2)c1
O=C(NCC(Oc1ccc2c(cnn2-c2cccc3[nH]ncc23)c1)c1ccc2occc2c1)c1cscn1
O=C(NCC(Oc1ccc2c(cnn2-c2ccc(-c3cccnc3)nn2)c1)c1ccccc1)c1nnco1
O=C(NCC(Oc1ccc2c(cnn2-c2cc3c[nH]cc3cn2)c1)c1ccccc1)c1ccoc1
O=C(NCC(Oc1ccc2c(cnn2-c2nccc3c2CCNC3)c1)c1ccc2occc2c1)c1ccno1
O=C(NCC(Oc1ccc2c(cnn2-c2cnc3n(c2=O)CCC3)c1)c1ccc2c(c1)OCCO2)c1ccccn1
O=C(NCC(Oc1ccc2c(cnn2-c2nccc3sccc23)c1)c1ccccc1)c1ccccc1
O=C(NCC(Oc1ccc2c(cnn2-c2ccc3cccnc3c2)c1)c1ccc2ccccc2c1)c1ccon1
O=C(NCC(Oc1ccc2c(cnn2-c2ccccn2)c1)c1ccc2c(c1)OCCCO2)c1ccccc1
N=c1cc(-n2ncc3cc(OC(CNC(=O)c4nccs4)c4ccccc4)ccc32)[nH]cn1
O=C(NCC(Oc1ccc2c(cnn2-c2ccccn2)c1)c1ccc2c(c1)OCCCO2)c1ccc(-c2cnccn2)nc1
O=C(NCC(Oc1ccc2c(cnn2-c2ccc3cccnc3c2)c1)c1ccc2c(c1)OCCO2)c1ncc[nH]1
O=C(NCC(Oc1ccc2c(cnn2-c2cnn(C3CCCCC3)c2)c1)c1ccc2c(c1)OCCO2)c1ccon1
O=C(NCC(Oc1ccc2c(cnn2-c2ccccn2)c1)c1ccc2c(c1)OCCCO2)c1ccnc(-n2cccn2)c1
O=C(NCC(Oc1ccc2c(cnn2-c2cccc(-n3ncc4cccnc43)c2)c1)c1ccc2c(c1)OCCO2)c1cocn1
O=C(NCC(Oc1ccc2c(cnn2-c2cccc3nc[nH]c23)c1)c1ccccc1)c1cccnn1
O=C(NCC(Oc1ccc2c(cnn2-c2coc3cc(-c4ccccc4)ccc23)c1)c1ccc2c(c1)OCCO2)c1ccn[nH]1
O=C(NCC(Oc1ccc2c(cnn2-c2ccncn2)c1)c1ccccc1)c1ccccc1
O=C(NCC(Oc1ccc2c(cnn2-c2c[nH]cn2)c1)c1ccc2c(c1)OCCO2)c1ccsc1
O=C(NCC(Oc1ccc2c(cnn2-c2cccc(-n3ccc4cccnc43)c2)c1)c1ccc2c(c1)OCCO2)c1cccnc1
O=C(NCC(Oc1ccc2c(cnn2-c2ccccc2-c2ccccn2)c1)c1ccc2c(c1)OCCO2)c1nccc2sccc12
O=C(NCC(Oc1ccc2c(cnn2-c2nncs2)c1)c1ccc2c(c1)CCO2)c1cccnc1
c1cc(N2CCCCC2)nc(-n2ncc3cc(OC4CCCCC4)ccc32)c1
O=C1NCc2cc(-n3ncc4cc(OC(CNC(=O)C5CCC5)c5ccccc5)ccc43)ccc21
O=C(NCC(Oc1ccc2c(cnn2-c2cn3ccccc3n2)c1)c1ccc2c(c1)OCCO2)c1nccs1
O=C(Nc1cn2nc(-n3ncc4cc(OCc5ccccc5)ccc43)ccc2n1)C1CCCOC1
O=C(NCC(Oc1ccc2c(cnn2-c2cccnc2)c1)c1ccc2c(c1)OCCN2)c1ccccc1
O=C(NCC(Oc1ccc2c(cnn2-c2nc(-c3cccc4[nH]ncc34)cc(N3CC4CC3CO4)n2)c1)c1ccccc1)C1CC1
O=C(NCC(Oc1ccc2c(cnn2-c2ccccc2CN2CCOCC2)c1)c1ccc2c(c1)OCCO2)c1cncs1
O=C(NCC(Oc1ccc2c(cnn2-c2ccccc2-c2ncon2)c1)c1ccc2c(c1)OCCO2)c1nccs1
N=c1nc(-n2ncc3cc(OC(CNC(=O)c4cc5cnccc5s4)c4ccccc4)ccc32)cc[nH]1
O=C(NCC(Oc1ccc2c(cnn2-c2ncccn2)c1)c1ccc2c(c1)OCCO2)c1cccn2cccc12
O=C(NCC(Oc1ccc2c(cnn2-c2ncc[nH]2)c1)c1cccnc1)c1ncc[nH]1
O=C(NCC(Oc1ccc2c(cnn2-c2cc3c(cn2)CCNCC3)c1)c1ccccc1)c1cccnn1
c1cc(-n2ncc3cc(OCc4ccc5c(c4)OCCO5)ccc32)nc(N2CC3CC2C3)n1
O=C(Cn1ncc2c(-n3ccc(-c4ccccc4)n3)ncnc21)Nc1cccnc1
O=C(NCC(Oc1ccc2c(cnn2-c2ccccc2)c1)c1ccc2c(c1)CCCC2)c1ccoc1
O=C(NCC(Oc1ccc2c(cnn2-c2cnn(-c3ccncc3)c2)c1)c1ccc2c(c1)OCCO2)C1COCCN1
O=C(NCC(Oc1ccc2c(cnn2-c2nccnc2C2CCC2)c1)c1ccc2c(c1)CCC2)c1cscn1
O=C(NCC(Oc1ccc2c(cnn2-c2cccc(N3CCCC3)n2)c1)c1ccccc1)c1cnco1
O=C(NCC(Oc1ccc2c(cnn2-c2cnc3[nH]ncc3n2)c1)c1ccccc1)c1ccsc1
O=C(Cc1ccccc1)NCC(Oc1ccc2c(cnn2-c2ccn(-c3ccccc3)n2)c1)c1ccc2c(c1)OCCO2
c1ccc(Nc2ccc3c(cnn3-c3cccnc3)c2)cc1
O=C(NCC(Oc1ccc2c(cnn2-c2cccc(-c3nccc(=O)[nH]3)c2)c1)c1ccc2ncccc2c1)C1CCC1
O=C(NCC(Oc1ccc2c(cnn2-c2cncc(N3CCCC3)n2)c1)c1ccccc1)c1cc[nH]n1
O=C(NCC(Oc1ccc2c(cnn2-c2cccc3c2cnn3-c2ccccc2)c1)c1ccc2c(c1)OCCO2)C1CCCN1C(=O)CCc1cccnc1
O=C(NCC(Oc1ccc2c(cnn2-c2cccc(-c3ccccc3)c2)c1)c1ccc2c(c1)OCCO2)C1CCCC1
O=C(Cc1ccccc1)NCC(Oc1ccc2c(cnn2-c2ccnc3[nH]cnc23)c1)c1ccc2c(c1)CCC2
O=C(NCC(Oc1ccc2c(cnn2-c2nccs2)c1)c1ccc2c(c1)OCCO2)c1cccnc1
O=C(NCC(Oc1ccc2c(cnn2-c2cnco2)c1)c1ccc2c(c1)CCC2)c1cnc[nH]1
O=C(NCC(Oc1ccc2c(cnn2-c2nccc3[nH]ncc23)c1)c1ccc2c(c1)OCCO2)c1cocn1
O=C(NCC(Oc1ccc2c(cnn2-c2ccc3ncccc3c2)c1)c1ccc2c(c1)OCCO2)c1nc2ccccc2s1
O=C(NCC(Oc1ccc2c(cnn2-c2ccc3cn[nH]c3c2)c1)c1ccc2c(c1)OCCO2)c1ccc2c(c1)OCCO2
O=C(NCC(Oc1ccc2c(cnn2-c2nnc3n2CCCC3)c1)c1ccc2c(c1)OCCO2)c1nccs1
O=C(COc1ccccc1)NCC(Oc1ccc2c(cnn2-c2ccccn2)c1)c1ccc2c(c1)OCCO2
O=C(NCC(Oc1ccc2c(cnn2-c2cccc(-c3cncnc3)c2)c1)c1ccc2c(c1)OCO2)C1CCC1
O=C(NCC(Oc1ccc2c(cnn2-c2cnn(C3CCCCC3)c2)c1)c1ccc2c(c1)OCCO2)c1ccccc1
O=C(NCC(Oc1ccc2c(cnn2-c2ccn[nH]2)c1)c1ccccc1)c1nc[nH]n1
O=C(NCC(Oc1ccc2c(cnn2-c2ccccn2)c1)c1ccc2c(c1)OCCO2)c1ncc[nH]1
O=C1NCC(c2ccc3c(c2)OCCO3)OC2=CN(c3ccc4c(c3)CCCC4)N=CC(=C2)CCCc2nc3ccnn3cc21
O=C(Cc1cccnc1)NCC(Oc1ccc2c(cnn2-c2ccnn2-c2ccccc2)c1)c1ccc2c(c1)OCCO2
c1cc2cnn(-c3ccc(-n4ncc5cc(OCc6ccc7c(c6)OCCO7)ccc54)nn3)c2cn1
O=C(NCC(Oc1ccc2c(cnn2-c2cncc(-c3ccccn3)c2)c1)c1ccccc1)C1CCOCC1
c1ccc(COc2ccc3c(cnn3-c3ccon3)c2)cc1
O=C(NCC(Oc1ccc2c(cnn2-c2ccn[nH]2)c1)c1ccc2c(c1)OCCN2)c1ccsc1
O=C(NCC(Oc1ccc2c(cnn2-c2ccc3c(c2)OCCO3)c1)c1ccc2c(c1)CCC2)c1cccs1
O=C(NCC(Oc1ccc2c(cnn2-c2cnc3c(c2)CCNC3=O)c1)c1ccc2c(c1)OCCO2)c1ccccn1
N=c1[nH]cnc(-n2ncc3cc(OC(CNS(=O)(=O)C4CC4)c4ccccc4)ccc32)c1-c1ccncc1
O=C(Oc1cccnc1)c1ccc(-n2ncc3cc(OC(CNC(=O)C4(c5ccccc5)CC4)c4ccc5c(c4)OCCO5)ccc32)nc1
O=C(NCC(Oc1ccc2c(cnn2-c2cc(Oc3ccccc3)cc(N3CCC3)n2)c1)c1cccnc1)c1cccnc1
O=C(NCC(Oc1ccc2c(cnn2-c2cccc(N3CCNCC3)n2)c1)c1ccc2c(c1)OCCO2)c1ncn[nH]1
c1ccc(CN2CCc3cc(COc4ccc5c(cnn5-c5ccns5)c4)ccc3C2)cc1
c1cc(-n2ncc3cc(OCc4ccc5c(c4)OCCN5Cc4ccncc4)ccc32)c2ccncc2c1
O=C(NCC(Oc1ccc2c(cnn2-c2ccc(N3CCCC3)nc2)c1)c1ccncc1)C1CCC1
O=C(NCC(Oc1ccc2c(cnn2-c2ccc(N3CCNCC3)nc2)c1)c1ccc2c(c1)OCCO2)c1ccncc1
O=C(NCC(Oc1ccc2c(cnn2-c2cccc(-n3cccn3)c2)c1)c1ccc2ccccc2n1)C1CCCN1C(=O)C1(N2CCCC2)CC1
O=C1CCC(C(=O)NCC(Oc2ccc3c(cnn3-c3cncc4ccccc34)c2)c2ccc3c(c2)OCCO3)N1
O=C(NCC(Oc1ccc2c(cnn2-c2ccc3nc[nH]c3c2)c1)c1ccc2c(c1)OCCCO2)c1cnoc1
O=C(NCC(Oc1ccc2c(cnn2-c2cnn(-c3ccccc3)c2)c1)c1ccc2c(c1)OCCO2)c1cnco1
O=C(Nc1ccc2c(c1)OCCO2)C(NCCOc1ccc2ncncc2c1)c1nnc(-c2ccccc2)o1
O=C(NCC(Oc1ccc2c(cnn2-c2cc3ccccc3cn2)c1)c1ccc2c(c1)CCNC2)c1cccnc1
N=c1c(-n2ncc3cc(OC(CNC(=O)c4cccs4)c4ccccc4)ccc32)cnc2n1CCC2
O=C(NCC(Oc1ccc2c(cnn2-c2ccc3c(c2)OCC3)c1)c1ccc2c(c1)OCCCO2)C1CCCCC1
O=C(NCC(Oc1ccc2c(cnn2-c2cc[nH]c(=NC3CCCCC3)n2)c1)c1ccccc1)c1cncs1
c1ccc(COc2ccc3c(cnn3-c3ccc(-n4ccnc4)nn3)c2)cc1
O=C(NCC(Oc1ccc2c(cnn2-c2ccc(-c3ccoc3)cn2)c1)c1ccc2c(c1)OCCCO2)C1CCC1
O=C1c2c(nnn2-c2cccc3c2cnn3-c2ccccc2)CN1c1ccccc1
O=C(NCC(Oc1ccc2c(cnn2-c2ccccc2-c2ccn[nH]2)c1)c1ccccc1)c1cncnc1
O=C(NCC(Oc1ccc2c(cnn2-c2nc3ccccc3[nH]2)c1)c1ccc2c(c1)OCCO2)c1cccc2ccccc12
O=C(CCc1ccccc1)NCC(Oc1ccc2c(cnn2-c2ccccn2)c1)c1ccc2c(c1)OCCO2
O=C(NCC(Oc1ccc2c(cnn2-c2cccnc2C2CC2)c1)c1ccccc1)c1cnoc1
O=C(NCC(Oc1ccc2c(cnn2-c2ccccc2-c2nn[nH]n2)c1)c1ccccc1)c1cnc2ccccn12
O=C(NCCOc1ccc2c(cnn2-c2cncc(-n3cccc3)c2)c1)c1cnoc1
O=C1NCc2cc(COc3ccc4c(cnn4-c4ccccc4)c3)ccc21
c1cc2cc(CCCCc3ccc4c(c3)CCCO4)[nH]c2cn1
O=C(NCC(Oc1ccc2c(cnn2-c2ccccc2)c1)c1ccc2c(c1)OCCCO2)c1ccco1
N=c1nc(-n2ncc3cc(OC(CNC(=O)c4cnccn4)c4ccc5[nH]ncc5c4)ccc32)[nH][nH]1
O=C(NCC(Oc1ccc2c(cnn2-c2cncc3ccccc23)c1)c1ccc2c(c1)CCC2)Nc1ccccc1
O=C(NCC(Oc1ccc2c(cnn2-c2ncccn2)c1)c1ccccc1)c1ccc(-c2nccs2)s1
c1ccc(CCN2CCC34CC2CCC(Cc2ccccc23)c2ccccc24)cc1
O=C(NCC(Oc1ccc2c(cnn2-c2cc3sccc3cn2)c1)c1ccc2c(c1)CCC2)c1ccccc1
O=C(NCC(Oc1ccc2c(cnn2-c2cnc3ccncc3c2)c1)c1ccc2c(c1)OCCN2)C1CCC1
O=C(NCC(Oc1ccc2c(cnn2-c2cnn(-c3ccccn3)c2)c1)c1ccc2c(c1)OCCO2)c1cccnc1
O=C(NCC(Oc1ccc2c(cnn2-c2ccccc2-c2nc[nH]n2)c1)c1ccc2c(c1)CCOC2)c1ccn[nH]1
O=C(NC1(C(=O)NCC(Oc2ccc3c(cnn3-c3nccc4ccn5ccnc5c34)c2)c2ccccc2)CCCCC1)c1c[nH]cn1
O=C(NCC(Oc1ccc2c(cnn2-c2ccccc2)c1)c1ccc2c(c1)OCCO2)C1CCCC1
O=C(NCC(Oc1ccc2c(cnn2-c2cccnc2)c1)c1ccc2c(c1)OCCO2)c1ccnc2ccccc12
O=C(NCC(Oc1ccc2c(cnn2-c2ccccc2)c1)c1ccc2c(c1)CCC2)c1ccn[nH]1
O=C(NCC(Oc1ccc2c(cnn2-c2ccc(-c3ccncc3)cc2)c1)c1ccc2c(c1)OCCO2)c1cccc2[nH]ncc12
O=C(NCC(Oc1ccc2c(cnn2-c2cn(-c3cn[nH]c3)c3ncccc23)c1)c1ccccc1)c1ccccc1
O=C(NCC(Oc1ccc2c(cnn2-c2cc3c(cn2)CCNCC3)c1)c1ccc2c(c1)OCCO2)c1cnn2cccnc12
O=C(NCC(Oc1ccc2c(cnn2-c2cccc(-c3cnoc3)c2)c1)c1ccc2c(c1)OCCO2)C1CCCC1
O=C(NCC(Oc1ccc2c(cnn2-c2cnccn2)c1)c1ccc2c(c1)OCCCO2)c1nccs1
O=C(Cc1ccccc1)NCC(Oc1ccc2c(cnn2-c2ccc3ccoc3c2)c1)c1ccccc1
O=C(NCC(Oc1ccc2c(cnn2-c2ccc(CN3CCOCC3)nc2)c1)c1ccc2c(c1)OCCO2)c1cccnc1
O=C(NCC(Oc1ccc2c(cnn2-c2nccs2)c1)c1ccccc1)C1CCCCC1
c1ccc(-n2ncc3cc(OCc4cnc(-n5cccn5)nc4)ccc32)cc1
O=c1cnc(N2CCCC2)ccc1-n1ccc2ccccc21
O=C(NCC(Oc1ccc2c(cnn2-c2cnn(-c3ccn[nH]3)c2)c1)c1ccc2c(c1)OCCO2)C1CCCN1
O=C(NCC(Oc1ccc2c(cnn2-c2nccc3c2ccn3-c2ncccn2)c1)c1ccc2c(c1)OCCO2)c1cn[nH]c1
O=C(NCC(Oc1ccc2c(cnn2-c2ncn[nH]2)c1)c1ccc2c(c1)OCCO2)c1ccon1
O=C(NCC(Oc1ccc2c(cnn2-c2cnccn2)c1)c1ccc2c(c1)OCCCO2)c1ncc2ccccc2n1
O=C(NCC(Oc1ccc2c(cnn2-c2cccc(N3CCOCC3)n2)c1)c1ccccc1)c1ccco1
O=C(NCC(Oc1ccc2c(cnn2-c2cc(-c3cccnc3)ncn2)c1)c1ccc2c(c1)OCCO2)c1cnco1
O=C(NC1(c2ccccc2)CCC1)C1CCCC2=Cc3c(cnn3-c3ccc4c(c3)CCNCC4)CC21
O=C(NCC(Oc1ccc2c(cnn2-c2nccs2)c1)c1ccc2c(c1)OCCN2Cc1ccccc1)C1CC1
O=C(NCC(Oc1ccc2c(cnn2-c2ccccn2)c1)c1ccccc1)c1ccno1
c1ccc(-n2ncc3cc(OCc4ccc5c(c4)OCCO5)ccc32)cc1
O=C(NCC(Oc1ccc2c(cnn2-c2cn[nH]c2)c1)c1ccc2c(c1)OCCO2)c1ccc2nc[nH]c2c1
c1cncc(-c2nc(-n3ncc4cc(OCc5ccc6c(c5)OCCO6)ccc43)cs2)c1
N=c1[nH]c(=N)c2cc(-n3ncc4cc(OC(CNC(=O)C5CCC5)c5ccccc5)ccc43)cnc2[nH]1
O=C(NCC(Oc1ccc2c(cnn2-c2nccc(=O)[nH]2)c1)c1ccc2c(c1)OCCO2)C1CCCN1S(=O)(=O)c1ccccc1
O=C(CCc1cn[nH]c1)NCC(Oc1ccc2c(cnn2-c2ccccc2-c2c[nH]nn2)c1)c1ccc2c(c1)OCCO2
O=C(NCC(Oc1ccc2c(cnn2-c2cncc(N3CCNCC3)c2)c1)c1ccccc1)c1cccnc1
O=C(NCC(Oc1ccc2c(cnn2-c2ccccc2)c1)c1ccsc1)C(Oc1ccc2c(cnn2-c2cccnn2)c1)c1ccccn1
O=C(Cc1cccs1)NCC(Oc1ccc2c(cnn2-c2cc(-c3ccco3)no2)c1)c1ccc2c(c1)OCCO2
c1cc2c(cc1COc1ccc3c(cnn3-c3cn(CC4CC4)nn3)c1)OCCO2
O=C(NCC(Oc1cc2cnn(-c3nnc(-c4ccccc4)o3)c2s1)c1ccc2c(c1)OCCCO2)c1ccoc1
O=C(NCC(Oc1ccc2c(cnn2-c2ccc3c[nH]nc3c2)c1)c1ccc2c(c1)OCCO2)c1cccnc1
O=C(NCC(Oc1ccc2c(cnn2-c2cccc(-c3cccc4cnn(-c5cncnc5)c34)c2)c1)c1ccc2c(c1)OCCO2)C1CCOCC1
O=C(NCC(Oc1ccc2c(cnn2-c2nccnc2-c2ccccc2)c1)c1cccnc1)C1CCCOC1
O=C(NCC(Oc1ccc2c(cnn2-c2ccc3[nH]ccc3c2)c1)c1ccc2c(c1)CCO2)c1cnccn1
O=C(NCC(Oc1ccc2c(cnn2-c2cnc3c(c2)CCC3)c1)c1ccc2c(c1)OCCCO2)c1cncs1
O=C(NCC(Oc1ccc2c(cnn2-c2cc3c(cn2)CCNCC3)c1)c1ccccc1)c1ccco1
O=C(NCC(Oc1ccc2c(cnn2-c2cccc(-n3ccnc3)c2)c1)c1ccc2c(c1)CCO2)C1CCCCN1
c1cc(COc2ccc3c(cnn3-c3ncnc4cc[nH]c34)c2)ccn1
O=C(NCC(Oc1ccc2c(cnn2-c2ccncn2)c1)c1ccc2c(c1)CCC2)c1cn[nH]c1
O=C1c2ccc(-n3ncc4cc(OCc5ccc6c(c5)OCCO6)ccc43)cc2CCN1Cc1ccccn1
O=C(NCC(Oc1ccc2c(cnn2-c2ccc3[nH]ccc3n2)c1)c1ccc2c(c1)OCCCO2)C1CCCOC1
O=C(NCC(Oc1ccc2c(cnn2-c2ncsn2)c1)c1ccc2c(c1)OCCO2)C1CCCCC1
O=C(NCC(Oc1ccc2c(cnn2-c2cc3cnccc3cn2)c1)c1ccc2c(c1)CCO2)c1cccc2ccccc12
O=C(CCc1ccccn1)NCC(Oc1ccc2c(cnn2-c2ccc3ncsc3c2)c1)c1ccc2c(c1)OCCO2
O=C(NCC(Oc1ccc2c(cnn2-c2ccccn2)c1)c1ccc2c(c1)OCCO2)c1cnon1
O=C(NCC(Oc1ccc2c(cnn2-c2ccccc2-c2c[nH]c(=O)c3[nH]ncc23)c1)c1ccc2c(c1)CCO2)C1CCC1
O=C(NCC(Oc1ccc2c(cnn2-c2ccncc2)c1)c1ccc2c(c1)OCCO2)c1ccncc1
O=C(NCC(Oc1ccc2c(cnn2-c2cc3ccccc3cn2)c1)c1ccc2c(c1)OCCO2)c1ccccc1
O=C(NCC(Oc1ccc2c(cnn2-c2cccnc2C(=O)Nc2ccccc2)c1)c1ccccc1)c1ccco1
N=c1cncc(-n2ncc3cc(OC(CNC(=O)c4ccncc4)c4ccccc4)ccc32)[nH]1
O=C(NCC(Oc1ccc2c(cnn2-c2cccc3cccnc23)c1)c1ccc2c(c1)OCCO2)c1cnoc1
N=c1cc[nH]c(-n2ncc3cc(OC(CNC(=O)c4cncs4)c4ccc5c(c4)OCCO5)ccc32)n1
O=C(NCC(Oc1ccc2c(cnn2-c2cnccn2)c1)c1ccc2c(c1)OCCO2)c1ccncc1
O=C(NC1(C(=O)NCC(Oc2cnc3c(cnn3-c3nccc4ccccc34)c2)c2ccccc2)CCC1)c1ccc2[nH]ncc2c1
O=C(NCC(Oc1ccc2c(cnn2-c2ccnnc2)c1)c1ccc2c(c1)OCCO2)c1ccc2ccncn12
O=C(NCC(Oc1ccc2c(cnn2-c2nccs2)c1)c1ccc2c(c1)OCCCO2)C1CCCC1
O=C(NCC(Oc1ccc2c(cnn2-c2ccn[nH]2)c1)c1cccs1)c1ccnnc1
O=C(NCC(Oc1ccc2c(cnn2-c2nccnc2C2CCCO2)c1)c1ccccc1)c1ccn[nH]1
c1ccc(-n2ncc3cc(OCc4ccc5c(c4)COC5)ccc32)c(-c2ncnn2C2CCOC2)c1
N=c1[nH]oc2cc(-n3ncc4cc(OC(CNC(=O)c5cscn5)c5ccc6c(c5)CCC6)ccc43)ccc12
O=C(NCC(Oc1ccc2c(cnn2-c2cnc3cnncc3c2)c1)c1ccccc1)c1cnns1
O=C(NCC(Oc1ccc2c(cnn2-c2nccc3cncnc23)c1)c1ccccc1)c1cncs1
O=C(NCC(Oc1ccc2c(cnn2-c2ccccn2)c1)c1ccc2c(c1)OCCO2)c1cnn2c1CCCC2
c1ccc(OCC2CCCc3ccc(COc4ccc5c(cnn5-c5nnco5)c4)cc3O2)cc1
O=C(NCC(Oc1ccc2c(cnn2-c2cn(Cc3ccccc3)nn2)c1)c1ccc2c(c1)OCCO2)c1ccccc1
c1cnc2ccc(-n3ncc4cc(OCc5ccc6c(c5)OCO6)ccc43)cc2c1
O=C(NCC(Oc1cc2cnn(-c3cncc(-n4cc[nH]c4=O)n3)c2cn1)c1ccc2c(c1)CCC2)c1ccccc1
O=C(NCC(Oc1ccc2c(cnn2-c2ccccc2)c1)c1ccc2c(c1)OCCCO2)c1cccnc1
O=C(NCC(Oc1ccc2c(cnn2-c2ccccc2)c1)c1ccc2c(c1)CCC2)c1ccccc1
O=C(NCC(Oc1ccc2c(cnn2-c2ccc3cnccc3n2)c1)c1cccnc1)c1cnco1
O=C(NCC(Oc1ccc2c(cnn2-c2nccc3[nH]ccc23)c1)c1ccccc1)c1cccnc1
O=C(NCC(Oc1ccc2c(cnn2-c2nncc3c2cnn3-c2ccccc2)c1)c1ccc2c(c1)OCCO2)c1cncnc1
O=C(NCC(Oc1ccc2c(cnn2-c2ccncn2)c1)c1ccc2c(c1)OCCO2)c1cc(-c2ccccc2)co1
O=C(NCC(Oc1ccc2c(cnn2-c2cncc(-n3ccnc3)c2)c1)c1ccc2sccc2c1)c1cc[nH]n1
c1cc(-n2ncc3cc(OCc4ccoc4)ccc32)c[nH]1
O=C(NCC(Oc1ccc2c(cnn2-c2ccn[nH]2)c1)c1ccc2c(c1)OCCO2)c1ccn[nH]1
c1ccc(COc2ccc3c(cnn3-c3nnc(-c4csc5ccccc45)o3)c2)cc1
O=C(NCC(Oc1ccc2c(cnn2-c2cccc3ncccc23)c1)c1ccc2c(c1)OCCCO2)c1ccncc1
O=C(NCC(Oc1ccc2c(cnn2-c2nccc3cccnc23)c1)c1ccc2c(c1)OCCN2)C1CCCO1
c1ccc2c(-c3ccn4c(-c5ccncc5)nnc4c3)c[nH]c2c1
O=C(NCC(Oc1ccc2c(cnn2-c2ccccc2)c1)c1ccc2c(c1)OCCO2)c1cnc2c(c1)CCN2
O=C(Cc1ccccc1)NCC(Oc1ccc2c(cnn2-c2cccc(-n3nccn3)c2)c1)c1ccc2c(c1)OCCO2
c1cc2[nH]c(-n3ncc4cc(OCc5ccc6c(c5)OCCO6)ccc43)cc2cn1
O=C(NCC(Oc1ccc2c(cnn2-c2cccc3ncccc23)c1)c1ccccc1)c1cnc(-n2cccn2)s1
O=S(=O)(Cc1ccccc1)Nc1cnccc1-c1ccc2c(c1)CCCN2
c1cn(-c2ccc(-n3ncc4cc(OCc5ccc6c(c5)CCN(C5CCOCC5)CC6)ccc43)nn2)cn1
O=C(NCC(Oc1ccc2c(cnn2-c2cccc(-c3cccnc3)c2)c1)c1ccc2[nH]ncc2c1)c1ccon1
O=C(NCC(Oc1ccc2c(cnn2-c2cccc(N3CCC4(CC4)C3)n2)c1)c1ccc2c(c1)OCCO2)C1CCCCC1
O=C(NCC(Oc1ccc2c(cnn2-c2ccc(N3CCOCC3)nn2)c1)c1ccccc1)c1cccnn1
O=C(NCC(Oc1ccc2c(cnn2-c2cccc(-c3ncc[nH]3)c2)c1)c1ccc2c(c1)CCC2)c1cnoc1
c1cc2c(cc1COc1ccc3c(cnn3-c3nc4c(s3)CNCC4)c1)OCCO2
O=C(NCC(Oc1ccc2c(cnn2-c2ccccc2-c2cc[nH]n2)c1)c1ccc2c(c1)OCCO2)c1ccn[nH]1
O=C(NCC(Oc1ccc2c(cnn2-c2cn[nH]c2)c1)c1ccc2c(c1)OCCO2)c1cc2ccccc2[nH]1
O=C(NCC(Oc1ccc2c(cnn2-c2ccc3[nH]c(=O)[nH]c3n2)c1)c1ccc2c(c1)OCCO2)c1cnco1
O=C(NCC(Oc1ccc2c(cnn2-c2ccc3ncsc3c2)c1)c1ccncc1)C1(c2ccccc2)CCCO1
O=C(NCC(Oc1ccc2c(cnn2-c2ccnc3[nH]ncc23)c1)c1ccccc1)c1cnoc1
O=C(NCC(Oc1ccc2c(cnn2-c2cnc3cnccc3c2)c1)c1ccc2c(c1)OCC2)c1cccs1
c1nnc(-n2ncc3cc(OCc4ccc5c(c4)CCC5)ccc32)s1
O=C(NCC(Oc1ccc2c(cnn2-c2ccncc2-c2ncn[nH]2)c1)c1ccccc1)c1ccccc1
O=C(NCC(Oc1ccc2c(cnn2-c2cccc(-n3cccn3)c2)c1)c1ccc2c(c1)OCCCO2)C1CCC1
O=C(NCC(Oc1ccc2c(cnn2-c2cnn(-c3cnccn3)c2)c1)c1ccccn1)C1CCOC1
O=C(NCC(Oc1ccc2c(cnn2-c2cnc3cccnn23)c1)c1ccc2c(c1)OCCO2)c1ccccc1
O=C(NCC(Oc1ccc2c(cnn2-c2cccnc2)c1)c1ccc2c(c1)OCCCO2)c1cnc2ccccc2c1
O=C(NCC(Oc1ccc2c(cnn2-c2cc3ccccc3cn2)c1)c1ccc2c(c1)CCC2)c1cnoc1
O=C(NCC(Oc1ccc2c(cnn2-c2ccc3[nH]ccc3c2)c1)c1ccccc1)c1ccccc1
O=C(NCC(Oc1ccc2c(cnn2-c2cc[nH]c(=Nc3cccnc3)n2)c1)c1ccc2c(c1)OCCCO2)C1CCCC1
O=C(NCC(Oc1ccc2c(cnn2-c2cncnc2)c1)c1ccccc1)c1n[nH]c2c1CCC2
c1ccc(-n2ncc3cc(-n4ncc5cc(OCc6ccc7c(c6)CCC7)ccc54)cnc32)nc1
c1ccc(-n2ncc3cc(OCc4cncc5ccccc45)ccc32)cc1
O=C(CCc1ccccc1)NCC(Oc1ccc2c(cnn2-c2nccc3cnccc23)c1)c1ccc2c(c1)OCCCO2
O=C(NCC(Oc1ccc2c(cnn2-c2ccccc2)c1)c1ccc2c(c1)OCCO2)c1ccon1
O=C(NCC(Oc1ccc2c(cnn2-c2ccc(-n3ncc4ccccc43)cc2)c1)c1ccccc1)c1cccs1
c1cc(-n2ncc3cc(OCc4ccc5c(c4)OCCO5)ccc32)nc(-n2cncn2)n1
O=C(NCC(Oc1ccc2c(cnn2-c2cnc3ccnn3c2)c1)c1ccc2c(c1)OCCO2)C1CCC1
c1cc(-n2ncc3cc(OCc4ccc5c(c4)OCC5)ccc32)ccn1
O=C(NCC(Oc1ccc2c(cnn2-c2ccccc2)c1)c1ccccc1)c1ccc(-n2ncc3ccccc32)s1
O=C(NCC(Oc1ccc2c(cnn2-c2nncs2)c1)c1ccccc1)c1cccc2cc[nH]c12
O=C(NCC(Oc1ccc2c(cnn2-c2ccc(-c3ccccc3)cc2)c1)c1ccc2c(c1)OCCO2)c1ccnc2ccccc12
O=C(NCC(Oc1ccc2c(cnn2-c2cnccn2)c1)c1ccc2c(c1)OCCO2)c1cnccn1
O=C(NCC(Oc1cc2cnn(-c3ccccc3-c3nn[nH]n3)c2cn1)c1ccc2c(c1)OCCO2)c1cnco1
c1cc(COc2ccc3c(cnn3-c3cnc4cnccc4c3)c2)ccn1
O=C(NCC(Oc1ccc2c(cnn2-c2ccc(-c3ccn[nH]3)nn2)c1)c1ccc2c(c1)OCCO2)C1CCCC1
O=C(NCC(Oc1ccc2c(cnn2-c2cnc3c(c2)CCCN3)c1)c1ccc2c(c1)CCC2)c1nccs1
O=C(NCC(Oc1ccc2c(cnn2-c2cccc3cccnc23)c1)c1ccc2c(c1)OCCO2)c1cc2ccccn2n1
O=C(NCC(Oc1ccc2c(cnn2-c2ncc(-c3ccccc3)nn2)c1)c1cccnc1)C1CC1
O=C(NCC(Oc1ccc2c(cnn2-c2ccc3ncnn3c2)c1)c1ccc2c(c1)OCCO2)c1cccnc1
O=C(NCC(Oc1ccc2c(cnn2-c2cn[nH]c2)c1)c1ccc2occc2c1)c1cocn1
O=C(NCC(Oc1ccc2c(cnn2-c2nccc(N3CCOCC3)n2)c1)c1cccnc1)c1ccon1
O=C(NCC(Oc1ccc2c(cnn2-c2ccnc(N3CCOCC3)n2)c1)c1cccc2ccccc12)c1cnoc1
O=C(NCC(Oc1ccc2c(cnn2-c2nccc3cnccc23)c1)c1ccc2ncccc2c1)c1ccoc1
O=C(NCC(Oc1ccc2c(cnn2-c2ccc(=O)[nH]n2)c1)c1ccccc1)c1ncns1
O=C(NCC(Oc1ccc2c(cnn2-c2nc3cnccc3[nH]2)c1)c1ccccc1)c1ccsc1
O=C(Cn1c(=O)ccc2ccccc21)NCC(=O)Nc1ccccc1
O=C(NCC(Oc1ccc2c(cnn2-c2cccc(-c3ccccc3)c2)c1)c1ccccc1)c1ccncc1
c1ccccc1
O=C(Cc1cccs1)NCC(Oc1ccc2c(cnn2-c2ccccn2)c1)c1ccc2c(c1)OCCO2
O=C(CCc1ccccc1)NCC(Oc1ccc2c(cnn2-c2ncnc3nccnc23)c1)c1ccc2c(c1)OCCO2
O=C(NCC(Oc1ccc2c(cnn2-c2cc3sccc3cn2)c1)c1ccc2c(c1)CCCO2)c1ccsc1
O=C(NCC(Oc1ccc2c(cnn2-c2csc3ccccc23)c1)c1ccccc1)c1cocn1
O=C(NCCOc1ccc2c(cnn2-c2ccc3c(c2)CCNC3)c1)c1ccccc1
c1ccc(-n2ncc3cc(OCc4ccc5c(c4)CN(Cc4cccnc4)CC5)ccc32)cc1
O=C(NCC(Oc1ccc2c(cnn2-c2cccc3c2cnn3-c2ccccc2)c1)c1ccc2c(c1)OCCO2)c1cncs1
c1ccc(Oc2cc(NCC3CCOCC3)c3c(cnn3-c3ccccc3)c2)cc1
O=C(NCC(Oc1ccc2c(cnn2-c2nncc3ccccc23)c1)c1ccccc1)c1ccn[nH]1
O=C(NCC(Oc1ccc2c(cnn2-c2cccc3cncnc23)c1)c1ccc2c(c1)OCCO2)c1cc[nH]n1
O=C(NCC(Oc1ccc2c(cnn2-c2ccc3c[nH]nc3c2)c1)c1ccc2c(c1)OCCO2)c1ccccc1
O=C(NCC(Oc1ccc2c(cnn2-c2n[nH]c3ccccc23)c1)c1ccc2c(c1)CCC2)c1cnco1
O=C(NCC(Oc1ccc2c(cnn2-c2ncccn2)c1)c1ccc2c(c1)CCO2)c1ccccc1
O=C(NCC(Oc1ccc2c(cnn2-c2ccccc2)c1)c1ccc2c(c1)OCCO2)c1coc2ccccc12
O=C(NCC(Oc1ccc2c(cnn2-c2cncc3ccccc23)c1)c1ncco1)c1ncon1
O=C(NCC(Oc1ccc2c(cnn2-c2cnnc3[nH]cnc23)c1)c1ccccc1)c1cccs1
O=C(CCCc1ccccc1)NCC(Oc1ccc2c(cnn2-c2ncncc2-c2ncccn2)c1)c1ccc2c(c1)OCCO2
O=C(NCC(Oc1ccc2c(cnn2-c2ccccc2)c1)c1ccccn1)c1cncs1
O=C(NCC(Oc1ccc2c(cnn2-c2cccnc2)c1)c1ccncc1)C1CC1
O=C(NCC(Oc1ccc2c(cnn2-c2cccc(N3CCCCC3)n2)c1)c1ccccc1)c1csnn1
O=C(NCC(Oc1ccc2c(cnn2-c2cc3c(cn2)CCc2cnccc2-3)c1)c1ccc2c(c1)OCCO2)c1csnn1
O=C1CCC(C(=O)NCC(Oc2ccc3c(cnn3-c3ccc(=O)[nH]c3)c2)c2ccncc2)CC1
O=C(NCC(Oc1ccc2c(cnn2-c2cn[nH]c2)c1)c1ccc2c(c1)OCCO2)c1cnc2ccccc2c1
O=C(Cc1ccccn1)NCC(Oc1ccc2c(cnn2-c2c[nH]c3cncnc23)c1)c1ccc2c(c1)OCCCO2
O=C(NCC(Oc1ccc2c(cnn2-c2ccccc2)c1)c1ccc2c(c1)CCO2)C1Cc2ccccc2C1
O=C(NCC(Oc1ccc2c(cnn2-c2nccc(N3CCCCC3)n2)c1)c1ccccc1)C1CCOCC1
c1csc(-n2cnc3ccccc32)c1
O=C1NC2(C(=O)NCC(Oc3ccc4c(cnn4-c4ncc5c(n4)CCNC5)c3)c3ccccc3)CCC1=CN=CN2
c1cc(-n2ncc3cc(OC(Cc4ccon4)c4ccc5c(c4)OCCCO5)ccc32)c2ccncc2c1
c1ccc(-n2ncc3c(N4CCC(NCCCOc5ccc(-n6cccn6)cc5)CC4)ncnc32)cc1
O=C(NCC(Oc1ccc2c(cnn2-c2cn[nH]c2)c1)c1ccccc1)c1cn[nH]c1
O=C(NCC(Oc1ccc2c(cnn2-c2ccccc2)c1)c1ccc2c(c1)CCC2)c1ccn[nH]1
O=C(NCC(Oc1ccc2c(cnn2-c2cc3c(cn2)CCNC3)c1)c1ccccc1)c1ccsc1
O=C(NCC(Oc1ccc2c(cnn2-c2cc(-c3cn[nH]c3)ccn2)c1)c1nccs1)c1cccnc1
O=C(NCC(Oc1ccc2c(cnn2-c2ccc3c(c2)CCNC3)c1)c1ccc2c(c1)OCCO2)c1cccs1
N=c1nc(-n2ncc3cc(OCc4ccc5ccccc5c4)ccc32)cc[nH]1
c1ccc(-c2ccc(-c3nc(-c4ccccc4)no3)cn2)cc1
O=C(NCC(Oc1ccc2c(cnn2-c2nc3ncccc3s2)c1)c1ccc2c(c1)OCCO2)C1COCCN1
O=C(NCC(Oc1ccc2c(cnn2-c2cnn(C3CCCC3)c2)c1)c1ccc2c(c1)OCCO2)c1cnc(-n2cncn2)s1
c1cc(-n2ncc3cc(OCc4ccc5c(c4)CCCC5)ccc32)ccn1
O=C(NCC(Oc1ccc2c(cnn2-c2cccc3[nH]cnc23)c1)c1ccnc2ccccc12)c1cnco1
O=C(NCC(Oc1ccc2c(cnn2-c2n[nH]c3ncncc23)c1)c1ccc2c(c1)OCCCO2)c1ccccc1
O=C(NCC(Oc1ccc2c(cnn2-c2cc3ncn(C4CC4)c3cn2)c1)c1ccccc1)c1cc2ccccc2[nH]1
O=C(NCC(Oc1ccc2c(cnn2-c2ccccn2)c1)c1ccc2c(c1)OCCO2)c1cnc2ccccn12
O=C(NCC(Oc1ccc2c(cnn2-c2cnc3nccn3c2)c1)c1ccc2c(c1)OCCO2)c1c[nH]cn1
O=C(NCC(Oc1ccc2c(cnn2-c2nnn[nH]2)c1)c1ccc2c(c1)OCCCO2)c1nccs1
O=C(NCC(Oc1ccc2c(cnn2-c2cccc(-n3ncc4ccccc43)c2)c1)c1ccccc1)c1ccc2nncn2c1
O=C(NCC(Oc1ccc2c(cnn2-c2ncnc3c2CCC3)c1)c1ccncc1)c1cscn1
O=C(NCc1ccccc1)c1ccc2c3c([nH]c2c1)CCCC3
O=C(NCC(Oc1ccc2c(cnn2-c2ccc3nccnc3n2)c1)c1ccc2c(c1)COC2)C1CCCCC1
O=C(NCC(Oc1ccc2c(cnn2-c2cccc3nncn23)c1)c1ccccc1)C1CCCO1
O=C(Cn1ncc2cccnc21)NCC(Oc1ccc2c(cnn2-c2cn[nH]c2)c1)c1ccc2c(c1)CCC2
C1=C2CCCC(CCOc3ccccc3)C2Cc2cnn(-c3ccccc3)c21
O=C(NCC(Oc1ccc2c(cnn2-c2cccc(C3CC3c3nnco3)n2)c1)c1ccc2c(c1)OCCO2)C1CCCOC1
O=C(NCC(Oc1ccc2c(cnn2-c2cn[nH]c2)c1)c1ccccc1)c1cccnc1
O=C(NCC(Oc1ccc2c(cnn2-c2ccccc2)c1)c1ccc2c(c1)OCCO2)c1cnc2[nH]ncc2c1
O=C(NCC(Oc1ccc2c(cnn2-c2cc3c(N4CCOCC4)noc3cn2)c1)c1ccc2c(c1)OCCO2)C1CC1
O=C(Cc1ccccc1)NCC(Oc1ccc2c(cnn2-c2cncc(-n3ccnc3)c2)c1)c1ccc2c(c1)OCCO2
O=C(NCC(Oc1ccc2c(cnn2-c2ccccc2-c2nnco2)c1)c1ccc2c(c1)OCCO2)c1ccc(=O)[nH]c1
O=C(NCC(Oc1ccc2c(cnn2-c2cnn(-c3cn[nH]c3)c2)c1)c1cnc(C2CC2)nc1)c1ccco1
O=C(NCC(Oc1ccc2c(cnn2-c2ccn(C3CCCOC3)n2)c1)c1ccccc1)c1ccccn1
O=C(NCC(Oc1ccc2c(cnn2-c2cccc(-c3cnn[nH]3)c2)c1)c1ccc2c(c1)OCCO2)c1cccc2ncccc12
O=C(NCC(Oc1ccc2c(cnn2-c2nc3ccccc3s2)c1)c1ccc2c(c1)OCCO2)c1cnoc1
c1cc2c(cc1COc1ccc3c(cnn3-c3cnc4[nH]ncc4c3)c1)OCCN2C1CCOCC1
O=C(NCC(Oc1ccc2c(cnn2-c2ncnc3ccsc23)c1)c1ccccc1)c1cnoc1
O=C(NCC(Oc1ccc2c(cnn2-c2nn[nH]n2)c1)c1ccc2c(c1)CCC2)c1cccc2c1CCCC2
c1ccc(-c2cc(-c3cc(-c4cccs4)[nH]c3-c3ccccc3)no2)cc1
O=C(NCC(Oc1ccc2c(cnn2-c2ccccn2)c1)c1ccccc1)c1ccon1
O=C(NCC(Oc1ccc2c(cnn2-c2ccncc2-c2ccn[nH]2)c1)c1ccc2c(c1)OCCO2)C1CCC1
O=C(NCC(Oc1ccc2c(cnn2-c2ccccc2-c2ccccn2)c1)c1ccc2c(c1)OCCS2)C1CCC1
O=C(NCC(Oc1ccc2c(cnn2-c2nccc3c2CCN(Cc2ccccc2)C3)c1)c1ccc2c(c1)OCCO2)c1cn[nH]c1
O=C(Nc1cccnc1)c1cccc(NC(=O)c2c(N3CCOCC3)cccc2N(CC2CC2)c2ccc3cncnc3c2)c1
c1cc2c(cc1COc1ccc3c(cnn3-c3ccc4c(c3)CNCC4)c1)OCCCO2
O=C(NCC(Oc1ccc2c(cnn2-c2cccc(C3CC3)n2)c1)c1ccccc1)c1ccco1
O=C(NCC(Oc1ccc2c(cnn2-c2c[nH]nn2)c1)c1ccc2c(c1)OCCO2)c1ccsc1
O=C(NCC(Oc1ccc2c(cnn2-c2cn[nH]c2)c1)c1ccccc1)c1ccco1
O=C(NCC(Oc1ccc2c(cnn2-c2nccc(N3CCOCC3)n2)c1)c1ccc2c(c1)OCCO2)c1cccc2ccccc12
O=C(NCC(Oc1ccc2c(cnn2-c2ccc3ncccc3c2)c1)c1ccccc1)c1cncc2ccccc12
O=C(Cc1ccccc1)NCC(Oc1ccc2c(cnn2-c2ccon2)c1)c1ccc2c(c1)OCCO2
O=C(NCC(Oc1ccc2c(cnn2-c2cc3c(cn2)CN(Cc2cnco2)CC3)c1)c1ccc2c(c1)OCCO2)c1ccncc1
O=C(NCC(Oc1ccc2c(cnn2-c2nccc3c2CCNC3)c1)c1ccc2c(c1)OCCO2)c1cccn2ccnc12
O=C(NCC(Oc1ccc2c(cnn2-c2cnc3cnccc3c2)c1)c1ccc2c(c1)OCCCO2)c1cn[nH]c1
O=C(NCC(Oc1ccc2c(cnn2-c2n[nH]c3ccncc23)c1)c1ccc2c(c1)OCCO2)c1cccc2ccccc12
O=C(NCC(Oc1ccc2c(cnn2-c2cc3c(cn2)CCC3)c1)c1ccc2c(c1)OCCO2)c1cccc2cnccc12
O=C(NCC(Oc1ccc2c(cnn2-c2ncccn2)c1)c1ccc2c(c1)OCCO2)c1ccncc1
c1cnc2nc(-n3ncc4cc(OCc5ccncc5)ccc43)ccc2c1
O=C(NCC(Oc1ccc2c(cnn2-c2ncccn2)c1)c1ccc2c(c1)CCO2)c1cnoc1
O=C(NCC(Oc1ccc2c(cnn2-c2ccncn2)c1)c1ccc2c(c1)CCO2)c1cccnc1
O=C(NCC(Oc1ccc2c(cnn2-c2ncnc3c2CCC3)c1)c1ccc2c(c1)OCCO2)c1cscn1
c1cc(-n2ncc3cc(OCc4ccc5c(c4)CCO5)ccc32)ncn1
O=C(NCC(Oc1ccc2c(cnn2-c2ccccc2)c1)c1ccc2c(c1)OCCO2)c1cnco1
O=C(NCC(Oc1ccc2c(cnn2-c2cncc(C3CCOCC3)n2)c1)c1ccccc1)C1CCC1
O=C(NCC(Oc1ccc2c(cnn2-c2ccc3c(c2)CCCC3)c1)c1cnccn1)C1CC1
c1ccc(Oc2ccc3c(c2)nnn3-c2cccc(-n3ncc4ccccc43)c2)cc1
O=C(NCC(Oc1ccc2c(cnn2-c2cncc3ccccc23)c1)c1ccc2c(c1)OCCO2)c1ccn[nH]1
O=C(NCC(Oc1ccc2c(cnn2-c2ccc3cnccc3c2)c1)c1cccnc1)c1cocn1
O=C(NCC(Oc1ccc2c(cnn2-c2nnc(-c3ccco3)s2)c1)c1ccccc1)c1nnco1
O=C(NCC(Oc1ccc2c(cnn2-c2nc3ccccc3[nH]2)c1)c1ccc2c(c1)OCCO2)c1ccccc1
c1ccc(COc2cc(-c3cnc[nH]3)ccc2-c2nnc(-c3ccccc3)s2)cc1
O=C(NCC(Oc1ccc2c(cnn2-c2cnc3c(cnn3C3CCC3)c2)c1)c1ccccc1)c1cnoc1
O=C(NCC(Oc1ccc2c(cnn2-c2ccc3ncc(N4CCOCC4)cc3c2)c1)c1ccc2c(c1)OCCO2)c1ccccc1
O=C(NCC(Oc1ccc2c(cnn2-c2cccnn2)c1)c1ccc2c(c1)OCCO2)c1ccccc1
O=C(NCC(Oc1ccc2c(cnn2-c2ncon2)c1)c1ccc2c(c1)OCCCO2)Nc1ccccc1
O=C(NCC(Oc1ccc2c(cnn2-c2ncn[nH]2)c1)c1ccccc1)c1cncnc1
O=C(NCC(Oc1ccc2c(cnn2-c2ccc3cccnc3n2)c1)c1nnnn1-c1ccccc1)C1CCC1
O=C(NCC(Oc1ccc2c(cnn2-c2cncc(-c3cnn(C4CCCCO4)c3)c2)c1)c1ccc2c(c1)OCCO2)C1CCCOC1
O=C(NCC(Oc1ccc2c(cnn2-c2ccnn2-c2ccccc2)c1)c1ccc2c(c1)OCCO2)c1ccn[nH]1
N=c1nc(-n2ncc3cc(OC(CNC(=O)c4cccc5c4CCCO5)c4ccc5c(c4)OCCO5)ccc32)cc[nH]1
O=C(NCC(Oc1ccc2c(cnn2-c2ccnc(C3CC3)n2)c1)c1cccnc1)c1cnco1
O=C(NCC(Oc1ccc2c(cnn2-c2ccc3oncc3c2)c1)c1ccc2c(c1)OCC2)C1CC1
O=C(NCC(Oc1ccc2c(cnn2-c2cncc3nccnc23)c1)c1ccc2c(c1)OCCO2)c1cccnc1
O=C(NCC(Oc1ccc2c(cnn2-c2cccc(-c3ccccc3)c2)c1)c1ccc2c(c1)CCNC2)C1CCCCC1
O=C(NCC(Oc1ccc2c(cnn2-c2cccc(-c3ncccn3)c2)c1)c1ccc2c(c1)OCCO2)C1COCCO1
O=c1c(-n2ncc3cc(OCc4ccc5c(c4)CCO5)ccc32)cccn1Cc1cscn1
O=C(NCC(Oc1ccc2c(cnn2-c2ccc(N3CCNCC3)nc2)c1)c1ccc2c(c1)OCCO2)c1csc2cccnc12
c1cc2nc(-n3ncc4cc(OCc5ccc6c(c5)CCOC6)ccc43)cnc2s1
N=c1[nH]c(-c2ccco2)nc2c1CCNCC2
O=C(NCc1ccccc1)C1N=CNc2cc(-c3cncnc3)ccc2O1
O=C(COc1ccc2[nH]ncc2c1)NCC(Oc1ccc2c(cnn2-c2ccccc2)c1)c1ccc2c(c1)CCC2
O=C(NCC(Oc1ccc2c(cnn2-c2cc(-c3ccsc3)ccn2)c1)c1ccc2c(c1)OCCO2)C1CCCOC1
c1cncc(CN2CCc3cc(-n4ncc5cc(OCc6ccc7c(c6)OCCCO7)ccc54)cnc3C2)c1
O=C(Cc1ccccn1)NCC(Oc1ccc2c(cnn2-c2ccc3cncnc3n2)c1)c1ccc2c(c1)CCC2
O=C(NCC(Oc1ccc2c(cnn2-c2cccc(-n3ccnc3)c2)c1)c1ccc2c(c1)OCCCO2)c1ccsc1
O=C(NCC(Oc1ccc2c(cnn2-c2ccc3nn(-c4cccnc4)cc3c2)c1)c1ccc2c(c1)CNC2)C1CC1
O=C(NCC(Oc1ccc2c(cnn2-c2ccc3[nH]ncc3c2)c1)c1ccc2c(c1)OCCO2)c1cccnc1
O=C(NCC(Oc1ccc2c(cnn2-c2cncc(-c3cnn(C4CC4)c3)c2)c1)c1ccc2c(c1)CCC2)C1CCCCC1
O=C(NCC(Oc1ccc2c(cnn2-c2nccc3c2CCNC3)c1)c1ccc2c(c1)CCC2)c1ncns1
O=C(NCC(Oc1ccc2c(cnn2-c2cccc3c2cnn3-c2ccccc2)c1)c1ccc2c(c1)CCO2)c1ccn[nH]1
O=C(NCC(Oc1ccc2c(cnn2-c2cnc3[nH]cnc3c2)c1)c1ccc2c(c1)OCCO2)C1CCC1
O=C(NCC(Oc1ccc2c(cnn2-c2[nH]ncc2-c2ccncc2)c1)c1ccccc1)c1cncs1
O=C(NCC(Oc1ccc2c(cnn2-c2nnco2)c1)c1ccc2c(c1)OCCCO2)c1cn2ccccc2n1
c1cnc2cc(C(Oc3ccc4c(cnn4-c4cccc5cnccc45)c3)c3cncn3C3CC3)ccc2c1
O=C(NCC(Oc1ccc2c(cnn2-c2cccnc2)c1)c1ccc2c(c1)CCC2)C1CC1c1ccccc1
N=c1cc[nH]c(-n2ncc3cc(OC(CNC(=O)c4ccn[nH]4)c4ccc5c(c4)OCCO5)ccc32)c1
N=C1OCCC2C3CCC4=CC(=O)C=CC4C3CCC2C12CCCC2
O=C(NCC(Oc1ccc2c(cnn2-c2cccnc2COc2ccc3c(cnn3-c3ccccc3)c2)c1)c1cccnc1)c1cnoc1
O=C(NCC(Oc1ccc2c(cnn2-c2cc(-c3ccsc3)ccn2)c1)c1ccc2c(c1)OCCO2)c1cccnn1
c1cc2c(-n3ncc4cc(OCc5ccc6c(c5)COC6)ccc43)nccc2cn1
O=C(NCC(Oc1ccc2c(cnn2-c2ccccn2)c1)c1ccc2c(c1)OCCO2)c1ccccc1
O=C(NCC(Oc1ccc2c(cnn2-c2ncccn2)c1)c1ccc2c(c1)OCCO2)c1ccoc1
O=C(NCC(Oc1ccc2c(cnn2-c2ccccn2)c1)c1ccc2c(c1)OCCO2)c1ccn2c1NCCC2
O=C(NCC(Oc1ccc2c(cnn2-c2ccn[nH]2)c1)c1cccnc1)c1cnoc1
O=C1CC(CCn2nnc(-n3ncc4cc(OC(CNC(=O)c5ccccc5)c5ccccc5)ccc43)n2)CN1
c1cncc(-n2ncc3ccc(-n4ncc5cc(OCc6ccc7c(c6)OCC7)ccc54)cc32)c1
O=C(NCC(Oc1ccc2c(cnn2-c2nn[nH]n2)c1)c1ccccc1)c1cnco1
O=C(NCC(Oc1ccc2c(cnn2-c2c[nH]cn2)c1)c1ccc2c(c1)OCCO2)c1cnco1
O=C(NCC(Oc1ccc2c(cnn2-c2nnc3ccccn23)c1)c1ccccc1)c1cnccn1
O=C(NCC(Oc1ccc2c(cnn2-c2ccccc2-c2ccn[nH]2)c1)c1ccccc1)c1cnoc1
O=C(NCC(Oc1ccc2c(cnn2-c2ncnc3c2CCC3)c1)c1ccccc1)c1cnn2ccccc12
O=C1Cc2cnc(-n3ncc4cc(OCc5ccc6sc7ccccc7c6c5)ccc43)nc2N1
c1cc(-c2ccc3nc[nH]c3c2)c2ccncc2c1
O=C(NCC(Oc1ccc2c(cnn2-c2ccccc2)c1)c1cn(C2CC2)nn1)C1CCCCN1
c1ccc2[nH]c(CSc3nnc(-c4ccc(-n5cccc5)cc4)[nH]3)nc2c1
O=C(NCC(Oc1ccc2c(cnn2-c2cnc3[nH]ccc3c2)c1)c1ccc2c(c1)OCCO2)c1ccno1
O=C(NCC(Oc1ccc2c(cnn2-c2ccnc(N3CCC3)n2)c1)c1ccc2c(c1)OCCO2)c1ccoc1
O=C(NCC(Oc1ccc2c(cnn2-c2cccc(-n3cncn3)c2)c1)c1ccc2c(c1)CCC2)c1cc[nH]n1
O=C(Cc1ccccc1)NCC(Oc1ccc2c(cnn2-c2ccnn2-c2ccccc2)c1)c1ccc2c(c1)OCCO2
N=c1nc(-n2ncc3cc(OC(CNC(=O)c4ccncc4)c4ccc5ccccc5c4)ccc32)cc[nH]1
O=C(NCC(Oc1ccc2c(cnn2-c2ccccc2)c1)c1cccnc1)c1cc[nH]n1
O=C(NCC(Oc1ccc2c(cnn2-c2cnc3c(cnn3C3CC3)c2)c1)c1ccc2c(c1)OCCO2)c1ccncc1
O=C(COc1ccccc1)NCC(Oc1ccc2c(cnn2-c2cc(C3CC3)ncn2)c1)c1ccc2c(c1)OCCO2
O=C(NCC(Oc1ccc2c(cnn2-c2ncnc3[nH]ncc23)c1)c1ccc2c(c1)OCCO2)c1c[nH]cn1
O=C(NCC(Oc1ccc2c(cnn2-c2c[nH]nn2)c1)c1ccc2c(c1)OCCCO2)c1ccncc1
O=C(NCC(Oc1ccc2c(cnn2-c2cc(C3CC3)ncn2)c1)c1cccnc1)C1CCC1
O=C(NCC(Oc1ccc2c(cnn2-c2nnn(Cc3ccccc3)n2)c1)c1ccc2c(c1)OCCCO2)c1ccccc1
O=C(NCC(Oc1ccc2c(cnn2-c2cc3c(cn2)OCc2ccccc2-3)c1)c1cccnc1)C1COCCO1
N=c1nc(-n2ncc3cc(OC(CNC(=O)c4cscn4)c4ccccc4)ccc32)[nH]c2c1ncn2C1CCCOC1
c1ccn2c(-c3cc[nH]c(=Nc4ccn[nH]4)n3)c(-n3ncc4cc(OCc5ccc6c(c5)OCCO6)ccc43)nc2c1
O=C(NCC(Oc1ccc2c(cnn2-c2csc(N3CCNCC3)n2)c1)c1ccc2c(c1)OCCO2)c1cnccn1
N=c1nc(-n2ncc3cc(OC(CNC(=O)c4ccccc4)c4ccc5c(c4)OCCO5)ccc32)cc[nH]1
c1cnc2c(COc3ccc4c(cnn4-c4ccn[nH]4)c3)cccc2c1
O=C(NCC(Oc1ccc2c(cnn2-c2cc3c(cn2)CN(Cc2ccncc2)CC3)c1)c1ccc2c(c1)OCCO2)c1cscn1
O=C(NCC(Oc1ccc2c(cnn2-c2ccccc2)c1)c1ccc2c(c1)CCCC2)c1ccon1
O=C(NCC(Oc1ccc2c(cnn2-c2cnccn2)c1)c1ccccc1)c1cnoc1
O=C(NCC(Oc1ccc2c(cnn2-c2ncnc3[nH]ccc23)c1)c1ccccc1)c1nn[nH]n1
O=C(CCc1ccc(-n2cnnn2)cc1)NCC(Oc1ccc2c(cnn2-c2ccnn2-c2ccccc2)c1)c1ccc2c(c1)OCCO2
O=C(NCC(Oc1ccc2c(cnn2-c2ccccn2)c1)c1ccc2c(c1)OCCO2)c1ccccc1
O=C(NCC(Oc1ccc2c(cnn2-c2cnc3ccncc3c2)c1)c1ccc2c(c1)OCCO2)c1cnccn1
O=C(CN1CCOCC1)N1CCCn2nc(-n3ncc4cc(OCc5ccc6[nH]ncc6c5)ccc43)cc2C1
N=c1ccc2nccc(-n3ncc4cc(OC(CNC(=O)C5CC5)c5ccc6c(c5)OCCO6)ccc43)c2[nH]1
O=C(NCC(Oc1ccc2c(cnn2-c2ccc3c(c2)CCNCC3)c1)c1ccccc1)c1cccnc1
O=C(NCC(Oc1ccc2c(cnn2-c2cc[nH]n2)c1)c1ccccc1)c1ccccc1
O=C(NCC(Oc1ccc2c(cnn2-c2ccccn2)c1)c1ccc2c(c1)CCN(C1CCC1)CC2)C1CCOCC1
O=C(NCC(Oc1ccc2c(cnn2-c2ccccc2)c1)c1ccc2occc2c1)c1ccccn1
O=C(NCC(Oc1ccc2c(cnn2-c2cn3cnnc3c(N3CCOCC3)n2)c1)c1ccc2c(c1)OCCO2)c1ccnc2ccccc12
O=C(NCC(Oc1ccc2c(cnn2-c2cccnc2)c1)c1ccccn1)C1CCCN1
N=c1[nH]ccc2ccc(-n3ncc4cc(OC(CNC(=O)CCc5ccccc5)c5ccc6c(c5)OCCO6)ccc43)cc12
O=C(NCC(Oc1ccc2c(cnn2-c2ccccn2)c1)c1ccc2c(c1)CCC2)c1ccco1
O=C(NCC(Oc1ccc2c(cnn2-c2nncs2)c1)c1ccncc1)c1ccsc1
O=C(NCC(Oc1ccc2c(cnn2-c2ncnn2-c2ccccc2)c1)c1ccccc1)c1nc[nH]n1
O=C(NCC(Oc1ccc2c(cnn2-c2cc3c(cn2)ncn3C2CC2)c1)c1ccccc1)c1ccccc1
O=C(NCC(Oc1ccc2c(cnn2-c2ccc3ncccc3c2)c1)c1ccncc1)c1nccs1
O=C(NCC(Oc1ccc2c(cnn2-c2ccccn2)c1)c1cncnc1)c1cnco1
O=C(NCC(Oc1ccc2c(cnn2-c2ccc3c(N4CCOCC4)nn(-c4ccccc4)c3n2)c1)c1ccc2c(c1)OCCO2)C1CCCO1
O=C(NCC(Oc1ccc2c(cnn2-c2cccc(-c3ccccc3)c2)c1)c1ccc2c(c1)OCCO2)c1cccs1
O=C(NCC(Oc1ccc2c(cnn2-c2c[nH]nn2)c1)c1ccccc1)C1COC1
N=c1nc(-n2ncc3cc(OC(CNC(=O)c4ccccc4)c4ccccc4)ccc32)cc[nH]1
c1ccc(CCc2nc3ccccc3o2)cc1
O=C(NCC(Oc1ccc2c(cnn2-c2ncccn2)c1)c1ccc2c(c1)OCCO2)c1ccccc1
O=C(NCC(Oc1ccc2c(cnn2-c2nnc[nH]2)c1)c1ccc2c(c1)OCCCO2)c1ccncc1
O=C(NCC(Oc1ccc2c(cnn2-c2ccc3c(c2)OCCO3)c1)c1ccc2c(c1)OCCO2)c1cnoc1
O=C(NCC(Oc1ccc2c(cnn2-c2cccc3c2CCC3)c1)c1ccc2c(c1)OCCCO2)c1ccn[nH]1
O=C(NCC(Oc1ccc2c(cnn2-c2cnc(-c3ccoc3)nn2)c1)c1ccccc1)C1CC1
c1ccc(COc2ccc3c(cnn3-c3cccnn3)c2)cc1
O=C(NCC(Oc1ccc2c(cnn2-c2ccc(=O)[nH]n2)c1)c1ccc2c(c1)CCC2)c1cnco1
O=C(NCC(Oc1ccc2c(cnn2-c2ncc3ccccc3n2)c1)c1ccccc1)c1ncns1
O=C(NCC(Oc1ccc2c(cnn2-c2cn(CCC3CC3)nn2)c1)c1ccccc1)c1ncco1
O=C(NCC(Oc1ccc2c(cnn2-c2ccccc2-c2ncccn2)c1)c1ccc2scnc2c1)C1CCCCO1
O=C(NCC(Oc1ccc2c(cnn2-c2cc3c(cn2)NCC3)c1)c1ccc2c(c1)OCCO2)c1cnco1
c1cc(-n2ncc3cc(OCc4ccc5c(c4)CCNCC5)ccc32)n[nH]1
O=C(NCC(Oc1ccc2c(cnn2-c2cccc(-n3cccn3)c2)c1)c1ncco1)c1csnn1
O=C(NCC(Oc1ccc2c(cnn2-c2ccc(-n3ccnc3)cc2)c1)c1ccc2c(c1)OCCO2)c1ccncc1
O=C(NCC(Oc1ccc2c(cnn2-c2ccn[nH]2)c1)c1ccc2c(c1)OCCC2)c1cscn1
O=C(NCC(Oc1ccc2c(cnn2-c2cnc3[nH]ccc(=O)c3c2)c1)c1ccc2c(c1)OCCO2)c1ccccc1
O=C(NCC(Oc1ccc2c(cnn2-c2cn3ccnc3cn2)c1)c1ccc2c(c1)OCCN2)C1CCCCC1
O=C(NCC(Oc1ccc2c(cnn2-c2ncc(-c3cccnc3)cn2)c1)c1cccc2c1CCCC2)C1CCC1
O=C(NCC(Oc1ccc2c(cnn2-c2ccc3c(c2)CCC3)c1)c1ccc2c(c1)CCC2)c1cccnc1
c1cc(N2CCCNCC2)nc(-n2ncc3cc(OCc4ccc5c(c4)OCCCO5)ccc32)c1
O=C(NCC(Oc1ccc2c(cnn2-c2ncc3n[nH]cc3n2)c1)c1ccccc1)c1csnn1
O=C(NCC(Oc1ccc2c(cnn2-c2ccnc3ccnn23)c1)c1ccccc1)c1cnsn1
O=C(NCC(Oc1ccc2c(cnn2-c2cn3ccnc3cn2)c1)c1ccc2c(c1)OCCO2)c1ccoc1
O=C(NCC(Oc1ccc2c(cnn2-c2ccc(-c3ccccc3)cc2)c1)c1ccc2c(c1)OCCO2)c1cccnc1
O=C(NCC(Oc1ccc2c(cnn2-c2ccc3scnc3c2)c1)c1ccc2c(c1)OCCO2)c1csc2ccccc12
O=C(NCC(Oc1ccc2c(cnn2-c2nccc3c2CCNC3)c1)c1ccc2c(c1)CCC2)c1cnc[nH]1
O=C(NCC(Oc1ccc2c(cnn2-c2cncc(-n3cncn3)c2)c1)c1ccccc1)c1nccs1
O=C(NCC(Oc1ccc2c(cnn2-c2ccccn2)c1)c1ccc2c(c1)CCO2)c1cccc2ccccc12
O=C(NCC(Oc1ccc2c(cnn2-c2cccc3ccnn23)c1)c1ccc2c(c1)OCCCO2)c1ccccc1
O=C(NCC(Oc1ccc2c(cnn2-c2cccnc2)c1)c1ccc2c(c1)OCCO2)c1cnn2ccccc12
c1ncc(-n2ncc3cc(OCc4ccc5c(c4)OCCO5)ccc32)[nH]1
O=C(NC(=O)Oc1ccccc1)Oc1ccccc1
O=C(NCC(Oc1ccc2c(cnn2-c2ccc(CN3CCOCC3)cn2)c1)c1ccc2c(c1)OCC2)C1(c2ccccc2)CC1
O=C(COc1ccccc1)NCC(Oc1ccc2c(cnn2-c2nnco2)c1)c1ccccc1
O=C(CCc1ccccc1)NCC(Oc1ccc2c(cnn2-c2cnc3ncncc3c2)c1)c1ccc2c(c1)CCC2
O=C(NCC(Oc1ccc2c(cnn2-c2ncns2)c1)c1ccc2c(c1)CCNCC2)c1cccnc1
O=C(NCC(Oc1ccc2c(cnn2-c2cccc3[nH]cnc23)c1)c1ccc2c(c1)OCCO2)c1cccc2ccsc12
O=C(NCC(Oc1ccc2c(cnn2-c2ccccc2-c2ncco2)c1)c1ccc2c(c1)OCCO2)c1cccnc1
O=C(NCC(Oc1ccc2c(cnn2-c2cccnc2-c2ccccn2)c1)c1ccccc1)c1ccc[nH]1
O=C(NCC(Oc1ccc2c(cnn2-c2nccc3c2[nH]c2cnccc23)c1)c1ccc2c(c1)OCCO2)c1cnn(C2CCCCC2)c1
O=C(NCC(Oc1ccc2c(cnn2-c2ccc3c(cnn3-c3ccccc3)c2)c1)c1ccccc1)c1ccns1
O=C(NCC(Oc1ccc2c(cnn2-c2ncco2)c1)c1cnccn1)c1cccnc1
O=C(NCC(Oc1ccc2c(cnn2-c2cc3cncnc3[nH]2)c1)c1ccc2c(c1)OCCO2)c1cnccn1
O=C(NCC(Oc1ccc2c(cnn2-c2ccccc2)c1)c1ccc2c(c1)OCCC2)c1cnc2nccn2c1
N=c1[nH]c2cn(-c3ccccc3)nc2n1-c1ccccc1
O=C(NCC(Oc1ccc2c(cnn2-c2nccs2)c1)c1ccc2c(c1)OCCN2)c1ccnnc1
O=C(NCC(Oc1ccc2c(cnn2-c2cnc3n(c2=O)CCCC3)c1)c1ccc2c(c1)OCCO2)c1ccc2ccccc2c1
O=C(NCC(Oc1ccc2c(cnn2-c2cn[nH]c2)c1)c1nc2ccccc2[nH]1)c1ccon1
O=C(NCC(Oc1ccc2c(cnn2-c2ccccc2)c1)c1ccc2c(c1)OCCO2)c1ccc2ncccc2c1
O=C(NCC(Oc1ccc2c(cnn2-c2cnc3ncncc3n2)c1)c1ccccc1)c1ccn[nH]1
O=C(NCC(Oc1ccc2c(cnn2-c2cccc(C3CC3)n2)c1)c1ccc2c(c1)OCCO2)c1ccn[nH]1
O=C(NCC(Oc1ccc2c(cnn2-c2ccccn2)c1)c1ccccn1)c1cnn(-c2ccccc2)c1
O=C(NCC(Oc1ccc2c(cnn2-c2cc3ccccc3cn2)c1)c1ccc2c(c1)OCCO2)c1cnc2ncccn12
O=C(NCC(Oc1ccc2c(cnn2-c2cccc3ccsc23)c1)c1ccc2c(c1)OCCO2)c1ccco1
c1ccc(COc2ccc3c(cnn3-c3cncnc3)c2)cc1
O=C(NCC(Oc1ccc2c(cnn2-c2nc3cnccn3n2)c1)c1ccccc1)c1csnn1
O=C(NCC(Oc1ccc2c(cnn2-c2ncon2)c1)c1ccc2c(c1)CCNC2)C1CC1
O=C(NCC(Oc1ccc2c(cnn2-c2cnccn2)c1)c1ccccc1)c1nncs1
O=C(NCC(Oc1ccc2c(cnn2-c2cnc3ccccc3n2)c1)c1ccc2c(c1)CNC2)c1ccn[nH]1
c1ccc(COc2ccc3c(cnn3-c3n[nH]c4ccncc34)c2)cc1
c1cnnc(-n2ncc3cc(OCc4ccc5c(c4)OCCN5)ccc32)c1
O=C(NCC(Oc1ccc2c(cnn2-c2[nH]nc3ncncc23)c1)c1ccccc1)c1nnn[nH]1
O=C(NCC(Oc1ccc2c(cnn2-c2cc3ccoc3cn2)c1)c1ccc2c(c1)OCCO2)c1ccoc1
O=C(NCC(Oc1ccc2c(cnn2-c2cccc(-c3cccnc3)c2)c1)c1ccc2c(c1)OCCO2)C1CCCO1
O=C(NCC(Oc1ccc2c(cnn2-c2ccc3[nH]nnc3c2)c1)c1ccc2c(c1)OCCO2)c1cnco1
O=C(NCC(Oc1cc2cnn(-c3cncnc3)c2s1)c1ccc2c(c1)CCNC2)c1ccc2c(c1)OCC2
O=c1c(-n2ncc3cc(OCc4ccc5c(c4)OCCO5)ccc32)cnc2ccccn12
O=C(NCC(Oc1ccc2c(cnn2-c2ccc3ccccc3n2)c1)c1cccnc1)c1ccnnc1
O=C(NCC(Oc1ccc2c(cnn2-c2ncc3c(n2)CCC3)c1)c1ccc2c(c1)OCCO2)c1cnccn1
c1cc(-n2ncc3cc(OCc4ccc5c(c4)OCCN5)ccc32)[nH]n1
O=C(NCC(Oc1ccc2c(cnn2-c2ncc[nH]2)c1)c1ccc2c(c1)CCC2)c1ccoc1
O=C(NCC(Oc1ccc2c(cnn2-c2ccccn2)c1)c1ccc2c(c1)OCCO2)c1cnc[nH]1
O=C(NCC(Oc1ccc2c(cnn2-c2ncn(-c3ccccc3)n2)c1)c1ccc2ccccc2c1)C1CC1
O=C(NCC(Oc1ccc2c(cnn2-c2cc3ccccc3cn2)c1)c1ccccn1)C1CCCCC1
O=C(NCC(Oc1ccc2c(cnn2-c2ccncn2)c1)c1ccc2c(c1)OCCCO2)c1ccccc1
O=C(NCC(Oc1ccc2c(cnn2-c2cccnn2)c1)c1ccc2c(c1)OCCO2)C1CCC1
O=C(NCC(Oc1ccc2c(cnn2-c2cc3ccccc3cn2)c1)c1ccccc1)c1nccs1
O=C(NCC(Oc1ccc2c(cnn2-c2nc(C3CC3)cnc2-c2cccnc2)c1)c1ccc2c(c1)OCCO2)c1cnccn1
c1ccc(COc2ccc3c(cnn3-c3cc4c(cn3)CN(C3CCC3)CC4)c2)cc1
O=C(NCC(Oc1ccc2c(cnn2-c2ccccc2-n2ccnn2)c1)c1cncnc1)c1ccncc1
O=S(=O)(NCC(Oc1ccc2c(cnn2-c2ccncn2)c1)c1ccc2c(c1)OCCO2)c1cnoc1
O=C(NCC(Oc1ccc2c(cnn2-c2ccccc2)c1)c1ccccc1)c1ncn[nH]1
O=C(NCC(Oc1ccc2c(cnn2-c2ncnc3[nH]cnc23)c1)c1ccccc1)c1ccoc1
c1cc(-n2ncc3ccccc32)nc(-n2ncc3cc(OCc4ccc5c(c4)OCCO5)ccc32)c1
O=C(NCC(Oc1ccc2c(cnn2-c2cccnn2)c1)c1ccc2c(c1)OCCO2)c1ccccc1
c1cc2cc(COc3ccc4c(cnn4-c4ccc5c(c4)CCN5)c3)ccc2[nH]1
O=C(NCC(Oc1ccc2c(cnn2-c2cn[nH]c2)c1)c1ccccc1)C1CCCN1Cc1cncnc1
O=C(NCC(Oc1ccc2c(cnn2-c2ccccn2)c1)c1ccccc1)c1ccccn1
O=C(NCC(Oc1ccc2c(cnn2-c2ccccc2-c2nn[nH]n2)c1)c1ccccc1)c1ccncc1
O=C(COc1ccccc1)NCC(Oc1ccc2c(cnn2-c2nnc3ccccn23)c1)c1ccc2c(c1)OCCO2
N=c1nc(-n2ncc3cc(OC(CNC(=O)c4ccnn4-c4ccccc4)c4ccccc4)ccc32)cc[nH]1
O=C(NCC(Oc1ccc2c(cnn2-c2ccnc(C3CC3)c2)c1)c1ccc2occc2c1)c1ccn[nH]1
O=C(NCC(Oc1ccc2c(cnn2-c2ccccc2)c1)c1ccc2c(c1)OCCO2)c1cncs1
O=C(NCC(Oc1ccc2c(cnn2-c2n[nH]c3cc(-c4ccn[nH]4)ncc23)c1)c1ccc2c(c1)OCCO2)c1cnc[nH]1
O=C(NCC(Oc1ccc2c(cnn2-c2cccc(N3CC4CC3CO4)n2)c1)c1ccc2ccccc2n1)C1CC1
O=C(NCC(Oc1ccc2c(cnn2-c2cccnc2)c1)c1ccccc1)c1ccn[nH]1
O=C(NCC(Oc1ccc2c(cnn2-c2cc3cccnc3cn2)c1)c1ccc2c(c1)OCCO2)c1c[nH]cn1
O=C(NCC(Oc1ccc2c(cnn2-c2nc[nH]n2)c1)c1ccc2c(c1)OCCO2)c1cccs1
N=c1ccc(-n2ncc3cc(OC(CNC(=O)c4nccs4)c4ccc5c(c4)OCCO5)ccc32)n[nH]1
O=C(NCC(Oc1ccc2c(cnn2-c2ncc3[nH]cnc3n2)c1)c1ccccc1)C1CCOC1
O=C(COc1ccccc1)NCC(Oc1ccc2c(cnn2-c2cn(CC3CCCC3)nn2)c1)c1ccccc1
c1ccc(-n2ncc3cc(OCc4ccc5c(c4)CN(C4Cc6ccccc6C4)C5)ccc32)cc1
O=C(NCC(Oc1ccc2c(cnn2-c2nccc3c2CCNC3)c1)c1ccc2c(c1)OCCCO2)c1cn[nH]c1
O=C(NCc1ccccn1)C(Oc1ccc2c(cnn2-c2ccccc2)c1)c1ccccc1
O=C(NCC(Oc1ccc2c(cnn2-c2ccc3c(c2)OCCO3)c1)c1ccc2c(c1)OCCO2)c1cncc2ccccc12
O=C(NCC(Oc1ccc2c(cnn2-c2cnc3ccccc3c2)c1)c1ccc2c(c1)CCC2)c1cc[nH]n1
O=C(CCc1ccccc1)NCC(Oc1ccc2c(cnn2-c2cnc3c(c2)CCCN3)c1)c1ccc2c(c1)OCCO2
O=C(NCC(Oc1ccc2c(cnn2-c2ccc3cnn(-c4cn[nH]c4)c3c2)c1)c1ccc2c(c1)OCCO2)c1cnoc1
O=C(NCC(Oc1ccc2c(cnn2-c2cccc(-n3ccnc3)c2)c1)c1ccc2c(c1)CCC2)C1CCNCC1
O=C(NCC(Oc1ccc2c(cnn2-c2nnn(Cc3ccccc3)n2)c1)c1ccc2c(c1)OCCO2)c1cccnc1
O=C(NCC(Oc1ccc2c(cnn2-c2cnn(-c3ccccc3)n2)c1)c1ccc2c(c1)OCCO2)C1CCCCC1
O=c1ccc2cnn(-c3ccccc3)c2[nH]1
O=C(NCC(Oc1ccc2c(cnn2-c2cnc3c(N4CCCC4)cccn23)c1)c1ccc2c(c1)CCO2)C1CCCCC1
O=C(NCC(Oc1ccc2c(cnn2-c2ccc3cc[nH]c3c2)c1)c1cncnc1)c1ncc[nH]1
c1cc(-n2ncc3cc(OCc4ccc5c(c4)OCCO5)ccc32)c2cc[nH]c2c1
O=C(NCC(Oc1ccc2c(cnn2-c2nc(N3CCC3)ncc2-c2ccnn2C2CCOC2)c1)c1ccccc1)c1cocn1
O=C(NCC(Oc1ccc2c(cnn2-c2cn[nH]c2)c1)c1ccccc1)c1cocn1
O=C(NCC(Oc1ccc2c(cnn2-c2nncc3ncccc23)c1)c1ccc2c(c1)OCCO2)c1ccco1
O=C(NCC(Oc1ccc2c(cnn2-c2ccnc(N3CCNCC3)n2)c1)c1ccc2c(c1)CCO2)C1CC1
O=C(NCC(Oc1ccc2c(cnn2-c2ccccc2-c2ncccn2)c1)c1ccc2c(c1)OCCO2)C1CC1
O=C(NCC(Oc1ccc2c(cnn2-c2ccc3ccccc3n2)c1)c1ccccc1)c1ccno1
O=C(NCC(Oc1ccc2c(cnn2-c2cccnc2)c1)c1ccncc1)c1cnc(-c2cccs2)s1
O=C(NCC(Oc1ccc2c(cnn2-c2ccccc2)c1)c1ccccc1)c1cnoc1
O=C(NCC(Oc1ccc2c(cnn2-c2nnc[nH]2)c1)c1ccc2c(c1)OCCO2)c1ccc2c(c1)OCCO2
O=C(NCC(Oc1ccc2c(cnn2-c2csc3ccccc23)c1)c1ccccc1)c1ccccc1
O=C(Cc1cccc2ccccc12)NCC(Oc1ccc2c(cnn2-c2cccc(-n3cncn3)c2)c1)c1ccc2c(c1)OCCO2
O=C(NCC(Oc1ccc2c(cnn2-c2cc[nH]c(=Nc3ccc(N4CCOCC4)cc3)n2)c1)c1ccc2c(c1)OCC2)C1CCCOC1
O=C(NCC(Oc1ccc2c(cnn2-c2cnc3ccncc3c2)c1)c1ccccc1)c1cnoc1
O=C(NCC(Oc1ccc2c(cnn2-c2ncnc3c2CCC3)c1)c1ccccc1)c1cccnn1
C1=C2CCC(c3cccc(-n4nccn4)c3)C2Cc2cnn(-c3ccccc3)c21
O=C(NCC(Oc1ccc2c(cnn2-c2ccccc2-c2cnccn2)c1)c1ccccc1)c1ccco1
O=C(NCC(Oc1ccc2c(cnn2-c2cn[nH]c2)c1)c1ccc2c(c1)OCCO2)c1cscn1
O=C(NCC(Oc1ccc2c(cnn2-c2cc3cccnc3cn2)c1)c1ccccc1)c1ccco1
O=C(NCC(Oc1ccc2c(cnn2-c2c[nH]nn2)c1)c1ccc2c(c1)CCC2)c1ccccc1
N=c1[nH]cccc1-n1ncc2cc(OC(CNC(=O)c3cnco3)c3ccc4c(c3)OCCO4)ccc21
O=C(NCC(Oc1ccc2c(cnn2-c2cccc(N3CCCNCC3)n2)c1)c1ccc2c(c1)OCCO2)c1ccn[nH]1
O=C(NCC(Oc1ccc2c(cnn2-c2cc(-c3ccccc3)ncn2)c1)c1ccccc1)c1cnco1
O=C(NCC(Oc1ccc2c(cnn2-c2ccc3nccnc3c2)c1)c1ccccc1)c1cc[nH]n1
c1ncc2cnc(-n3ncc4cc(OCc5ccc6c(c5)CCC6)ccc43)cc2n1
O=C(NCC(Oc1ccc2c(cnn2-c2cnn(Cc3ccccn3)c2)c1)c1ccccc1)c1cocn1
O=C(NCC(Oc1ccc2c(cnn2-c2ccc3cn[nH]c3c2)c1)c1ccc2c(c1)OCCO2)c1cnccn1
O=C(NCC(Oc1ccc2c(cnn2-c2ccccc2)c1)c1ccc2c(c1)CCC2)c1ccc2ncsc2c1
O=C(NCC(Oc1ccc2c(cnn2-c2nccc3ccncc23)c1)c1ccc2c(c1)CCC2)c1ccncn1
O=C(NCC(Oc1ccc2c(cnn2-c2cc3c(cn2)ncn3C2CCC2)c1)c1ccc2c(c1)OCCO2)c1ccccc1
O=C(NCC(Oc1ccc2c(cnn2-c2ccc3nccn3c2)c1)c1ccccc1)c1csnn1
c1ccc(C2OC(c3ccncc3)c3ccccc32)cc1
O=C(Cc1ccoc1)NCC(Oc1ccc2c(cnn2-c2ccc3[nH]ncc3c2)c1)c1ccc2c(c1)OCCO2
O=C(NCC(Oc1ccc2c(cnn2-c2cncnc2)c1)c1ccccc1)c1cc[nH]n1
O=C(NCC(Oc1ccc2c(cnn2-c2ccccc2)c1)c1ccc2c(c1)OCCO2)c1ccncc1
O=C(NCC(Oc1ccc2c(cnn2-c2cnn(-c3cn[nH]c3)c2)c1)c1ccc2c(c1)CCC2)c1cccnc1
N=c1cc[nH]c(-n2ncc3cc(OC(CNC(=O)C4CCCO4)c4ccc5c(c4)OCCO5)ccc32)n1
O=C(NCC(Oc1cc2cnn(-c3cncc4ccccc34)c2cn1)c1ccc2c(c1)OCCO2)c1cnco1
O=C(NCC(Oc1ccc2c(cnn2-c2ccc(-c3ccncc3)cc2)c1)c1ccccc1)c1cn[nH]c1
O=C(NCC(Oc1ccc2c(cnn2-c2cnn(CCc3ccc4c(c3)OCCO4)c2)c1)c1ccc2c(c1)OCCO2)c1ccno1
O=C(NCC(Oc1ccc2c(cnn2-c2ccc3c(c2)CCNCC3=O)c1)c1ccccc1)c1csnn1
O=C(NCC(Oc1ccc2c(cnn2-c2cncc3ccccc23)c1)c1ccccc1)c1csnn1
O=C(NCC(Oc1ccc2c(cnn2-c2cnc(-c3ccco3)nn2)c1)c1ccc2c(c1)OCCO2)C1CCCNC1
O=C(NCC(Oc1ccc2c(cnn2-c2cccc(N3CCCCC3)n2)c1)c1ccccc1)c1cccnn1
c1ccc(-n2cc(C(Oc3ccc(-n4ncc5ccccc54)cc3)c3ccc4c(c3)OCCO4)cn2)cc1
O=C(NCC(Oc1ccc2c(cnn2-c2ncnc3c2CCC3)c1)c1ccc2c(c1)OCCN2)c1cccs1
O=C(NCC(Oc1ccc2c(cnn2-c2ccccc2)c1)c1ccc2c(c1)CCC2)c1cccnc1
C1=C2CCCC(Cc3cncnc3)C2Cc2cnn(-c3cccc4ccccc34)c21
c1ccc(-n2ncc3cc(OCc4ccsc4)ccc32)nc1
c1cncc(-c2cncc(-n3ncc4cc(OCc5ccc6c(c5)OCC6)ccc43)c2)c1
O=C(Cc1ccccc1)NCC(Oc1ccc2c(cnn2-c2cccc3nccn23)c1)c1ccc2c(c1)OCCO2
O=C(NCC(Oc1ccc2c(cnn2-c2ccc3ccnn3n2)c1)c1cccc2cccnc12)C1CCCCC1
O=C1CCc2cc(COc3ccc4c(cnn4-c4cccnc4)c3)ccc21
O=C(NCC(Oc1ccc2c(cnn2-c2ccccn2)c1)c1ccc2c(c1)CNC2)c1cnccn1
O=C(NCC(Oc1ccc2c(cnn2-c2nccc3cccnc23)c1)c1ccc2c(c1)OCCO2)c1ccccc1
O=C(Cc1cccc2occc12)NCC(Oc1ccc2c(cnn2-c2cccc(-c3ccncc3)c2)c1)c1ccc2c(c1)OCCO2
O=C(NCC(Oc1ccc2c(cnn2-c2cccnn2)c1)c1ccccn1)c1ccsc1
O=C(NCC(Oc1ccc2c(cnn2-c2cc3nccnc3cn2)c1)c1ccc2c(c1)OCCO2)c1cccc2nccnc12
O=C(NCC(Oc1ccc2c(cnn2-c2cn[nH]c2)c1)c1ccc2c(c1)OCCO2)C1(c2ccccc2)CCC1
O=C1C2CCOCCc3ccc(COc4ccc5c(cnn5-c5cnccn5)c4)cc3CCN1CC2
O=C(NCC(Oc1ccc2c(cnn2-c2nnc[nH]2)c1)c1ccccc1)c1cncnc1
c1cc(-n2ncc3cc(OCc4ccc5[nH]ccc5c4)ccc32)nc(N2CCC2)n1
O=C(NCC(Oc1ccc2c(cnn2-c2ccnc(C3CC3)n2)c1)c1ccc2c(c1)OCCO2)c1ccc2ccccc2n1
O=C(NCC(Oc1ccc2c(cnn2-c2cn[nH]c2)c1)c1ccc2c(c1)OCCCO2)c1ccccn1
O=C(NCC(Oc1ccc2c(cnn2-c2cnn(-c3ccccc3)c2)c1)c1ccccc1)c1nnco1
O=C(NCC(Oc1ccc2c(cnn2-c2cnc3[nH]c(=O)[nH]c3n2)c1)c1ccccc1)C1CCCNC1
O=C(NCC(Oc1ccc2c(cnn2-c2ccccc2-c2ccn[nH]2)c1)c1ccc2c(c1)OCCCO2)c1ccccc1
O=C(NCC(Oc1ccc2c(cnn2-c2ccnc(-c3ccccn3)c2)c1)c1ccc2c(c1)OCCO2)c1cscn1
O=C(NCC(Oc1ccc2c(cnn2-c2ncnc3c2CCC3)c1)c1ccccc1)c1ccccc1
O=C(NCC(Oc1ccc2c(cnn2-c2ccc3c(c2)OCCO3)c1)c1ccc2c(c1)OCCO2)c1cc[nH]n1
O=C(NCC(Oc1ccc2c(cnn2-c2ncccn2)c1)c1ccc2c(c1)OCCN2C(=O)C1CC1)C1CCOCC1
c1ccc(-c2oc3ccccc3c2Cn2c(CCN3CCCC3CN3CCCC4CCCCC43)cc3ccccc32)cc1
O=C(NCC(Oc1ccc2c(cnn2-c2cc(N3CCOCC3)ncn2)c1)c1ccc2c(c1)OCCO2)c1cnc[nH]1
O=C(NCC(Oc1ccc2c(cnn2-c2ccc3cnccc3n2)c1)c1ccncc1)c1csnn1
O=C(NCC(Oc1ccc2c(cnn2-c2cccc(-n3cccn3)c2)c1)c1ccc2c(c1)OCCO2)c1cnc[nH]1
O=C(NCC(Oc1ccc2c(cnn2-c2c[nH]cn2)c1)c1ccccc1)c1ccccc1
O=C(NCC(Oc1ccc2c(cnn2-c2cccc(-c3cc4ccncc4o3)c2)c1)c1ccccc1)C1(c2ccccc2)CC1
O=C(NCC(Oc1ccc2c(cnn2-c2ccccc2)c1)c1cn[nH]c1)c1ccc[nH]1
O=C(NCC(Oc1ccc2c(cnn2-c2cnc3c(c2)CCN(C2CCCC2)C3=O)c1)c1ccco1)C1CCCc2ncccc21
O=C(NCC(Oc1ccc2c(cnn2-c2nnco2)c1)c1ccccc1)c1ccco1
c1ccc(CCCCc2ccc(-n3cc(COc4ccc5c(c4)COC(c4ccc6c(c4)OCCO6)CO5)nn3)cc2)cc1
O=C(NCC(Oc1ccc2c(cnn2-c2ccn[nH]2)c1)c1ccccc1)c1[nH]nc2c1CCC2
O=C(NCC(Oc1ccc2c(cnn2-c2nnco2)c1)c1ccccc1)c1cccc2cnccc12
C(=NCCc1ccccc1)c1ccccc1
O=C(NCC(Oc1ccc2c(cnn2-c2cc3cncnc3[nH]2)c1)c1ccccc1)c1nccc2ccccc12
O=C(NCC(Oc1ccc2c(cnn2-c2ccnc(N3CCCC3)c2)c1)c1ccc2c(c1)OCCO2)c1ccncc1
c1ccc(-n2cc(CN3Cc4ccc(COc5ccc6c(cnn6-c6ccncc6)c5)cc4C3)cn2)cc1
O=c1cccc(-n2ncc3cc(OCc4ccc5c(c4)OCCO5)ccc32)[nH]1
O=C(NCC(Oc1ccc2c(cnn2-c2ccc3nc[nH]c3c2)c1)c1ccc2c(c1)OCCO2)C1NCc2ccccc21
O=C(NCC(Oc1ccc2c(cnn2-c2ncnc3c2CCCC3)c1)c1ccc2c(c1)OCCO2)C1COC2CCCN21
c1cnc(-n2ncc3cc(OCc4ccc5c(c4)OCCO5)ccc32)c(-c2ccon2)c1
O=C(NCC(Oc1ccc2c(cnn2-c2cccc3cnncc23)c1)c1ccccc1)c1cc2ccccc2[nH]1
O=C(NCC(Oc1ccc2c(cnn2-c2ccccc2-c2ccnnc2)c1)c1ccccc1)c1ccccc1
O=C(NCC(Oc1ccc2c(cnn2-c2ccccc2)c1)c1ccc2c(c1)OCCO2)c1cccnc1
O=C(NCC(Oc1ccc2c(cnn2-c2n[nH]c3ncncc23)c1)c1ccccc1)c1ccccn1
O=C1CCCc2nnc(-n3ncc4cc(OCc5ccc6c(c5)OCCO6)ccc43)n2N1
O=C(NCC(Oc1ccc2c(cnn2-c2cc(-n3nccn3)ccn2)c1)c1ccc2c(c1)OCCO2)c1ccccc1
O=C(NCC(Oc1ccc2c(cnn2-c2ccccn2)c1)c1ccc2c(c1)CCCO2)c1ccsc1
O=C(NCC(Oc1ccc2c(cnn2-c2cc3c[nH]nc3[nH]2)c1)c1ccc2c(c1)OCCCO2)c1cnccn1
O=C(NCC(Oc1ccc2c(cnn2-c2ccccn2)c1)c1ccc2c(c1)OCCCO2)c1cc2ccccc2s1
O=C(CNC(=O)c1cc2ccccc2s1)NCC(Oc1ccc2c(cnn2-c2ccccc2)c1)c1cccc2c1CCCC2
O=C(NCC(Oc1ccc2c(cnn2-c2nc3ccccc3o2)c1)c1ccc2c(c1)OCCO2)c1cncs1
O=C(NCC(Oc1ccc2c(cnn2-c2nccc3c2CCN(Cc2cccs2)C3)c1)c1ccc2c(c1)OCCO2)c1cocn1
N=c1ncc(-c2ccc3ncc(COc4ccc5c(cnn5-c5ccccc5)c4)nc3c2)c[nH]1
O=C(NCC(Oc1ccc2c(cnn2-c2n[nH]c3ccccc23)c1)c1ccccc1)c1cn[nH]c1
O=C(NCC(Oc1ccc2c(cnn2-c2cccc(-n3nccn3)c2)c1)c1ccccc1)c1csc2ccccc12
O=C(NCC(Oc1ccc2c(cnn2-c2cn[nH]c2)c1)c1ccccc1)c1cccc2ccccc12
c1cc2c(cc1COc1ccc3c(cnn3-c3csc(N4CCNCC4)n3)c1)OCCO2
O=C(NCC(Oc1ccc2c(cnn2-c2ccn[nH]2)c1)c1ccc2c(c1)OCCO2)c1ccsc1
c1cc(-c2ncon2)c(-n2ncc3cc(OCc4ccc5c(c4)OCCO5)ccc32)cn1
O=C(Cc1cccs1)NCC(Oc1ccc2c(cnn2-c2cnc3ncnn3c2)c1)c1ccccc1
O=C(CCCc1ccccc1)NCC(Oc1ccc2c(cnn2-c2ccccn2)c1)c1ccccc1
O=c1[nH]cnc2ccc(-n3ncc4cc(OCc5ccc6c(c5)OCCO6)ccc43)cc12
O=C(NCC(Oc1ccc2c(cnn2-c2cccc3[nH]ncc23)c1)c1ccc2cccnc2c1)c1cscn1
O=C(NCC(Oc1ccc2c(cnn2-c2ncnn2-c2ccccc2)c1)c1ccccc1)c1ccc2cnccc2c1
O=C(NCC(Oc1ccc2c(cnn2-c2cc3ccccc3cn2)c1)c1cccc(-n2cccn2)c1)c1ccoc1
O=C(NCC(Oc1ccc2c(cnn2-c2ccc3sccc3c2)c1)c1ccc2c(c1)OCCO2)c1cccs1
O=C(NCC(Oc1ccc2c(cnn2-c2ccnc(N3CCCCC3)n2)c1)c1ccc2c(c1)OCCO2)c1ccc2c(c1)OCCO2
c1ccccc1
O=C(NCC(Oc1ccc2c(cnn2-c2ccnc(N3CCCC3)n2)c1)c1ccccc1)c1csnn1
O=C(NCC(Oc1ccc2c(cnn2-c2cccc3c(=O)[nH]cnc23)c1)c1ccccc1)c1cnns1
O=C(NCC(Oc1ccc2c(cnn2-c2cccc(-n3ccnc3)c2)c1)c1ccc2c(c1)OCCCO2)C1CCC1
O=C(NCC(Oc1ccc2c(cnn2-c2ccc3cnccc3c2)c1)c1ccc2[nH]ccc2c1)C1CCC1
O=C(NCC(Oc1ccc2c(cnn2-c2cc3nccn3cn2)c1)c1ccccc1)c1ccsc1
N=c1nc(-n2ncc3cc(OC(CNC(=O)c4cocn4)c4ccc5c(c4)OCCO5)ccc32)cc[nH]1
O=C(NCC(Oc1ccc2c(cnn2-c2ccc3ccncc3c2)c1)c1cnccn1)c1cccc2ccccc12
O=C(NCC(Oc1ccc2c(cnn2-c2ncc3nc(N4CCOCC4)ccc3n2)c1)c1ccccc1)c1csnn1
O=C(NCC(Oc1ccc2c(cnn2-c2cnc3ccccn23)c1)c1ccccc1)c1ccccc1
O=C(NCC(Oc1ccc2c(cnn2-c2ccncc2)c1)c1ccc2c(c1)OCCC2)c1ccco1
O=C(NCC(Oc1ccc2c(cnn2-c2cnc3c(c2)CCN3)c1)c1ccc2c(c1)OCCO2)c1ccccc1
O=C(NCC(Oc1ccc2c(cnn2-c2nnc(N3CCOCC3)o2)c1)c1ccc2c(c1)OCCO2)c1cnccn1
O=C(NCC(Oc1ccc2c(cnn2-c2nccnc2C2CC2)c1)c1ccc2c(c1)OCCO2)c1cccs1
O=C(NCC(Oc1ccc2c(cnn2-c2cn(-c3cn[nH]c3)cn2)c1)c1ccccc1)c1cc2ccccc2[nH]1
O=C(Cc1ccccc1)NCC(Oc1ccc2c(cnn2-c2ccn3nnnc3c2)c1)c1ccc2c(c1)OCCO2
O=C1NCc2ccc(-n3ncc4cc(OCc5ccc6c(c5)OCCO6)ccc43)cc21
O=C(NCC(Oc1ccc2c(cnn2-c2ccccc2)c1)c1ccccc1)c1cscn1
O=C(NCC(Oc1ccc2c(cnn2-c2nccc3[nH]ncc23)c1)c1ccc2c(c1)OCCO2)c1cncc2ccoc12
O=C(NCC(Oc1ccc2c(cnn2-c2cc(N3CCNCC3)ncn2)c1)c1ccccc1)c1ccccc1
O=C(NCC(Oc1ccc2c(cnn2-c2nccc3c2CCNC3)c1)c1ccccc1)c1ccn[nH]1
N=c1cc[nH]c(-n2ncc3cc(OC(CNC(=O)c4cscn4)c4ccccc4)ccc32)n1
O=C(NCC(Oc1ccc2c(cnn2-c2cc(-c3cc4ccccc4o3)ccn2)c1)c1ccc2c(c1)OCCO2)C1CCCOC1
c1cc(-c2cccc3ccccc23)cc(-n2ncc3cc(OCc4ccc5c(c4)CCO5)ccc32)c1
O=C(NCC(Oc1ccc2c(cnn2-c2ncnc3[nH]ccc23)c1)c1ccc2c(c1)CCC2)C1CCCNC1
O=C(NCC(Oc1ccc2c(cnn2-c2ccccc2)c1)c1cccnc1)c1cn[nH]c1
N=c1nc(-n2ncc3cc(OC(CNC(=O)c4ccncc4)c4ccccc4)ccc32)cc[nH]1
O=C(NCC(Oc1ccc2c(cnn2-c2nncc3ccccc23)c1)c1ccccc1)c1cscn1
N=c1nc(-n2ncc3cc(OC(CNC(=O)c4ncco4)c4ccccc4)ccc32)o[nH]1
O=C(NCC(Oc1ccc2c(cnn2-c2cnc3ncncc3n2)c1)c1ccc2c(c1)OCCO2)c1ccncc1
O=C(NCC(Oc1ccc2c(cnn2-c2ccc3c(c2)CCCN3)c1)c1ccc2c(c1)OCCO2)c1cnoc1
O=C1NC2(C(=O)NCC(Oc3ccc4c(cnn4-c4cccnn4)c3)c3ccccc3)C=NN=CC=C1CCCCC2
O=C(NCC(Oc1ccc2c(cnn2-c2cccc(C3CC3)n2)c1)c1ccc2c(c1)CCC2)C1CCCC1
c1cc(CN=c2cc(NC3CC3)n3[nH]ccc3n2)cc(-n2cccn2)c1
O=C(NCC(Oc1ccc2c(cnn2-c2ccc3cnccc3c2)c1)c1ccc2c(c1)OCCO2)c1cnco1
O=C(Cc1ccc2[nH]nnc2c1)NCC(Oc1ccc2c(cnn2-c2cnc(-n3cccn3)cn2)c1)c1ccc2c(c1)OCCO2
O=C(NCC(Oc1ccc2c(cnn2-c2nccc3ncccc23)c1)c1cncnc1)c1cccnc1
O=C(NCC(Oc1ccc2c(cnn2-c2cnc3oc(=O)[nH]c3c2)c1)c1ccc2c(c1)COC2)C1COCCO1
O=C(NCC(Oc1ccc2c(cnn2-c2cccc(C(=O)N3CCCC3)c2)c1)c1ccc2c(c1)OCCO2)c1cnoc1
O=C(NCC(Oc1ccc2c(cnn2-c2ncc3ccccc3n2)c1)c1ccccc1)c1cnoc1
